0
66
-94
-93
-72
-13
4
-44
4
37
-25
71
22
34
132
209
151
228
96
-34
-52
-14
-19
25
-42
12
-40
-17
-57
-66
-4
59
50
80
100
97
103
113
58
16
10
98
109
136
336
214
17
-22
37
64
7
16
19
39
0
68
97
4
25
-12
-33
-17
-29
6
38
99
137
184
164
169
122
2
8
40
134
132
118
69
-11
-2
-69
-73
13
-42
-29
-70
-60
82
135
195
112
88
-1
9
21
87
84
146
136
131
60
150
130
151
37
123
64
155
192
132
148
128
70
58
-8
-30
-55
-10
-161
-251
-331
-342
-380
-342
-298
-231
-129
-97
-20
-90
-55
48
168
170
165
85
21
-105
-116
-230
-294
-247
-186
-90
-103
-178
11
70
43
-45
-44
89
195
184
145
129
172
205
172
114
176
193
102
129
80
163
232
422
368
295
249
-26
-135
-162
-81
92
163
192
151
69
114
162
101
96
-42
-106
-109
-98
-136
-101
-92
-62
-69
-27
11
75
103
115
20
43
53
10
58
67
100
51
-28
-10
17
70
52
40
40
5
27
53
49
-7
21
43
54
36
80
55
16
0
32
50
22
27
20
17
26
18
72
20
64
74
6
29
57
12
52
0
-4
29
4
-1
-7
6
37
51
48
11
21
-7
43
20
40
57
23
-25
2
32
6
22
16
38
6
7
18
51
-7
-9
-2
44
54
48
9
19
20
25
44
7
39
32
41
42
41
12
-20
0
19
20
4
-4
37
16
21
11
-21
-8
2
42
42
35
34
26
20
-23
6
-6
5
28
25
33
52
28
28
44
41
50
18
37
45
45
4
71
55
33
-4
-10
32
44
-5
29
44
21
6
48
56
28
26
-3
11
24
33
25
38
24
23
57
4
34
55
39
37
38
73
89
41
41
55
21
10
80
176
92
39
26
2
25
45
39
73
18
6
18
64
103
10
0
27
90
42
71
72
12
49
65
48
64
89
37
57
57
48
28
33
19
9
-7
16
-21
51
106
74
25
26
23
-21
12
70
37
88
41
22
28
38
27
43
11
51
35
146
225
176
236
268
274
151
-49
-68
-1
106
172
75
7
-133
-154
-41
-152
-115
-145
-251
-225
-206
-73
-122
-12
8
26
59
52
50
38
40
57
83
59
80
74
89
58
87
21
96
42
-6
59
91
87
29
27
60
25
2
66
-10
60
50
52
6
19
23
38
86
58
75
36
21
34
52
26
34
33
64
36
40
54
49
82
66
59
-23
25
25
23
38
57
32
4
41
57
27
41
19
17
69
53
37
61
76
-29
26
42
64
39
20
73
97
69
18
34
42
53
42
48
85
72
64
49
43
38
32
5
16
20
54
27
44
88
34
28
50
35
35
26
42
73
64
33
34
20
34
67
20
54
23
19
44
65
8
27
37
-21
-19
-34
-2
5
13
56
9
33
27
17
33
32
51
156
90
20
-24
-5
-26
35
23
52
28
70
85
80
28
-43
20
4
2
6
12
53
75
56
60
27
20
34
28
24
1
43
56
45
102
82
3
-1
24
27
27
49
20
11
38
35
42
53
12
-3
21
-12
-6
22
61
24
75
34
32
36
26
-6
48
18
7
12
52
48
6
58
56
17
57
34
11
1
8
37
43
37
-35
9
1
8
53
19
7
-1
16
41
7
16
-22
19
10
8
20
6
-10
0
49
26
52
55
26
23
20
16
10
22
9
39
-1
29
36
36
28
71
27
2
82
42
38
10
54
12
36
-26
24
26
0
66
40
40
-26
109
64
66
5
26
3
-13
17
-25
36
32
35
69
16
41
57
27
90
2
40
72
103
71
54
-42
43
38
16
92
1
37
-10
55
3
41
71
42
19
11
6
8
41
-11
9
8
61
59
18
43
34
-38
43
29
35
-2
4
-38
-19
-28
44
54
56
-60
-33
26
22
55
-40
139
28
-6
-19
-6
57
75
72
10
-11
-14
66
57
52
105
6
37
35
81
54
53
58
128
82
50
28
53
-4
-13
-53
-29
3
-18
-49
-61
-21
-25
12
16
7
45
52
101
117
136
103
112
124
38
-21
-30
124
163
183
145
87
98
-23
-69
-23
-105
-97
-68
-39
-56
55
-19
-13
12
11
0
-18
21
43
19
140
91
20
32
50
134
39
49
-30
391
268
214
156
93
57
-13
-155
-150
-142
-115
-61
-49
36
53
37
26
22
20
20
37
83
11
32
16
69
26
4
33
5
51
-11
-2
12
37
26
28
10
58
58
74
52
39
16
22
12
64
36
81
50
5
52
89
83
65
75
60
16
0
17
49
67
98
-73
155
156
18
-35
-68
-24
-18
16
41
99
4
38
-20
22
50
25
4
113
151
35
18
-22
6
32
-35
-45
-107
-19
21
73
12
87
149
176
134
103
-58
-53
-84
85
38
101
-54
103
73
178
194
247
315
261
253
71
168
114
124
-123
-147
-70
-92
25
-9