0
39
89
90
37
8
-12
-2
6
-3
50
100
97
64
24
-8
4
7
4
-27
-2
55
104
73
74
-23
3
-27
-81
2
55
100
155
-10
-20
-30
5
89
17
34
45
107
66
-1
34
35
34
9
-68
-87
-41
-55
13
2
-42
-52
-26
-11
38
43
128
136
84
58
34
7
70
-3
23
44
9
55
50
39
21
48
81
33
26
-5
11
28
29
50
23
27
34
60
56
-12
17
21
67
-8
135
117
55
-2
11
-2
12
-6
-43
-27
24
2
42
44
20
24
7
32
19
12
68
58
34
36
28
-7
-8
42
57
6
54
57
38
-5
34
-26
-29
24
17
44
60
7
80
49
64
8
32
42
-11
50
34
25
55
4
38
67
90
23
32
-1
22
65
41
13
28
29
25
66
44
41
85
40
41
7
4
0
1
21
9
20
-1
24
55
3
32
35
54
-17
37
52
74
26
9
10
49
66
9
28
50
-5
25
18
12
69
55
64
20
-28
7
48
26
2
2
53
13
29
-6
35
59
65
52
51
49
21
29
20
28
71
16
6
23
11
66
33
33
24
37
28
60
104
57
57
25
36
43
49
50
18
41
28
18
23
3
26
38
87
41
2
37
7
40
40
39
42
9
5
76
45
32
11
69
27
43
9
74
45
32
37
22
36
58
72
43
40
23
26
9
-5
4
35
45
43
44
50
33
71
76
54
44
18
12
22
-24
0
37
70
36
67
24
37
35
-3
24
-29
44
4
37
18
107
99
49
51
-23
-43
34
41
28
54
48
24
-7
-11
17
9
25
72
113
104
116
65
68
24
36
-5
18
39
-9
33
59
53
26
16
43
35
5
55
84
36
70
57
73
-5
34
6
66
70
76
48
41
4
9
5
60
35
10
54
58
59
33
26
33
35
42
38
83
87
98
60
22
39
117
123
58
18
11
23
-11
35
27
54
55
-3
28
29
51
18
49
19
-3
20
-29
29
5
-39
-21
10
32
20
16
13
7
29
54
49
9
27
22
57
58
38
37
68
18
60
99
138
135
69
76
43
44
28
-2
5
7
-6
12
-2
2
11
18
51
98
183
203
180
136
74
56
-65
-88
-77
-82
-90
4
83
64
144
113
22
1
3
-43
-54
-98
-102
-24
-39
-65
-27
26
39
65
28
9
34
38
39
55
101
84
54
72
66
22
90
91
8
55
88
82
81
1
16
51
176
227
196
181
13
-104
-155
-69
-12
24
21
22
-12
-45
107
149
125
11
-81
-108
-67
-87
-61
-39
40
104
35
23
11
20
37
39
98
64
87
51
56
-2
1
73
80
18
29
54
54
67
58
0
-7
-5
5
12
-11
-20
48
68
8
34
39
36
41
53
43
18
18
22
48
41
16
35
43
60
-20
67
65
3
-14
11
-12
20
43
17
70
24
27
38
6
16
2
48
60
8
44
26
22
11
70
57
73
56
74
41
73
42
-3
108
128
242
146
50
57
-19
-89
-163
-73
-53
-21
-44
1
134
135
178
27
-21
-21
-19
-26
-3
-38
-1
4
-9
27
-50
-38
39
50
40
23
43
4
2
53
98
52
27
-54
6
41
60
72
53
20
29
58
55
70
67
25
50
-1
17
17
58
-13
26
13
1
50
23
8
43
26
39
69
105
19
35
9
19
82
38
28
44
20
-1
27
32
7
26
37
53
57
7
36
38
-8
25
27
60
51
71
41
85
23
33
11
57
59
66
-7
25
27
71
55
48
34
20
69
24
58
-7
35
53
73
96
87
152
54
17
21
51
26
2
-6
35
41
-7
-35
-50
10
2
56
24
42
28
67
28
61
55
27
11
35
85
70
33
53
55
27
19
66
97
155
69
-3
64
22
-27
24
6
1
22
42
7
13
-17
22
19
10
24
-6
45
19
38
48
24
50
25
59
9
40
2
2
-11
-3
-11
18
41
40
39
-26
35
20
1
-10
54
22
56
44
16
26
42
60
4
48
80
128
182
162
75
-22
-49
-134
-142
-55
-65
-10
18
-4
54
42
87
35
41
12
27
24
10
37
58
98
169
153
7
-42
-44
-12
-4
22
40
5
33
-12
-11
20
6
29
20
11
72
58
41
73
43
-21
8
18
27
123
10
-4
8
-10
8
-38
3
13
-39
48
119
38
-22
32
10
38
19
18
74
49
-7
-19
51
48
65
102
-52
54
104
49
28
39
-53
-19
76
74
69
20
-37
24
0
60
12
17
116
18
84
50
35
-4
3
-11
20
41
22
25
24
25
28
-13
22
-43
-3
121
124
41
64
18
3
-6
-6
27
33
23
-10
-9
42
72
25
28
18
-34
52
91
35
28
35
25
49
70
-8
18
64
34
68
6
36
28
54
54
28
33
38
45
11
7
6
33
8
54
32
-9
3
16
60
32
33
18
55
-1
-7
50
56
41
70
35
21
6
35
112
57
25