0
61
-17
51
-30
-27
7
87
34
64
56
25
38
-23
43
-53
64
-2
-8
36
92
-1
36
89
41
66
32
34
2
40
88
77
93
80
43
12
-45
84
160
356
440
442
288
155
40
2
-250
-184
-104
34
-100
-92
-170
-131
-1
-4
16
32
28
-35
99
68
-85
20
105
57
121
-51
-70
-279
-198
-121
-88
-36
251
256
37
26
-70
132
304
500
120
-87
-227
-307
-254
-166
-182
-181
42
155
220
212
316
442
291
69
144
44
-66
-90
-123
-251
-296
-235
-171
7
-30
-18
-4
-14
257
52
-99
-195
112
81
123
144
137
232
65
137
86
81
93
224
392
215
328
68
170
-118
-124
-100
11
75
185
-58
-167
-238
-238
-139
-306
-178
-264
11
371
599
517
441
-21
-231
-313
-404
-285
-188
-232
-99
-10
54
34
242
723
801
616
259
93
52
-185
17
-109
-235
-406
-380
-428
-246
-92
69
231
389
100
-99
-93
-99
121
148
27
459
682
656
388
213
-52
-348
-290
-364
-387
-373
-203
-179
-73
-83
-1
131
499
536
483
253
224
-60
-130
-190
-153
-172
-107
116
250
320
122
-210
-198
-333
-385
-226
-259
-89
-3
113
248
245
33
57
23
116
215
297
332
311
355
77
18
90
53
32
-39
-23
-161
-56
-3
73
39
-73
-3
22
-53
-69
20
-50
83
-22
-119
122
96
3
-157
23
3
54
115
-67
107
25
34
256
310
283
202
211
341
99
101
67
-49
-136
-218
-179
-99
-66
3
2
-53
347
268
-149
-105
-103
-292
-178
233
169
149
96
201
-157
-89
70
-76
-231
-234
-189
-34
-131
28
22
128
215
40
92
163
39
470
81
-317
-475
-457
-266
-179
-45
393
801
1252
825
-73
-183
-209
-314
-181
-28
-36
-237
5
97
123
12
22
26
-1
1
11
117
153
140
151
9
44
121
128
213
212
177
147
113
100
-9
-51
-186
-129
-212
-45
69
234
81
3
3
1
-84
-65
-13
-27
67
135
244
342
292
290
-70
-308
-439
-404
-219
-142
-146
-36
-85
-156
50
133
135
37
-39
-172
-92
-89
-7
-14
-4
109
147
55
-109
65
-2
253
268
-19
-56
-132
-229
-183
-89
-88
39
164
195
61
9
-55
242
121
257
496
640
263
256
-33
-5
-132
-67
-179
55
153
305
187
324
752
713
552
-103
-347
-596
-454
-330
-282
-232
-264
-373
-137
43
35
179
386
341
256
89
-37
4
-5
89
-131
-104
-107
101
163
-17
-36
-57
19
8
56
113
43
2
74
23
-82
-133
-74
36
121
68
-4
-68
4
91
161
197
152
58
101
101
-17
-19
43
45
118
117
-23
5
57
7
169
453
522
375
73
-75
-187
-317
-141
2
93
186
322
246
278
314
247
106
-51
-46
-115
-107
-142
-177
-157
-171
-158
42
49
70
34
-89
-156
-45
-68
-26
0
-4
28
229
157
50
-5
0
-24
-19
27
50
-149
-72
-119
-13
76
-19
44
76
98
52
117
64
-72
42
21
152
136
185
231
189
65
-34
73
131
132
50
411
277
43
-121
-183
-324
49
121
155
24
-148
39
-173
-199
-187
-121
-60
-152
-196
-145
-40
-38
22
-3
-73
-27
-11
182
140
86
-1
87
56
64
-22
11
91
50
106
-11
177
96
98
183
210
168
211
293
73
6
-121
-9
-24
-11
145
34
-37
-35
-87
-4
-107
-123
176
97
114
83
55
-90
-46
-82
-140
72
153
176
299
288
199
57
-55
61
234
508
386
23
230
-158
-616
-614
-837
-570
-283
-167
23
134
45
355
308
154
-23
77
153
205
154
187
121
199
362
198
326
427
155
-11
-167
-196
186
25
-62
20
-138
181
213
167
123
196
22
107
345
594
299
372
-202
-459
-514
-260
-428
-301
-211
-72
77
48
184
89
215
220
24
-173
-9
147
209
100
-123
91
42
51
-36
140
209
24
21
34
101
68
160
51
-12
108
17
-34
53
86
76
1
177
9
-25
88
-26
136
177
336
483
121
288
-70
-155
-333
-317
-397
-174
12
-125
57
-53
-66
26
37
-34
-21
81
67
161
104
108
34
147
35
2
-67
37
85
4
29
-12
-26
67
66
-49
34
73
87
8
135
34
-41
-70
104
213
58
24
129
74
-53
3
-82
26
-13
-101
-44
76
68
28
50
85
-23
-12
-52
-36
-90
51
92
-51
-68
2
98
27
108
92
32
107
154
98
116
-27
-102
25
148
-71
-53
-73
99
65
60
5
-74
125
52
-9
-42
59
19
-44
123
56
34
-52
48
-59
35
133
93
67
43
49
1
3
-82
26
69
107
24
8
34
-5
-46
99
13
-34
-41
74
85
82
23
23
-84
-4
21
154
-100
119
114
26
-53
48
109
53
50
8
50
-72
-33
13
56
64
43
25
66
43
75
32
-2
105
-28
43
-5
-9
51
113
-21
36
53
61
58
184
-3
28
-2
49
6
80
-74
68
-21
38
1
77
69
26
-11
-6
43
34
-27
-3
17
64
12
-23
-30
87
17
102
55
19
35
87
54
58
75
23
10
-29
43
24
141
-14
-21
1
-2
21
37
26
25
3
-97
-13
-19
16
-17
67
32
71
-37
49
12