0
34
29
21
0
39
25
27
-12
-21
7
41
1
65
114
90
137
90
57
-58
9
-27
-67
-36
-56
-88
-25
26
-7
7
50
23
32
108
66
42
34
-12
37
-22
33
64
81
33
-9
34
-17
-35
89
93
57
32
-41
-51
-59
-22
-60
-9
-20
12
115
89
80
-1
20
-35
-7
26
77
17
139
90
52
122
162
150
64
12
-113
-113
-105
-17
-23
55
-3
74
121
136
114
33
16
-84
4
25
98
121
140
135
58
76
131
265
266
218
168
-25
-221
-203
-220
-93
32
19
88
12
-50
-9
29
-10
-56
-149
-202
-196
-129
-122
-53
2
73
-14
88
19
11
37
52
83
59
107
77
60
52
137
118
69
56
-10
-21
-53
-2
90
50
21
-73
5
12
44
67
51
57
50
-5
-65
-61
74
86
76
75
115
55
1
6
145
215
121
153
1
-7
-56
134
5
-132
-7
-77
-107
-5
3
-71
99
263
203
164
52
226
101
21
-33
-242
-106
-13
1
-22
-9
52
60
98
54
35
-26
161
-36
43
43
51
83
144
182
43
161
230
74
89
8
115
17
91
101
134
82
-26
85
108
0
-66
-4
-45
-51
9
51
25
101
210
315
249
194
34
89
51
148
136
33
-39
-59
-73
-93
-81
-5
6
-9
27
-81
-179
-146
-102
-21
-41
-26
-40
52
-18
25
26
34
29
69
58
54
41
65
113
60
82
71
50
60
23
-9
-18
85
65
113
6
74
2
3
5
-10
-49
13
-17
58
10
152
100
5
18
-11
32
10
50
55
106
128
71
107
42
42
76
25
-8
-39
39
98
101
105
117
52
54
38
53
27
74
48
56
44
-38
-66
-93
-65
-89
-7
-56
11
16
27
49
53
45
50
66
81
-34
1
0
-6
-40
18
99
125
65
52
67
27
66
3
11
-4
55
105
65
90
84
119
97
200
183
116
-10
9
-19
-76
22
7
-51
-99
-78
-73
-62
-50
-60
-38
26
86
103
58
44
-8
5
-34
-49
-45
-25
20
130
117
141
200
249
193
90
-1
-89
-82
-43
55
41
29
-50
-29
-3
43
-42
-25
-45
-18
-43
-8
3
-61
-45
-68
-49
-36
10
25
9
2
60
59
61
-19
41
26
60
52
58
48
76
51
58
36
36
27
40
-21
35
55
49
-18
25
43
22
20
48
21
10
51
10
71
101
57
87
59
39
26
57
35
-18
-17
-1
-35
26
-4
18
-18
34
32
20
48
37
41
0
-27
-37
-20
8
10
45
-1
40
2
58
48
39
80
25
81
52
84
74
35
-58
-54
-26
5
-8
7
36
51
2
56
97
108
57
49
-37
-1
29
140
34
60
-27
-33
-6
69
96
92
74
12
-11
-23
6
34
8
22
86
75
99
101
80
41
-21
-13
2
-30
-36
-21
-38
-7
-25
17
13
21
-1
41
45
34
48
10
61
86
48
75
24
-23
-1
20
52
-36
2
66
34
38
104
56
50
40
-39
10
38
10
76
80
7
22
3
32
20
73
72
40
42
33
21
23
7
26
38
58
19
-1
17
42
64
80
76
54
9
55
75
67
74
35
27
43
39
27
56
33
68
52
84
65
-7
12
49
40
35
21
-9
41
-35
27
-9
33
10
68
71
37
56
98
65
82
55
125
65
37
49
60
28
43
56
10
-68
-5
2
-6
100
135
3
9
-3
9
8
43
53
89
59
44
69
26
39
43
121
53
39
32
1
40
37
52
81
53
16
48
29
19
57
44
76
-18
27
57
21
-13
54
83
59
33
38
29
13
64
41
82
49
22
17
52
37
10
73
33
44
59
17
25
34
32
17
76
61
28
24
-6
20
19
70
58
50
53
22
37
0
43
32
18
27
41
4
4
53
7
24
58
37
4
61
41
42
92
103
64
56
8
-11
-7
-54
-42
10
-2
34
70
72
90
66
116
91
41
48
35
-11
8
6
80
136
169
96
41
35
3
42
74
59
28
-69
-86
-110
-74
-60
-101
-36
-59
-68
16
52
59
44
59
54
-9
81
56
75
100
38
-40
-30
-40
-18
-26
35
48
-25
-40
-50
-1
21
90
32
43
8
35
2
24
17
55
53
66
9
19
6
65
25
80
-19
-3
-6
-6
53
90
37
35
8
-39
-25
21
8
5
24
3
-23
33
114
40
56
76
65
52
89
36
1
19
3
19
-34
-1
-8
-6
23
-2
41
179
124
20
7
6
44
55
57
-18
-12
21
58
-19
49
27
87
25
26
20
11
45
37
64
9
33
19
20
24
120
54
42
89
113
44
25
44
1
48
10
10
3
-23
12
-4
74
82
53
69
35
8
37
52
67
-2
38
49
65
102
34
19
104
29
53
71
100
108
118
178
208
151
71
34
37
-52
-104
-150
-213
-233
-219
-210
-188
-88
-181
-88
-157
6
157
234
300
179
44
-130
-165
-135
-39
188
324
108
23
-66
-45
-140
28
-27
73
42
50
23
-62
34
72
116
121
107
105
208
194
138
99
118
64