0
106
28
71
23
-40
71
123
162
533
503
336
139
20
-214
-376
-403
-377
-228
-115
-106
-134
3
-6
70
55
8
101
85
93
66
64
38
96
38
24
34
32
144
54
64
-26
18
109
-14
56
75
98
72
37
13
-14
41
84
12
32
74
68
-20
96
27
85
19
120
74
-5
29
36
9
17
17
41
-8
50
-24
89
108
7
-66
32
119
51
51
10
-42
33
16
41
65
81
70
10
-6
-98
118
82
152
58
19
-56
27
70
67
97
35
64
-7
23
1
28
37
86
118
49
0
-49
38
103
97
16
128
34
16
-30
86
-69
24
89
27
32
-57
80
51
7
84
-38
69
57
77
33
32
53
17
1
4
84
39
102
221
345
392
280
135
55
-142
-290
-258
-318
-166
-186
-185
-123
40
77
-3
11
60
75
61
93
102
50
-113
27
-35
26
32
58
52
11
-17
119
12
-41
117
88
52
26
-18
5
77
65
10
-19
45
83
9
36
12
-4
29
56
37
-2
114
-21
69
69
106
135
-87
89
-44
26
52
26
-33
-33
-56
49
-3
-6
49
74
37
25
-35
-4
27
5
27
103
18
96
4
-60
48
57
68
26
118
-60
-1
45
41
73
80
-37
55
10
74
17
-24
107
27
-20
48
32
41
-75
26
-58
-11
56
-10
33
19
80
67
6
28
48
72
19
55
33
66
-30
83
-30
0
60
20
48
35
53
-56
156
132
54
-8
49
8
66
21
104
20
36
-23
-39
20
-26
48
48
-1
73
75
20
-18
1
49
55
68
224
427
563
512
242
80
-210
-449
-339
-341
-248
-219
-100
-67
11
27
72
-9
8
118
144
56
217
54
150
7
12
-6
-3
-18
73
65
129
56
-13
8
49
16
-1
4
16
-22
12
11
2
23
22
35
-20
39
24
101
-35
27
87
93
98
22
32
35
107
-10
52
74
20
-37
66
48
-26
11
-13
69
11
74
37
-8
41
-24
69
55
76
72
54
-8
34
12
105
53
54
-7
-41
-55
-36
41
48
119
61
44
-24
-37
102
-7
34
82
118
-18
120
58
-13
119
115
52
38
89
18
-7
81
82
9
13
34
39
-3
12
-3
44
35
24
40
83
28
-37
-8
20
1
93
-4
103
-72
40
3
113
114
87
-14
50
26
84
41
22
108
44
50
54
86
-18
-39
-119
8
75
-9
66
55
129
7
3
50
120
-10
98
28
51
117
51
9
81
99
41
-97
-10
81
25
40
-18
-26
48
-89
64
-66
-172
-72
3
-85
0
70
-56
34
76
-99
193
-18
-1
139
70
-91
100
97
-10
-18
60
51
7
-34
6
83
69
131
-14
19
20
52
2
74
-19
-30
-26
12
112
134
23
133
101
248
442
473
624
413
156
-81
-202
-317
-369
-539
-455
-420
-263
-167
-34
82
108
91
65
83
82
74
136
192
68
96
119
53
-38
183
-42
102
41
67
73
27
8
109
-55
-53
67
-17
-11
43
37
-1
24
88
27
73
-11
-4
87
42
-42
54
60
4
54
-13
148
269
99
209
32
-65
-55
76
72
89
64
106
-5
80
1
2
-20
27
21
83
57
45
92
-19
116
44
108
91
43
68
32
73
35
-13
-35
50
3
49
6
98
-12
44
-37
73
87
121
-6
-2
71
33
57
48
16
87
52
10
140
-3
66
120
309
451
658
541
385
114
-178
-203
-354
-390
-269
-196
-232
-184
-23
38
-6
32
-10
-24
85
-78
68
7
-9
76
154
3
50
-25
-26
-61
55
100
48
1
122
84
85
26
90
27
65
12
92
89
9
148
38
100
44
-6
103
64
-42
41
53
1
82
-8
54
71
48
43
-4
35
87
19
86
-28
96
120
59
25
-136
11
-45
8
-41
-50
-72
-22
-34
-12
66
-18
-75
13
-29
40
-25
104
91
77
34
17
-34
28
38
50
6
43
-77
-83
27
122
60
48
23
-33
7
44
45
-71
112
98
116
172
22
-60
124
-66
29
54
24
152
60
57
-25
-88
60
33
40
-25
38
64
96
96
12
68
89
-61
54
-21
50
23
-40
-43
29
-20
27
28
82
-17
-5
90
84
-24
97
103
1
76
45
44
0
-74
21
8
113
37
101
38
164
21
90
1
49
26
19
-34
-69
98
9
-10
-20
68
75
85
80
52
72
-5
75
13
-50
19
90
51
34
-33
35
66
161
52
52
32
18
28
153
-1
50
20
4
56
32
-29
6
70
87
54
96
38
146
68
53
-36
-50
-38
134
98
41
1
104
-18
182
320
357
448
524
434
349
299
5
-189
-178
-331
-317
-249
-316
-312
-283
-268
-87
-113
52
-45
-18
90
59
44
148
26
40
-26
-8
-20
16
-37
53
-9
-71
-52
-58
-6
171
69
179
108
-22
44
-2
-61
-22
56
53
71
-90
41
-74
-2
80
87
-78
-3
-27
52
60
0
-58
38
-35
27
9
66
118
6
90
-20
41
51
81
-13
-97
-29
16
55
12
97
-86
91
12
50
58
-35
-89
22
38
109
54
162
61
27
40
91