0
-22
-1
3
55
109
134
113
91
42
86
33
-19
-34
-56
-93
-115
-104
-27
48
101
149
112
8
8
-5
-9
101
168
89
101
2
2
1
-68
-66
-59
-11
-147
19
34
-473
-233
-230
-119
-68
519
515
373
181
-92
-124
28
260
338
259
148
146
90
82
35
-4
0
-2
-28
-19
-9
28
18
9
67
52
22
43
23
11
37
11
52
-28
-38
-46
18
38
36
25
-9
26
19
17
7
-24
-35
28
-14
13
-10
-10
8
28
52
27
20
74
49
21
26
118
29
27
-6
9
22
-10
-74
-55
26
49
-3
101
90
49
12
42
55
87
57
71
48
68
102
59
56
11
19
56
33
13
67
32
5
50
10
7
16
16
19
16
-6
-27
-18
70
25
22
19
65
22
64
27
28
19
68
22
23
-22
-2
33
19
8
35
27
18
36
56
28
-11
27
4
37
51
36
24
39
27
72
104
54
-56
49
35
12
21
20
23
41
28
42
39
12
24
57
97
11
97
-26
76
18
71
22
-6
59
131
36
36
34
42
39
9
6
-3
149
187
112
85
-18
-86
-119
-18
32
34
77
-21
-75
-107
9
16
-100
-57
-40
-30
19
9
36
44
51
96
100
80
66
48
36
27
35
39
85
56
32
99
119
132
109
124
23
53
-45
-110
-105
-58
104
289
421
416
315
82
-108
-124
-185
-85
-86
-34
139
123
138
231
289
136
70
-53
-168
-197
-150
-130
-102
-57
1
21
55
133
86
20
-71
-50
-13
7
26
42
61
86
180
201
130
82
-59
-88
-88
-43
49
20
-43
0
8
-135
-75
-146
-154
-54
-72
-162
-172
0
-34
-33
7
11
131
88
18
16
-4
-25
44
71
52
-6
36
26
-26
124
98
136
130
88
66
43
48
8
-23
38
51
43
19
-1
10
18
-45
82
129
133
165
215
80
59
24
41
55
59
27
54
-36
39
8
-5
73
37
161
-75
77
92
10
-29
66
19
90
150
112
118
104
84
215
177
183
249
119
145
13
-65
-54
-58
36
-10
-9
-97
3
53
109
97
-8
-50
-33
-35
12
27
19
23
39
86
129
137
39
60
60
51
25
17
16
-24
20
35
19
32
70
42
32
8
-8
33
42
54
19
23
25
54
81
89
44
87
65
35
22
11
37
88
26
7
10
0
43
21
21
60
32
51
50
54
71
37
36
44
-42
10
-23
34
43
65
120
52
68
100
42
28
-8
22
98
-13
18
10
96
128
101
123
93
50
-17
-6
33
-4
18
18
48
49
85
26
-3
22
132
242
189
185
149
-53
-114
-71
-69
-13
23
22
7
-21
24
-45
-49
-18
27
147
129
147
170
105
-6
25
136
150
52
75
-2
-53
-92
-87
70
96
75
-7
43
61
48
91
22
-17
-88
41
86
-20
-22
22
-26
5
100
107
131
107
17
27
81
125
154
214
177
113
64
72
49
-107
-97
-197
-219
-170
-45
-99
-50
-106
-110
-210
-131
-45
-52
35
-25
3
-28
-77
-11
58
97
147
81
75
-117
-107
-120
-49
5
118
188
41
-87
-76
-17
-54
8
53
25
-21
19
-33
-61
41
32
81
108
402
361
154
19
-3
-78
0
18
50
37
90
36
23
64
99
130
98
0
102
102
-24
3
-17
-88
-17
72
101
105
72
5
-4
16
-18
42
70
28
50
37
59
38
49
70
57
54
97
-5
37
100
81
66
87
149
154
125
124
-101
-71
-90
-61
-54
-9
-9
54
33
10
5
-20
37
64
217
219
147
87
35
51
54
16
-93
-114
-117
-70
-84
-8
-11
-22
-28
8
35
24
-11
122
59
17
-18
21
42
43
53
33
64
69
-5
42
50
23
5
23
-62
70
13
56
84
-18
8
-5
39
43
22
26
28
132
171
219
189
308
331
90
41
26
279
251
331
298
178
178
33
-103
-181
-327
-327
-298
-280
-279
-269
-209
-263
-163
-141
-136
-91
-17
37
112
92
112
224
146
99
33
-30
8
-1
-3
55
23
23
-22
24
35
49
36
73
108
153
114
72
112
97
147
102
34
40
0
37
11
-18
-26
68
33
253
180
39
-4
-13
-68
-49
-76
20
-13
1
133
166
26
-4
-21
52
58
58
5
29
33
42
-5
26
64
128
146
96
45
64
104
71
92
102
100
5
-62
-67
-42
-17
69
24
18
65
212
135
58
11
-25
-108
-88
11
36
81
18
-13
-28
-11
10
67
68
50
114
107
51
91
65
163
128
68
86
42
-52
-35
-25
107
-35
-22
-59
-10
38
105
12
-17
-49
22
42
28
4
12
40
140
73
99
83
86
81
20
83
-1
-67
-51
22
16
4
28
65
-10
26
-5
53
97
64
-44
-13
41
29
107
119
0
11
11
108
83
224
161
91
131
139
37
39
-60
-57
-118
-60
-69
-75
9
-107
-35
20
130
69
12
-29
27
-133
-121
-33
65
44
121
51
-106
-97
39
27
80
74
166
92
52
-56
25
-52
84
-11
5
-8
42
19
45
35
33
23
33
97
-5
22
-84
25