0
80
-5
19
26
21
40
61
53
27
57
40
66
18
72
23
39
27
93
44
66
58
11
20
42
58
69
38
23
-44
6
60
29
36
57
9
9
35
39
68
27
52
41
45
-6
56
61
33
97
54
37
4
38
26
43
41
-26
51
54
45
20
52
50
64
41
33
38
42
73
60
69
12
-2
12
-2
22
72
44
38
49
103
45
38
82
33
11
50
10
-7
24
-46
56
-9
28
39
37
33
42
52
50
-4
49
53
-5
28
19
43
5
2
42
35
29
42
59
24
70
32
-2
32
17
38
72
66
64
139
141
139
163
131
64
82
43
20
16
27
82
72
37
17
16
50
27
41
104
56
107
58
87
34
-5
-12
-54
-6
-43
-12
13
61
-1
-6
-45
-44
-13
-27
-22
1
36
88
76
18
18
50
39
140
195
136
71
-53
-50
-40
13
83
-27
-57
-22
-66
-3
55
66
60
34
-34
23
-22
2
74
42
68
28
19
74
2
42
35
-8
35
98
128
148
119
66
-2
-30
6
-28
-18
2
-12
1
-13
-26
-3
54
2
-30
5
12
1
28
34
0
92
281
212
26
-29
-51
-3
-23
44
17
-2
-18
16
21
34
34
75
21
137
44
42
42
19
19
24
-4
10
11
16
86
82
39
32
54
35
38
29
38
65
-7
16
89
9
82
28
26
-1
13
4
25
-2
37
34
67
45
55
41
48
51
71
17
19
17
16
-20
40
4
-27
37
53
24
48
40
25
52
34
11
41
37
44
55
44
23
124
100
-3
39
66
48
9
-34
-66
-18
13
75
50
12
-19
-58
-23
11
36
6
82
97
72
12
49
-5
-13
-87
-56
-10
-36
7
-13
-6
-7
44
-8
60
53
64
33
70
23
72
6
20
25
22
5
-4
-21
55
56
75
56
60
66
26
34
25
-7
-44
20
26
0
32
75
86
90
99
49
-8
-27
25
11
-76
18
102
188
121
119
162
209
55
-39
-68
-108
-131
-104
-85
-102
-59
-9
150
232
80
16
-21
-21
58
54
117
83
52
86
43
27
-53
-51
-18
24
69
37
25
-36
25
11
-10
27
25
89
85
68
49
59
37
92
-21
-3
22
113
122
99
44
-72
-153
-168
6
97
7
-30
-84
-118
-133
-149
-172
-100
9
19
33
97
74
118
135
153
130
166
123
196
188
153
177
61
120
93
27
49
-29
-66
-172
-146
-188
-214
-164
-103
-141
-115
-56
-39
60
81
42
81
36
92
92
69
42
50
-2
91
136
59
56
50
54
106
65
59
39
35
54
-38
-40
-5
28
51
37
49
0
40
34
20
35
21
52
33
38
25
41
68
64
17
39
38
36
26
-4
24
20
28
23
59
50
37
5
33
23
-26
-60
38
75
82
59
18
-3
-28
-24
24
33
38
45
23
70
50
20
27
39
49
7
34
84
23
37
65
-8
34
12
56
-6
-53
8
25
-24
-8
26
71
37
34
32
-22
7
3
12
44
58
56
72
19
40
55
23
16
-37
12
29
1
75
56
35
41
57
32
116
73
53
43
29
28
60
57
-3
-4
24
51
41
42
2
66
17
10
-3
21
99
44
51
37
51
-9
70
53
53
64
54
-5
26
34
65
39
41
64
-20
33
66
69
67
49
39
35
17
55
51
8
-21
23
43
42
37
6
9
45
3
68
-10
23
85
48
51
40
82
68
64
68
18
69
20
33
21
18
55
16
23
40
69
27
17
57
16
53
18
-12
64
55
54
38
25
29
22
21
-6
18
8
64
57
12
38
59
52
20
18
58
23
50
93
55
16
71
41
45
33
39
28
37
27
-2
34
65
48
88
41
32
72
26
38
32
36
18
29
40
58
91
64
21
22
36
4
34
64
24
-6
64
32
37
24
5
51
56
59
71
23
40
-6
34
23
28
10
27
34
53
81
10
21
51
-7
8
28
88
28
48
41
36
81
42
81
28
20
41
43
56
21
-17
41
52
51
146
228
181
81
19
-39
-43
-35
12
38
28
35
28
52
59
25
36
4
71
38
22
72
28
35
25
56
7
33
67
33
7
56
36
24
25
49
64
-13
76
-1
39
11
20
42
16
35
13
33
68
80
85
-25
38
44
44
84
54
66
53
64
41
25
0
8
22
48
38
51
96
53
75
77
40
40
28
17
8
33
68
58
26
11
33
27
8
-5
20
-20
102
72
36
21
0
-9
6
40
23
41
53
23
136
117
60
1
16
-10
74
67
51
41
-10
8
27
-1
9
-36
8
9
56
53
54
48
61
64
59
18
18
12
56
25
8
19
28
56
80
22
-14
16
9
-6
55
71
65
4
23
21
7
22
0
55
26
32
25
26
88
70
58
19
17
12
6
42
89
52
40
73
24
18
66
4
29
-13
19
38
23
16
23
83
32
-21
3
40
66
29
-10
9
42
45
29
64
36
37
-11