0
113
103
76
25
-8
83
88
58
58
87
27
60
43
85
65
76
34
88
-34
60
2
52
37
57
53
38
27
9
33
176
50
-39
-97
3
-25
-5
17
44
-27
54
5
27
4
18
38
52
68
26
35
40
-5
27
1
58
32
67
22
58
26
102
23
18
8
17
36
8
57
34
18
10
61
52
-17
36
-23
-12
-56
6
58
0
43
18
34
6
101
65
32
37
57
44
3
81
16
96
19
20
72
27
5
4
40
22
7
75
50
-51
44
67
101
85
72
55
-11
-7
60
45
6
80
140
59
35
-13
-33
27
-23
28
20
54
22
42
81
108
144
375
407
256
192
-2
-51
-77
-246
-298
-343
-273
-114
-139
17
28
69
65
113
133
118
114
84
124
115
89
70
75
66
50
52
6
102
86
65
4
22
21
-9
90
29
85
17
100
60
32
0
75
58
11
50
42
83
66
58
68
5
65
7
92
4
41
1
-20
11
35
28
77
48
57
35
58
35
53
58
12
38
10
16
2
37
41
50
51
-14
51
38
55
23
50
61
104
20
54
52
60
68
59
67
152
99
106
75
21
-27
-74
-61
-22
-74
49
20
85
129
70
102
99
118
41
43
-21
17
13
-97
-43
39
164
161
21
-10
-45
128
124
122
122
44
-20
-52
-51
-68
-104
21
-27
25
-3
12
43
35
8
54
91
84
41
19
68
19
58
-3
41
59
9
51
19
37
25
0
-5
1
32
3
-38
50
33
39
93
18
26
99
68
117
52
100
28
18
-18
-67
1
8
37
8
-3
36
48
36
43
166
134
132
85
211
55
51
23
37
-23
-102
-52
-82
-84
-14
-3
10
-13
5
11
25
-25
33
-30
-13
17
3
80
-7
52
50
8
-5
34
24
18
7
67
-22
26
-4
22
13
-7
25
50
-11
73
89
199
149
128
-44
0
42
96
135
154
96
61
-39
-82
-109
-186
-73
-41
-83
-134
-43
-85
29
18
-10
43
9
43
26
69
40
41
40
6
39
100
35
24
28
49
21
21
21
11
22
13
21
-11
43
85
18
22
17
17
59
19
72
108
202
170
154
72
-18
-89
-115
-92
-27
0
50
22
41
-29
11
59
-24
20
37
43
12
20
5
-4
-7
-6
73
75
42
-17
75
16
10
24
-9
41
85
64
80
77
48
58
24
18
-4
57
51
18
42
38
17
24
0
27
20
59
-6
42
2
26
43
74
45
23
66
6
40
10
52
55
18
51
27
38
27
9
38
65
53
29
74
53
70
54
6
36
28
49
1
-2
57
55
38
43
54
49
-5
49
50
-5
56
58
19
8
17
-14
51
43
43
10
26
22
24
44
-2
-19
20
1
75
27
-10
6
69
39
36
9
70
25
85
60
25
17
-11
34
-17
-3
51
39
54
1
51
-18
66
53
32
85
21
53
37
17
70
-12
24
19
48
107
-35
77
8
42
66
49
5
12
8
-34
10
37
37
24
-7
7
-28
18
28
6
55
58
-17
81
-2
39
52
27
84
-25
-6
39
65
82
-8
40
9
70
56
40
84
25
32
73
64
24
11
-19
-5
-56
-34
91
44
48
51
45
39
-2
44
11
35
65
23
9
39
72
3
69
34
35
27
-28
-5
50
10
51
43
34
4
64
40
-18
55
29
59
71
69
-6
51
-26
5
24
85
43
18
48
16
-19
72
53
26
44
55
13
69
33
11
17
41
67
7
51
-5
57
72
4
0
37
4
51
19
22
-5
26
22
-5
52
51
72
28
51
0
52
61
96
92
82
1
54
-6
9
53
45
74
96
53
18
25
41
-10
50
27
-30
37
20
1
39
64
74
36
70
5
57
91
-19
11
40
7
-35
52
32
9
0
43
60
23
16
28
33
-11
40
20
33
28
-12
96
19
87
75
68
84
34
48
22
73
-21
-12
13
24
70
27
36
20
20
101
20
-8
19
76
-27
25
64
57
58
54
68
66
39
87
65
37
33
56
4
10
37
-49
22
-10
77
37
82
32
118
227
156
193
112
-38
-40
3
-26
-13
5
20
101
70
-10
44
-91
-8
-60
-6
4
-45
-33
-9
-11
43
-4
75
36
-36
-18
16
66
100
56
67
50
100
87
57
86
73
39
-17
7
-1
41
13
81
113
64
98
71
21
44
16
37
2
35
37
76
116
17
2
33
85
-12
-3
1
-19
-91
-35
48
-25
24
4
65
122
43
67
21
3
10
96
99
56
41
23
83
60
34
38
9
29
8
48
65
50
73
103
27
82
-35
-53
17
9
3
76
97
81
51
69
55
72
57
64
75
73
96
71
0
-57
-75
-27
-13
-9
9
-1
32
70
76
40
28
82
83
53
39
96
148
66
50
42
147
112
259
192
82
-81
-33
-109
-71
-81
-146
-45
-108
-33
-69
-52
-84
-11
-19
-9
75
55
108
57
161
128
108
114
77
-8
40
-4
7
7
124
19