0
-202
-107
156
208
138
218
161
136
6
-72
-103
-40
-68
-105
-119
-81
-53
-46
-52
-9
-18
17
23
19
65
93
21
57
37
68
105
76
58
72
76
54
49
-27
55
35
29
23
71
132
131
119
90
85
25
-2
1
24
28
82
49
32
57
13
21
60
22
59
-6
27
50
13
54
11
19
-17
68
119
105
122
60
96
96
71
84
27
8
51
27
51
1
-34
-28
-19
10
6
84
86
87
122
54
112
56
80
-3
56
-11
-24
2
-10
-5
-19
-4
-37
67
26
43
23
28
82
148
104
112
74
-9
-29
41
41
-36
72
22
-41
60
49
140
144
137
137
82
69
18
-2
37
16
49
50
77
37
67
-2
36
-21
70
80
83
-34
5
-11
80
10
60
-3
54
132
193
131
-11
-5
-88
45
337
346
262
39
24
-97
-184
-199
-123
-126
-99
-89
-53
-55
-43
-5
51
90
92
20
35
59
73
68
59
23
35
86
44
81
49
43
57
-18
76
11
33
5
-2
-38
55
7
44
4
37
49
-9
24
9
40
1
35
-7
20
50
-53
81
136
72
84
26
-7
17
-1
19
53
29
67
-5
-28
-85
16
-2
32
27
82
50
85
86
72
42
97
82
39
38
-6
22
-27
0
33
-52
-45
-8
9
45
17
37
22
32
10
56
72
108
53
56
38
52
24
16
34
41
19
9
27
22
22
55
41
2
41
58
150
137
34
72
-26
-29
-39
7
-26
-3
4
-6
26
194
193
197
76
-119
-52
-9
106
247
386
416
311
265
115
-61
-190
-180
-269
-233
-197
-177
-134
-126
-58
-88
-81
-30
6
-10
-28
-21
-5
11
10
82
58
34
42
32
55
52
19
123
388
282
155
-35
-54
-59
-89
-71
-82
-53
-76
-34
5
-24
27
56
119
65
85
54
6
43
20
-8
51
19
18
5
35
18
10
17
34
6
85
32
56
39
41
3
42
21
21
42
29
-38
6
53
-2
11
41
22
25
64
26
55
74
83
201
297
234
65
-33
-118
-147
-23
-33
68
68
124
18
11
10
-85
-66
-45
-98
-67
-106
-30
-51
-49
69
28
57
42
121
51
29
34
4
48
81
52
39
53
50
-3
52
48
33
26
22
71
71
55
51
34
42
-6
57
27
35
-19
26
-27
3
61
36
1
39
32
70
39
11
74
51
66
39
49
10
51
35
-17
22
55
26
4
26
69
24
13
8
57
59
19
40
39
64
60
26
26
34
65
41
33
59
21
9
-5
12
88
60
41
4
-10
39
45
17
20
44
48
51
-22
81
81
96
83
-38
37
25
-9
-27
-25
-21
18
36
25
27
66
27
40
35
52
49
71
40
72
92
107
37
6
52
10
18
21
2
-7
-24
-36
-69
36
-11
-42
55
38
19
1
13
56
5
48
21
55
33
2
89
19
18
18
22
73
22
5
17
72
28
74
36
23
10
32
91
-14
36
48
64
6
42
34
-7
49
23
35
41
39
59
9
75
49
57
57
38
71
35
33
-7
-11
34
4
6
20
22
81
33
132
89
26
68
2
33
53
77
59
68
39
64
-20
44
40
69
40
29
58
99
-4
84
57
2
-6
-17
-23
9
3
16
40
77
34
92
40
-6
19
114
148
201
7
-41
-4
-26
18
71
40
26
-1
0
65
43
9
68
81
76
89
21
-19
56
20
70
35
35
24
40
11
9
49
34
-1
24
20
73
56
64
67
40
80
12
28
58
124
91
28
-2
26
39
1
92
-13
8
80
-7
22
5
39
73
48
64
87
58
24
-28
2
5
32
45
50
22
6
39
-29
10
45
72
42
20
33
37
68
75
17
60
51
73
75
39
43
8
-2
-58
6
40
58
17
64
55
68
-11
69
-1
52
48
55
42
61
71
93
49
12
-17
48
49
-21
7
49
4
59
28
105
58
48
-7
38
23
60
-6
55
54
-6
8
53
81
65
-44
-18
40
72
32
22
19
49
17
86
82
16
60
3
57
66
82
9
51
27
37
36
-2
-1
36
-3
8
58
106
65
73
125
66
84
40
75
72
76
25
-41
-134
-137
-65
-99
-37
1
5
6
-21
67
97
93
60
-87
-42
-92
-94
53
-7
35
18
67
123
147
150
99
33
0
-33
-107
-3
-7
-45
-22
16
-14
57
-3
59
-40
-14
115
107
99
51
48
6
-21
25
91
-19
33
67
96
105
17
66
-10
39
-30
4
49
84
112
8
89
6
61
116
77
8
75
60
-3
36
-1
-12
-52
-35
44
70
155
41
-10
-7
27
56
-34
-59
8
7
106
133
0
75
75
8
-9
-8
1
20
-39
-50
-116
-74
-65
-29
-46
35
-54
28
20
84
80
43
106
23
148
192
120
104
138
183
171
197
137
98
-55
-52
-27
-120
-120
-56
43
83
55
53
54
40
132
155
149
150
147
141
108
67
37
48
7
48
-20
50
-29
-40
-98
7
-54
23
92
75
-38
-107
-154
-106
-3
-4
3