0
101
70
34
139
262
200
236
181
66
-75
-203
-215
-156
-74
6
24
-25
-19
57
12
69
-28
-3
-26
-53
-12
37
22
19
25
-7
-8
89
12
53
55
84
34
67
68
44
-43
57
81
32
22
27
9
51
16
53
33
73
39
42
52
49
16
5
65
18
48
2
4
20
24
68
48
-7
21
25
36
69
35
34
22
55
23
58
24
98
32
7
36
21
66
3
35
-2
6
43
74
98
21
-7
-5
83
19
33
41
11
86
83
200
154
134
82
170
151
97
2
-22
-53
-87
-130
-156
-122
-132
-82
-66
-8
36
-11
68
86
136
58
136
113
59
44
34
6
-21
41
86
55
70
100
82
56
33
49
27
65
-3
-37
-33
-7
-10
75
49
82
92
75
40
6
1
61
40
34
-12
121
114
58
-9
48
26
50
21
2
48
99
82
84
24
5
-22
35
-2
37
6
8
38
-18
70
23
85
27
20
120
384
467
326
64
-58
-214
-120
-149
-91
-86
-8
40
21
50
24
-19
25
22
12
89
2
23
6
36
23
4
5
-33
-18
-17
-41
48
35
98
98
114
60
81
53
0
37
11
-2
38
55
92
60
25
11
10
74
41
10
38
67
43
54
12
20
32
-1
-2
-4
-35
40
76
72
124
59
34
-2
-4
-5
54
82
103
99
88
122
-2
-50
-67
-30
-24
-26
-52
-11
-1
56
53
21
-18
32
16
35
27
259
90
130
68
117
41
39
23
77
-77
-106
-72
-157
-67
-21
3
18
-10
23
-38
20
23
100
-9
49
12
21
72
29
128
52
64
98
4
-22
90
50
101
21
129
18
32
20
58
51
-69
-29
1
-4
128
261
457
389
194
132
0
3
-122
-84
-83
-35
-74
-131
-185
-184
-200
-206
-200
-77
44
-4
2
87
169
136
74
197
163
107
114
209
119
115
-28
-30
5
7
-11
23
-18
-84
-33
164
155
117
68
70
86
42
-18
82
9
-65
-54
-3
22
-3
74
26
-57
18
0
32
-33
25
-56
-52
-6
5
-8
69
6
114
81
97
80
88
101
26
83
4
-3
4
-36
11
19
-26
24
23
52
25
123
109
115
92
60
32
-40
-40
-10
33
39
68
181
240
161
100
-20
-71
-82
-21
13
-35
-9
16
45
70
41
18
3
12
60
56
12
85
77
59
37
35
16
-9
20
23
18
50
90
60
73
17
50
73
86
-17
33
42
27
59
19
58
58
80
66
33
27
26
4
11
-17
-5
40
-12
52
72
80
107
54
50
-14
43
-8
54
25
22
57
60
68
60
-4
8
-18
-9
-5
64
57
20
-18
-2
45
44
68
65
137
32
282
443
137
-109
-156
-116
-108
-87
-27
-61
25
-39
-30
35
-2
20
98
89
37
66
50
53
74
-17
20
21
1
-52
-24
-74
28
-5
96
25
52
66
25
34
12
50
9
123
21
-75
-8
71
22
9
12
67
23
81
10
52
11
56
44
36
54
59
54
59
38
-34
53
48
33
85
-13
52
-41
80
23
34
77
55
20
74
29
-34
-60
-37
5
-21
-25
91
132
36
-6
20
21
-58
-41
-24
-34
-41
-10
90
69
26
50
-23
-24
53
96
23
-40
67
104
42
19
-54
-11
-72
-36
-35
33
41
65
92
2
50
71
76
32
2
3
73
70
16
61
67
61
50
45
70
137
27
-28
5
77
73
200
279
86
1
-33
-72
-88
-19
-71
-55
-1
-3
42
52
73
118
114
123
55
40
70
76
65
72
40
35
41
57
50
54
81
64
38
26
44
27
74
112
120
75
57
28
8
21
4
37
17
57
50
128
181
228
145
115
5
9
-70
-107
23
7
10
26
20
38
-5
35
9
-12
4
53
130
27
-9
-10
-7
32
-2
-5
39
6
35
18
-21
96
37
26
6
-6
43
6
5
7
32
28
53
44
68
59
18
32
34
39
24
32
-3
-2
-12
3
8
40
70
21
98
41
72
-5
3
20
57
69
42
12
45
104
25
5
9
-7
6
22
34
44
27
-12
87
35
69
60
40
8
-10
3
-6
20
82
50
18
5
2
-19
-22
8
29
116
64
11
8
-6
5
39
11
50
71
23
8
4
25
26
73
98
81
92
22
-14
60
53
-33
35
53
39
-43
-1
3
-7
5
-44
-40
-19
71
116
61
38
12
2
-6
92
36
77
32
25
12
-23
-5
5
-1
0
81
65
128
129
35
17
-19
45
4
-11
-25
-12
64
33
86
27
60
85
69
32
118
105
98
12
-17
21
-8
-36
-11
-77
-54
-39
-38
-18
71
136
105
83
52
3
49
74
-20
-45
27
-52
9
11
155
210
53
-3
76
108
-21
-11
-59
-42
52
-11
22
-1
19
-45
-12
42
6
24
39
28
98
64
160
106
184
128
149
80
53
-26
101
116
21
-85
-21
-67
0
34
-7
-24
77
58
81
121
71
22
51
39
23
90
87
-3
12
-34
-1
-8
16
43
10
-4
49
54
112
55
115
39
21
23
-3
61
86