0
-53
-13
-1
-51
-91
-66
-177
-103
-68
-55
-7
28
66
21
7
5
-44
29
7
86
45
38
27
50
10
35
42
88
27
100
3
34
40
-40
19
100
57
151
295
338
259
76
-61
-83
58
307
683
748
642
425
163
-119
-310
-557
-550
-547
-356
-266
-214
-148
-114
3
-23
-101
-113
-156
-50
17
-46
-61
-3
-7
91
40
20
21
151
154
187
149
135
56
67
-6
4
5
-18
12
57
20
2
70
52
24
101
56
85
-22
75
16
-29
-17
44
66
-6
-29
-33
43
90
72
76
117
64
52
18
45
9
5
-26
1
22
24
54
36
59
137
69
55
41
73
73
108
54
60
6
23
146
403
410
369
180
97
135
72
216
91
-148
-184
-105
-187
-279
-362
-372
-253
-130
-98
-54
-60
-37
26
-61
26
17
38
83
194
274
297
258
261
133
135
145
131
155
105
32
-101
-52
-71
-98
-12
36
58
92
107
102
35
23
-54
-33
22
-34
-22
23
108
59
43
-42
16
-18
8
82
97
130
165
201
108
73
121
179
97
54
83
25
-29
-123
-69
-103
-76
-50
34
187
179
87
147
37
91
166
115
54
67
45
-60
-34
7
65
176
153
105
124
161
68
-13
-211
-171
-241
-134
-75
-135
-20
-57
2
169
68
196
98
56
-14
-94
33
-9
42
71
92
-82
-114
-41
-185
-122
-104
-86
-87
-29
-21
162
97
11
74
22
24
72
76
64
52
4
-13
-17
19
73
106
134
137
124
86
17
57
34
-44
59
60
136
82
104
54
92
93
72
17
-11
101
116
208
218
261
166
132
298
428
336
267
166
179
7
-33
-199
-252
-293
-425
-456
-529
-285
-173
-215
-246
-236
-138
-21
-10
24
-9
-35
-43
-89
19
-11
90
103
64
27
80
37
74
-34
-19
9
51
121
108
163
135
72
42
17
131
98
80
43
29
70
103
121
37
73
104
164
98
-26
10
26
-20
42
11
38
86
136
100
41
25
-19
37
69
109
29
65
20
-90
4
-29
22
-13
12
21
37
76
67
114
160
234
171
139
116
89
107
-113
-91
44
285
402
469
413
256
52
-75
-204
-274
-284
-289
-249
-257
-187
-67
-71
-58
2
32
68
44
29
-9
-2
-29
49
52
28
49
7
19
39
35
18
27
70
122
105
54
10
-4
-2
-12
-10
32
23
12
17
43
70
218
375
183
53
-140
-39
76
154
-9
-71
-99
-100
-81
8
-2
-34
-30
-25
25
128
269
278
122
11
-94
-14
-21
125
98
103
99
-12
-100
-11
19
-18
37
117
113
38
38
4
-53
-45
-71
-28
44
93
-87
-74
-110
-67
-51
8
-59
-9
19
-51
57
44
43
6
53
-5
12
73
112
160
96
-23
-21
-36
-52
-7
-43
-29
-66
-9
37
8
36
27
32
38
74
423
421
280
-4
-69
-149
-177
-169
-107
-68
-44
-26
60
-5
17
32
48
22
-22
5
26
32
114
11
38
26
105
16
2
51
45
20
-22
33
44
37
51
129
137
108
42
-18
-9
-86
-60
-71
53
69
57
42
49
18
41
40
83
136
140
25
-8
-3
37
-17
19
-19
33
27
71
144
71
6
18
18
1
-36
43
40
53
10
26
32
66
51
44
32
101
102
41
2
-8
35
58
113
37
35
25
37
26
25
19
-19
-43
-17
8
41
33
68
44
34
37
65
59
56
41
6
4
42
28
22
52
92
17
45
20
-22
-40
101
131
90
26
-23
-29
-50
53
52
-12
51
88
103
92
88
104
153
54
-6
-40
71
216
315
261
22
32
92
155
57
-18
-99
-92
-202
2
49
36
-44
60
193
265
313
407
275
71
124
197
84
-37
-309
-363
-393
-250
-209
61
107
140
20
101
-12
-234
-237
-119
-130
-29
18
42
40
17
21
136
107
43
133
105
77
64
58
67
-2
36
24
24
25
1
22
25
24
-14
29
38
27
70
72
33
37
19
5
37
182
313
418
194
82
-204
-113
-60
-39
-12
41
134
68
65
58
56
108
74
22
-59
-155
-97
-81
-12
-22
17
-4
-7
23
82
41
32
75
38
12
48
80
64
32
2
0
61
39
49
3
4
-9
50
-29
25
38
33
74
105
156
151
50
35
-27
-50
33
40
73
34
-29
11
-14
16
10
25
5
114
85
85
49
0
89
1
-10
34
-2
34
22
74
53
50
4
171
88
82
-24
21
-1
75
71
69
-7
-71
-41
10
3
34
7
59
43
12
-52
-21
-4
-3
4
17
26
42
25
32
22
55
51
150
194
343
220
218
25
-61
-119
-84
2
176
154
147
141
37
-2
-44
-92
-104
-98
-139
-129
-221
-123
-76
-24
0
7
22
49
28
49
21
105
71
-19
50
19
51
53
77
87
36
27
88
48
58
68
180
145
-3
-17
-53
-24
39
151
102
34
-53
-5
-53
43
72
112
37
-40
-56
-22
-41
-21
17
29
60
75
32
36
54
26
69
69
84
53
84
73
167
22
-2
23
42
123
137
106
1
-107
-117
-92
-42
-20
-7
45
59
64
80
87
68