0
7
-83
-110
2
107
7
-26
149
304
177
-81
18
16
-87
-172
-77
-14
-23
-23
24
54
145
134
89
41
71
29
-67
1
34
-136
-87
-170
99
77
61
-61
1
-56
5
-38
-102
-42
-82
217
130
4
-52
102
182
58
-107
72
112
97
-4
104
101
42
48
-2
48
-50
18
97
70
-81
49
-19
61
173
98
10
-84
1
107
24
-9
3
-20
20
124
194
245
107
-18
33
25
-3
58
157
-59
-154
5
11
57
-74
16
7
3
-3
38
83
7
18
128
-67
54
109
-5
-49
227
-24
-43
33
-40
-22
194
97
-5
86
49
-13
129
-46
173
-74
12
86
87
50
241
60
-20
-24
-3
107
50
137
24
57
-6
164
109
67
107
-118
26
20
10
37
-50
10
102
71
80
186
84
35
34
-30
-122
194
93
81
5
4
43
3
20
-45
-50
-20
38
-33
-21
161
-4
144
36
-19
136
36
60
72
-43
69
-85
23
-12
2
-5
22
86
38
0
9
60
20
-29
118
65
64
21
24
6
-62
56
4
-19
-1
128
-17
59
74
11
27
25
-60
91
-61
64
41
-5
8
88
34
6
-55
-130
120
34
-40
132
9
-4
0
67
65
48
23
11
106
81
23
52
-29
134
92
133
201
-26
27
45
58
170
296
320
293
54
-251
-118
-115
192
320
172
128
-76
17
-65
-162
-355
-312
-230
-262
-273
-98
-58
43
136
261
124
-11
-39
114
61
49
2
12
153
55
-12
4
-55
23
48
32
-68
-2
122
40
154
96
156
3
304
426
193
17
-10
-100
-65
-42
-104
-94
-119
-114
13
138
290
681
432
161
64
-50
137
-4
18
-119
-181
-227
-301
-327
-214
-200
-260
-404
-341
-179
-107
7
7
166
52
112
221
147
116
178
124
50
92
129
48
-3
0
24
90
-35
58
-12
147
86
28
50
118
262
213
38
-26
-43
-27
-107
-43
-62
-18
103
139
49
42
-8
71
199
123
49
-22
16
41
-34
28
13
70
178
37
129
-9
-71
122
117
173
84
-101
-52
-75
-68
-51
34
28
27
9
24
69
197
262
197
64
54
-76
-130
-120
-169
-110
8
156
83
154
165
138
86
113
122
-29
-74
-91
-141
-69
-98
-94
-34
66
25
7
-62
-4
32
144
144
77
-20
25
51
76
-4
-70
-59
-36
-4
8
38
37
32
119
171
154
149
131
72
20
80
81
34
-14
83
37
83
52
-7
-44
-73
83
42
41
-42
-20
-67
18
0
61
4
40
64
89
56
100
128
92
53
56
-18
70
-12
-66
56
87
1
10
22
156
86
64
105
144
164
19
10
-106
-70
-108
53
-44
-37
73
-4
4
57
104
55
8
17
64
-22
-3
-3
-1
121
-5
-49
-2
105
183
137
16
134
199
434
496
288
98
86
113
-67
-164
-108
-201
-301
-284
-314
-226
-179
-82
133
137
229
98
138
154
19
10
-118
-97
-61
25
3
-73
5
-24
42
26
8
-13
-3
89
72
145
227
361
122
-8
-10
22
72
219
164
139
163
56
99
-43
130
24
37
-22
-71
-67
-57
-73
124
43
55
53
49
6
-9
121
52
76
71
105
183
150
-36
-68
-59
22
-37
-110
-59
9
343
160
147
153
129
154
4
-153
-169
-69
85
44
-141
-61
-20
-29
2
-10
65
-11
18
204
157
96
12
-51
16
215
134
83
181
196
136
13
-19
27
113
36
-153
-235
-247
39
112
37
-78
-138
-134
-73
-43
20
-35
81
67
57
51
71
115
134
91
105
48
73
137
151
7
54
22
116
81
101
32
-43
50
-23
-57
19
55
170
-7
-114
-6
160
84
-49
-9
55
217
83
-154
-22
66
153
59
-72
-154
-25
124
84
-76
33
67
210
172
81
-97
68
-71
-36
220
12
196
360
359
-117
-268
-9
-72
74
-238
-274
-165
74
-37
113
804
387
118
-29
-46
387
288
-7
56
-217
-280
-226
73
197
124
-78
-125
-123
-42
-92
-84
168
105
169
59
181
8
6
-36
-3
45
5
28
104
217
249
259
38
-28
-87
-78
-132
-5
-88
-151
-198
163
152
249
256
101
87
-55
-172
-214
-71
-7
-67
-72
-172
120
-23
11
137
155
163
34
-62
-73
-86
-72
-60
-40
32
12
6
115
105
82
6
-10
-66
-24
-52
-37
-43
-39
56
77
91
66
72
17
37
9
5
40
1
22
-2
39
93
59
50
83
84
66
56
12
0
70
0
6
-33
-6
-25
-37
6
108
149
261
321
119
-34
-135
-125
-136
-65
-9
35
-38
5
-2
43
-1
28
65
77
96
77
50
53
-35
9
50
20
32
0
-8
50
27
40
67
64
120
180
118
64
-3
-4
-22
-4
-25
40
57
118
168
76
35
-7
-77
-51
-9
27
70
-6
-40
-23
-49
-24
28
32
65
68
105
59
71
27
42
75
60
22
58
29
8
-17
41
90
41
73
72
20
66
57
24
25
112
210
266
277
203
42
-27
-83
-182
-132
-87
-26
4
4
2
23
19
12
18
64
25
9
72
70
23
58
40
38
89
120
71
72
13
18
-20
-29
-8
1
37
-40
16