0
-92
-122
-97
-136
-91
-90
-28
-40
-38
68
66
86
-49
-137
-118
-185
-148
-155
-109
-10
-62
76
96
-58
117
96
67
-2
96
-1
92
36
107
108
52
89
103
33
22
122
167
163
87
-30
9
-6
-10
3
-65
32
-43
-50
-14
44
146
99
121
24
61
98
40
43
88
98
-29
26
101
43
-24
93
86
-84
-58
-103
-62
-24
28
-21
-24
-26
85
84
-21
-12
112
121
229
189
146
55
172
139
109
-113
-24
77
5
279
166
81
49
-12
-42
20
36
91
33
165
91
193
131
98
2
-60
-171
-130
-204
-153
-185
-155
-140
-87
10
-41
20
98
124
166
116
45
86
51
55
100
101
82
28
53
115
71
38
5
-8
-33
-37
-22
-1
13
19
37
-11
64
113
98
69
-9
2
18
18
-14
60
23
24
-17
-33
6
35
68
4
16
72
28
59
39
-12
24
-6
12
83
17
27
50
50
-38
6
-40
3
72
29
49
37
8
-39
2
8
19
26
58
41
36
27
35
42
22
40
85
-3
50
66
60
20
20
38
-6
10
67
51
116
70
27
-23
-6
-20
-19
-6
51
50
41
36
48
24
2
43
96
49
8
45
103
48
101
61
8
-6
2
42
45
18
52
22
38
65
57
21
6
33
-14
36
67
-10
3
7
25
56
74
82
57
17
41
55
-38
-3
7
22
66
4
54
90
59
76
17
-25
-23
6
-38
-10
-9
25
28
53
23
36
84
117
58
67
35
67
60
2
50
38
17
26
-13
0
3
5
-18
34
3
12
45
74
44
70
59
98
122
68
83
113
74
103
119
21
20
-25
-52
52
-19
-22
-6
-13
-5
-2
34
59
73
76
86
-1
19
10
-17
72
34
19
7
10
36
17
-14
-6
6
33
89
26
-9
12
50
43
35
43
36
36
10
23
-10
32
51
35
49
51
102
54
42
97
68
80
83
53
77
179
160
205
187
83
7
-103
-27
-42
-2
-33
-4
-74
48
49
-6
-28
-21
-50
11
-19
50
134
61
12
12
38
103
235
253
314
280
251
56
32
22
73
96
216
145
76
54
-147
-206
-237
-187
-139
-163
-125
-125
-163
-46
-81
-29
2
55
123
209
172
67
54
42
54
67
120
72
98
70
33
55
41
72
10
19
-81
-40
0
58
35
97
118
87
32
55
25
34
5
10
-13
57
70
57
42
87
28
-20
-4
23
112
58
26
57
133
153
-109
-81
-116
-83
-107
86
167
148
18
147
40
82
-10
6
61
48
66
107
37
144
53
38
61
35
103
138
-9
-2
22
76
71
87
-38
-190
-85
-52
-93
-56
-136
-260
-200
-110
-242
-267
-8
361
327
265
-58
-24
225
204
329
288
-162
-302
-246
16
-91
-252
-229
-68
-103
-121
-36
43
3
75
139
89
41
37
-55
-7
-13
57
100
96
73
88
97
213
182
87
32
20
54
19
59
59
67
42
68
96
81
53
108
135
250
308
189
90
67
43
-7
16
24
35
67
75
49
2
3
6
-10
39
38
-21
6
-11
-101
48
8
-4
150
116
186
244
262
91
-125
-263
-188
-171
-6
50
52
-50
-8
8
19
2
3
-37
27
32
55
-7
25
161
89
1
-25
152
155
157
29
51
-33
-77
-59
-45
-45
-25
2
114
20
-103
-68
-72
-18
-2
-11
-6
106
131
34
-11
11
11
45
51
85
75
1
22
103
64
4
195
87
74
-17
-19
25
54
39
134
215
183
109
0
-118
7
42
98
117
86
8
25
58
2
37
77
-18
11
-11
40
61
125
36
40
49
-9
-34
-90
-54
6
103
183
205
184
233
195
128
80
3
-115
-110
0
-70
-53
-57
-93
-110
-188
-291
-266
-103
-130
-130
-102
-89
-37
-107
-22
36
52
179
153
242
141
8
368
627
471
165
-51
0
-19
-324
-163
112
257
296
113
-71
-76
44
-9
1
-3
-136
-44
105
18
-114
-168
-169
-62
7
-5
-70
-74
-35
-20
-99
40
98
73
37
83
68
12
98
103
171
114
104
83
74
92
67
96
69
44
39
-22
-19
33
55
26
-7
-13
-10
10
93
141
288
326
170
48
-90
-184
-114
-34
-23
188
273
324
215
180
34
-24
-179
-115
-2
17
68
82
114
107
10
13
-36
9
-131
33
-19
27
-3
-40
-44
-103
-41
-84
-120
-7
137
118
37
-39
3
-50
23
-43
-29
16
4
-9
-42
-77
-45
50
-30
13
9
52
3
45
59
49
3
105
24
85
65
100
36
37
24
-29
-125
-34
-9
39
153
146
57
36
5
33
-17
4
40
-34
-38
221
162
77
40
51
28
32
-6
-39
42
148
164
249
217
224
178
141
70
-53
-114
-177
-52
-39
-121
-284
1
-27
165
66
-40
-104
-113
-35
-30
-38
-17
-5
86
185
76
114
70
16
-107
-120
-49
69
53
117
133
106
33
9
106
114
131
185
77
11
42
59
98
7
-38
25
27
29
-18
33
25
72
130
115
57
68
59
57
196
236
245
115
59
-55
-24
-14
-22
12
52
292
323
428
299
309
274
135
83