0
0
0
0
0
0
0
34
-54
-65
-29
-184
-259
-177
-117
-36
-8
-198
-226
-253
-250
-60
-213
-289
-177
-68
-100
-91
44
118
32
76
97
237
61
56
60
-4
-29
-35
-44
-53
-92
123
81
117
133
152
232
163
198
96
105
49
144
205
156
136
163
204
309
241
75
-109
-54
-105
35
114
86
64
7
-27
0
-23
65
123
236
169
132
123
69
100
-55
-39
-151
-170
-180
166
113
-8
-163
-184
-205
-231
-142
-59
123
88
98
74
41
98
66
112
169
123
107
-5
114
91
185
156
124
113
89
57
57
32
67
67
-30
112
25
86
37
81
83
84
233
148
107
24
-11
43
-20
72
16
77
113
101
37
17
58
50
66
59
66
11
67
-19
36
83
85
74
116
80
-43
-56
-38
106
232
112
103
176
132
245
178
258
343
410
420
295
256
231
128
8
-130
-148
-119
-91
-125
-162
-168
-227
-179
-90
5
-24
-53
-141
-182
-100
-195
-198
-294
-346
-264
-323
-258
-210
-115
124
451
530
464
497
99
68
219
256
231
51
-38
-105
-101
-153
-261
-403
-392
-371
-421
-238
-226
9
-19
51
-54
-241
-230
-108
-37
33
220
182
204
242
290
210
144
64
35
156
246
179
121
68
102
155
155
197
252
171
219
105
77
-73
-123
-169
-130
-202
-122
-35
3
-4
82
82
104
117
64
42
12
2
1
45
48
83
99
54
28
21
27
42
27
2
59
52
-19
51
49
72
48
154
121
234
297
195
65
4
162
198
468
388
346
290
119
45
-27
-181
-194
-225
-263
-253
-115
-40
-120
-77
-165
-130
-201
-178
-120
-123
-97
-3
86
224
389
141
-42
-99
-99
-74
87
37
90
103
-24
77
-20
-23
4
13
9
83
42
-6
38
105
75
18
13
16
130
120
152
51
80
13
-87
-82
-20
-22
71
134
69
56
36
43
7
96
68
-26
-21
-11
37
133
17
25
7
54
59
17
56
90
-52
-69
-2
-28
53
65
92
92
57
27
90
145
41
29
-20
-69
4
37
23
36
68
60
60
28
2
-2
22
73
-2
23
-30
6
93
37
38
81
18
104
44
48
73
90
42
40
28
20
60
37
39
-7
107
50
52
21
22
23
52
5
1
26
25
9
72
18
2
19
-1
1
67
24
60
41
75
124
-8
91
-51
-18
0
72
43
-13
5
6
-105
57
73
51
7
105
43
42
55
35
6
26
44
82
10
18
16
12
4
-17
24
27
29
10
43
64
48
67
48
13
40
28
33
43
8
45
21
-44
101
60
55
135
161
99
-34
-12
-38
1
-37
-34
-11
36
13
18
16
55
58
-3
26
4
80
29
12
44
66
-22
0
4
32
-6
55
73
39
58
5
-1
2
26
-28
-5
39
40
10
53
99
-13
8
12
17
12
-37
38
26
117
65
153
65
37
-22
38
-61
24
-42
5
5
-2
17
-27
-17
75
32
138
43
10
-58
19
-10
2
36
25
119
-6
92
36
21
51
-34
-26
2
67
32
20
1
23
89
80
27
33
68
55
49
16
-29
23
3
6
-3
72
48
-2
17
24
27
50
67
41
82
54
37
68
124
141
120
45
-5
-20
71
68
-5
-21
-4
27
5
124
43
-14
24
-40
1
40
49
65
70
66
35
33
70
-17
26
6
24
6
-24
37
41
59
-4
92
114
89
56
100
4
-6
32
37
1
-28
-1
-13
69
61
106
50
16
42
57
34
59
26
1
-14
53
18
23
68
50
23
75
66
97
72
49
32
84
80
55
69
75
26
-55
16
-19
25
67
52
96
108
43
16
54
101
136
12
35
9
-100
108
43
-28
56
99
217
364
261
242
136
129
50
-44
-92
-89
-151
-125
-66
-33
32
64
-3
41
-13
83
11
28
-13
-23
55
26
8
107
89
-22
48
-19
16
108
168
240
263
166
115
49
-82
-165
-138
-83
-60
39
21
90
148
267
357
336
297
213
155
137
10
2
-21
-74
-98
-358
-189
-90
9
10
29
59
24
-56
-84
-154
-171
-187
-97
-106
-22
20
11
34
0
57
74
44
84
76
102
71
187
185
92
74
5
65
10
-12
104
108
131
90
0
11
-1
80
61
59
88
120
-23
12
-46
-67
-26
48
55
36
4
100
4
73
87
42
90
210
178
272
195
106
-49
-154
-68
-33
52
57
162
82
18
-58
-40
-59
-49
-9
-100
-17
114
96
60
23
-53
86
57
-28
6
35
22
-4
-9
40
139
116
82
105
44
96
97
16
13
100
102
48
21
-9
18
60
40
215
253
295
82
-9
-36
34
-66
44
118
187
160
70
43
33
20
-57
-114
-161
-131
-44
-89
-68
5
11
-17
1
-76
51
82
37
-11
-10
-19
23
59
100
33
50
123
89
69
105
117
13
-18
4
0
77
-97
82
92
220
108
73
-7
-41
-53
-13
4
-54
-14
119
211
102
39
-137
80
24
-22
-35
-149
-25
113
259
40
6
-12
13
85
23
84
-99
-9
-35
-7
72
18
74
54
42
169
226
86
-69