0
6
21
37
5
35
48
38
33
56
36
-1
60
75
85
80
49
82
24
19
49
24
50
34
73
18
-7
24
35
74
49
51
56
22
82
17
103
25
24
44
8
58
12
39
60
67
12
61
51
36
34
-34
1
41
17
53
53
56
33
57
52
-27
32
-8
36
86
61
-8
41
36
88
41
74
28
55
11
64
66
20
40
53
1
-4
33
58
35
58
43
35
27
33
17
33
6
43
28
69
20
66
-12
5
54
-30
21
1
-14
48
37
54
28
27
28
20
64
72
-46
69
113
72
2
91
36
-28
19
29
43
40
-2
-20
52
10
64
71
52
37
36
53
80
68
68
53
-4
2
-24
-17
41
24
33
26
65
1
18
59
33
-17
45
35
69
-29
27
51
53
55
8
-14
-17
3
54
21
40
-3
9
7
39
4
43
-10
77
37
-56
7
49
39
20
58
-27
22
53
44
8
25
51
60
-34
25
28
109
11
29
17
37
-36
65
71
54
35
-11
0
-6
-61
11
41
17
34
20
66
10
64
-7
6
50
74
3
44
38
68
21
40
1
-56
-13
84
37
-21
18
-40
57
-1
51
16
27
32
38
-62
8
23
75
9
20
102
56
19
24
-5
-3
50
70
-28
0
-4
67
2
21
68
38
41
4
80
42
44
8
19
-9
48
8
26
60
4
75
3
38
32
-4
68
-34
-22
59
-26
115
60
24
22
-3
-39
-20
29
48
22
7
38
9
17
48
56
9
84
48
34
25
26
17
17
108
77
69
22
65
103
64
36
13
27
7
23
27
38
59
75
74
73
58
55
33
2
-39
34
83
60
80
32
57
45
34
52
34
6
-12
73
20
13
38
34
33
-2
21
7
2
53
66
85
18
24
52
49
52
58
75
22
20
59
43
-7
-8
41
18
49
69
39
0
50
112
67
5
23
-10
20
141
36
36
-4
9
60
69
60
27
57
73
28
21
21
17
8
35
55
55
7
32
59
3
49
68
22
98
23
7
35
118
71
4
93
50
-25
11
-11
-40
4
70
55
41
39
9
11
32
87
43
-35
40
41
57
-5
101
54
53
51
32
88
11
18
51
6
24
27
71
122
35
65
70
91
36
74
65
11
48
43
3
96
11
86
22
-8
1
-9
64
59
128
55
64
-2
77
-29
7
26
2
100
122
-2
-33
43
8
69
4
33
68
22
13
-43
55
41
8
-55
19
-14
57
41
103
48
80
88
22
42
105
183
198
144
25
16
-81
-25
-37
-8
-9
20
29
-11
51
39
50
50
81
96
105
139
33
-70
-38
-53
36
151
40
117
90
36
45
-6
-20
28
104
39
-42
-87
-37
-5
17
34
-8
3
76
5
60
59
-36
-4
44
-21
9
10
17
-18
4
-66
-104
-129
-137
-150
-85
1
106
219
72
19
-84
-34
71
89
71
-8
-28
-25
18
20
9
-11
35
-21
68
71
83
67
120
144
36
312
123
52
104
68
72
-84
-123
-81
-5
-7
1
-11
93
18
9
-3
33
-37
114
28
49
45
49
17
113
29
22
61
48
21
54
36
64
58
20
21
-19
10
11
43
43
49
43
49
40
196
272
216
73
49
24
3
-6
54
133
89
12
-4
-25
-7
57
138
22
2
-7
-40
25
-12
-39
7
18
-11
-67
-17
-44
44
85
24
68
57
49
-9
43
28
25
53
65
11
16
-11
-26
23
11
13
-43
-71
-34
4
-21
59
60
72
122
57
-8
41
24
20
4
32
-7
-3
-22
105
71
-17
32
84
-5
23
28
77
17
86
67
68
20
-4
67
9
-13
-4
-24
56
64
53
21
45
68
39
66
53
-27
-65
49
73
51
51
59
-8
-4
26
41
4
21
44
-20
-10
57
49
50
86
45
56
49
86
116
77
65
91
50
28
-33
-7
-14
5
9
25
55
44
34
39
-1
-51
22
27
9
75
40
37
59
67
50
57
-1
9
16
35
58
48
64
39
54
92
186
106
83
44
5
56
-22
10
49
54
17
34
33
7
55
66
91
52
81
61
5
-27
-49
-52
-10
16
1
4
-12
22
71
81
59
71
18
89
65
74
52
71
44
101
32
80
70
69
50
-41
5
18
90
52
22
28
29
72
80
28
51
75
-25
-4
35
41
60
20
-8
72
41
32
16
-17
21
0
-59
54
-12
69
-1
-82
-27
-23
26
11
16
10
-12
-9
33
-24
-39
-67
11
57
144
115
196
43
131
59
-50
-56
42
27
73
85
-9
53
57
1
19
27
16
59
90
80
76
10
22
59
-67
-9
5
57
20
118
149
138
41
35
98
93
-26
10
160
32
33
27
-29
27
4
64
81
25
91
86
96
48
-34
-106
-117
5
119
48
128
21
6
66
44
73
107
139
91
69
19
52
-17
-8
7
24
56
57
27
50
54
11
9
23
20
37
27
17
40
68
99
56
16
55
24
-11
148
99
87
53