0
81
105
13
48
18
20
51
13
48
49
69
66
44
87
113
41
13
32
-14
98
160
70
44
56
60
97
41
59
50
54
41
45
75
75
72
10
28
-12
53
50
0
-83
-69
-55
10
-5
101
21
242
204
128
100
134
120
240
261
100
54
-75
-177
-170
-163
-135
-107
-91
-83
-66
-100
-50
9
32
-46
-9
-5
22
55
105
133
113
179
43
10
57
42
72
69
97
50
67
147
37
83
58
59
-44
65
76
40
40
1
37
84
66
58
26
-5
77
-28
27
21
35
54
19
35
-9
52
36
53
55
52
29
1
103
68
2
71
6
60
9
23
67
41
38
33
42
-17
64
54
48
57
73
-14
11
50
17
41
75
81
75
73
40
65
48
32
-3
18
34
24
20
102
-6
39
10
53
75
187
251
232
183
59
-10
-85
-89
-70
-22
25
123
105
69
-8
-71
-86
-25
-40
-37
-100
-57
-84
-81
-41
-52
-20
9
7
18
112
48
65
58
64
75
25
48
18
7
33
33
21
41
48
27
55
28
32
22
34
37
38
20
82
54
38
-2
39
48
17
22
3
-28
11
3
26
11
21
35
38
-2
50
27
90
-10
-22
-18
0
43
19
48
10
-17
57
-18
65
45
40
18
17
33
36
35
68
56
55
-28
6
20
22
56
-2
45
65
-2
92
137
50
-13
-24
12
-50
6
-24
25
4
27
-21
-30
6
37
16
0
23
-2
67
12
5
0
28
10
29
52
80
48
54
75
86
36
49
-2
13
-35
-14
37
8
35
38
-24
34
-7
66
11
11
7
80
32
104
-12
55
0
16
49
52
22
34
8
40
85
27
53
53
59
91
71
57
22
104
8
70
2
-21
-67
41
51
52
51
42
28
-57
-18
-37
-24
-21
39
27
40
20
58
29
52
24
80
105
115
52
-11
-21
9
19
56
54
41
53
39
43
83
22
41
8
84
32
59
9
48
43
35
-4
12
17
39
37
7
-1
-1
75
54
40
26
41
26
72
9
71
12
34
26
32
36
49
36
36
24
60
7
48
37
33
43
45
4
27
81
5
73
33
98
44
60
176
125
45
-109
-25
-46
7
-19
-12
20
10
34
66
50
43
74
-10
42
56
2
74
24
57
69
48
71
57
-3
1
24
29
29
68
51
35
161
183
117
162
42
35
22
71
203
211
357
279
230
121
8
-29
-24
-129
-152
-130
-158
-135
-145
-130
-119
-97
-93
-27
-12
39
13
61
93
96
42
85
87
17
66
60
51
-12
70
97
102
81
80
-11
73
40
64
44
-5
5
42
40
59
55
24
-25
53
48
89
81
17
45
3
27
17
36
0
70
39
-18
19
29
56
21
75
37
26
65
81
54
4
-77
-27
-38
33
25
75
35
12
9
69
21
19
23
-10
-10
34
40
33
59
18
44
92
51
86
131
105
8
17
25
0
49
-13
-38
-44
-7
-17
9
-1
10
-5
19
49
-8
-39
10
6
54
70
99
36
8
21
26
25
32
-17
-12
24
36
16
-7
-8
32
43
8
-12
55
-21
20
-3
-19
-13
-9
54
84
55
2
27
18
71
56
34
-17
23
-8
49
41
58
39
40
-17
-66
89
66
21
-5
43
-21
23
21
120
0
67
-8
76
13
136
11
187
114
50
41
34
-1
120
-4
-27
-54
-77
-60
-8
32
-17
-7
33
-3
-56
-131
-137
-184
-125
-60
-75
-2
89
122
96
24
226
97
81
-22
87
43
35
37
188
107
-21
-38
-58
64
212
182
26
54
-70
-71
-101
-67
19
22
3
41
24
45
186
56
22
26
74
17
73
99
61
-14
-28
116
117
26
-4
-66
-37
-60
-23
24
36
23
-1
98
33
23
28
120
74
69
54
21
117
167
81
-25
40
51
58
85
35
-10
33
36
17
90
21
50
22
-1
-4
24
83
106
83
100
117
90
65
49
-29
22
34
-29
-7
-19
34
-23
22
27
20
33
37
107
105
25
107
83
38
-6
-38
-14
55
11
26
102
34
57
17
55
33
25
56
69
80
49
-9
54
20
39
68
67
56
20
66
3
66
69
54
49
32
-8
-10
-61
18
12
7
56
41
59
49
87
81
44
43
77
21
24
80
45
58
114
76
74
112
32
49
-12
2
16
18
-50
23
0
-10
21
42
48
42
57
-4
52
58
54
84
42
17
6
17
123
10
37
5
-9
65
80
56
44
50
55
56
25
36
24
-13
10
52
17
65
17
28
5
27
18
7
56
105
102
56
37
37
24
25
-17
35
35
32
-34
12
-11
-27
38
-4
39
23
66
3
68
51
7
-27
2
2
24
87
43
21
12
39
5
-2
59
54
16
89
52
26
1
3
0
21
-8
25
33
9
25
25
-9
-7
36
24
4
5
34
19
16
13
33
59
2
11
54
58
45
27
56
53
18
27
37
1
3
74
21
-11
-5
4
67
27
22
19
11
43
49
29
-24
9
23