0
86
107
59
74
55
-8
6
-12
128
21
8
6
-17
40
-27
11
116
83
53
32
64
7
66
50
-21
8
5
71
85
-61
26
-21
-14
100
-2
89
33
52
100
82
10
69
34
8
82
88
54
0
-19
-18
99
90
-11
-2
21
3
34
-23
26
55
3
75
56
-23
58
17
8
90
41
21
2
50
12
38
45
18
57
84
108
73
45
86
67
40
24
26
11
40
35
69
53
57
27
17
8
56
18
135
55
41
45
2
33
99
52
19
-43
-17
11
17
66
-3
34
49
43
65
123
130
90
18
7
-24
19
-5
18
90
97
67
54
112
59
-20
-49
-84
-43
18
43
54
25
48
26
43
0
-6
20
51
37
21
53
53
44
33
36
24
19
44
16
29
56
21
45
56
7
24
10
61
75
43
-20
11
10
6
-23
40
-39
39
60
17
3
-7
48
23
24
44
32
17
50
56
53
27
5
3
23
28
7
10
67
60
29
35
18
-25
11
20
51
66
52
36
-29
45
-9
18
55
27
29
35
18
36
-3
17
26
54
-43
34
7
56
43
8
-18
8
27
43
27
11
53
18
43
33
2
53
66
34
6
71
28
0
50
37
13
24
-1
38
37
42
3
36
6
48
80
4
37
20
-37
16
57
27
2
26
42
49
18
74
-2
35
34
71
73
-21
39
18
26
1
12
20
16
52
83
41
39
57
45
18
56
51
10
6
23
32
7
74
38
39
13
7
51
33
60
23
23
25
24
22
18
26
25
36
49
53
75
65
70
54
41
32
20
69
-1
67
66
25
27
29
141
149
139
59
-13
-83
-29
-41
19
26
88
19
7
9
7
-24
22
24
34
60
132
55
9
-38
102
109
55
72
28
-70
-83
-52
-18
35
50
16
35
38
23
73
215
228
145
73
55
103
146
144
69
-69
-93
-114
-129
-59
-44
-6
-24
-5
34
-43
43
69
89
73
38
7
-4
-23
6
43
37
38
49
55
36
82
37
96
2
66
51
81
59
49
48
60
26
7
-7
7
162
117
67
38
-10
5
-19
-18
33
32
-9
37
64
103
38
12
34
97
6
56
75
66
93
44
18
61
75
25
65
38
56
-22
-65
10
16
29
34
33
32
12
37
10
74
102
86
54
49
9
20
-9
39
55
-2
33
43
1
-1
7
28
17
-1
83
32
22
27
33
58
25
51
49
12
34
27
36
57
86
49
-10
-1
24
28
19
97
17
4
35
50
52
64
16
48
56
68
76
4
109
-57
-38
23
43
32
58
48
51
60
44
70
100
91
161
149
97
134
44
-34
-72
-118
-103
-66
-28
-105
-55
-68
-41
-38
-14
24
-18
13
7
-41
25
-9
-43
54
81
21
60
60
24
71
35
36
-22
36
45
37
36
7
-20
36
73
49
5
12
-25
9
24
-18
-6
-7
55
36
-3
4
59
56
57
105
10
1
89
44
74
-14
60
42
-3
9
77
45
-34
9
-9
-18
-26
40
38
-20
33
-3
-1
37
4
42
50
-20
-2
99
56
13
56
36
3
24
-27
-12
82
11
16
-39
56
69
55
4
5
42
37
54
43
69
1
-12
-17
42
5
21
16
39
16
16
17
1
-9
5
67
43
88
54
72
86
27
25
-9
36
-24
12
9
22
28
57
23
58
51
40
-4
3
10
11
20
13
2
-8
35
59
51
64
20
23
49
64
25
24
27
64
36
65
23
19
54
1
8
20
33
28
64
18
34
23
70
9
57
18
57
12
40
51
70
-3
-55
41
89
42
83
35
-8
32
1
23
16
5
53
-18
60
51
10
33
51
74
51
32
28
57
-12
10
37
38
-27
116
82
81
107
121
109
72
35
0
-25
1
-2
116
82
20
6
0
-18
86
39
37
43
11
44
10
33
58
33
22
21
52
38
17
19
36
17
6
11
-26
-35
81
-29
-7
85
39
42
53
80
58
8
36
42
-7
57
71
13
66
40
20
2
48
29
33
50
17
55
59
73
89
37
75
92
36
20
35
44
72
37
36
84
16
88
73
28
41
35
29
0
17
-2
40
57
86
29
-9
50
85
29
123
55
99
5
7
33
4
-10
40
76
21
49
54
34
9
34
28
22
3
27
70
99
88
37
25
35
22
49
29
50
43
6
-5
43
9
13
65
83
32
17
13
37
9
13
65
20
-2
37
60
28
24
58
65
43
67
56
25
56
18
55
50
74
5
-4
-39
51
28
37
39
50
24
40
2
17
35
-18
-23
33
43
37
37
48
6
116
70
32
32
1
87
34
72
-11
20
-5
-19
48
37
32
43
36
90
42
32
84
147
121
147
27
48
-11
-22
53
0
-3
-30
11
-9
-36
21
-27
16
29
20
113
99
51
7
32
21
-2
-21
-36
8
55
-45
164
55
1
70
83
16
-23
18
8
-39
3
40
-21
17
40
41