0
8
72
41
11
20
43
43
25
9
104
44
56
112
124
108
195
169
205
165
155
4
-56
-129
-198
-99
-100
-121
-121
-50
-51
-49
-2
8
-55
-29
82
20
67
65
20
75
16
23
43
73
22
52
-3
96
76
93
192
150
82
69
160
77
52
36
-11
-69
-27
-17
-94
-93
-65
-37
-68
-1
4
-4
102
-14
-38
41
35
49
-7
-40
9
6
-8
74
89
48
45
74
54
105
72
17
84
64
93
20
36
69
7
27
2
16
50
53
33
12
23
-27
10
-7
-19
10
116
87
1
67
27
152
4
-115
-73
7
-57
23
-26
84
33
74
56
4
58
75
28
129
21
72
-23
54
39
106
67
44
93
152
40
103
51
26
92
66
-4
-18
-6
-27
25
26
60
32
58
5
38
27
37
6
56
17
23
55
58
12
16
22
51
101
59
51
25
9
42
24
50
49
0
43
53
28
9
51
42
16
96
28
50
28
-25
39
70
51
70
48
-6
8
60
50
35
27
43
-24
50
37
28
87
44
58
72
27
38
8
-19
-29
66
22
51
76
2
33
82
28
40
37
-18
85
57
66
70
26
53
-3
52
9
-2
25
7
-45
4
25
18
38
39
18
5
3
-21
-22
23
22
43
43
35
25
88
64
22
28
7
42
19
18
55
36
70
21
49
42
28
-9
5
21
20
11
-5
36
27
12
21
24
28
38
49
135
165
92
27
-11
48
26
-8
29
25
-18
28
35
-2
-25
2
23
20
6
34
4
23
-5
22
99
57
55
1
41
16
-23
0
5
-9
50
43
52
40
33
-13
-18
162
144
129
-30
407
374
65
-151
-147
-89
-86
-39
-57
-70
-36
-35
4
-22
64
66
89
86
64
9
35
-3
53
104
50
76
73
1
154
112
45
25
33
28
32
21
16
17
20
68
-4
-3
-12
27
11
6
29
2
-2
25
8
24
18
53
67
48
10
54
56
75
81
77
34
39
29
-22
-11
50
43
41
1
16
-2
34
-13
2
-25
59
102
87
96
57
40
71
72
50
10
53
102
87
44
-39
13
0
19
9
50
36
43
-23
20
41
25
41
10
29
26
22
22
25
-2
-35
13
-54
27
-22
-22
53
64
68
85
49
40
51
52
92
65
-73
-67
-77
-40
-75
-29
13
-18
5
-22
5
23
42
7
5
28
49
56
39
36
33
11
34
10
22
8
33
40
72
54
65
68
40
109
101
70
5
36
7
-20
66
43
18
37
-23
-18
2
27
20
-14
53
5
-9
32
38
20
82
37
35
86
18
28
0
-3
10
-28
72
25
-28
1
17
27
54
38
58
26
23
20
18
21
10
-3
4
18
-6
33
-5
-4
-22
-13
27
44
97
115
65
64
26
39
74
102
53
9
-12
-55
0
21
56
61
53
39
66
-53
-14
57
12
19
35
81
8
4
6
-20
8
69
67
113
72
83
49
-14
19
-7
22
-5
57
-12
24
28
20
34
21
29
25
19
-37
-19
19
36
32
34
49
69
40
-1
89
65
129
92
18
-10
-21
-13
6
23
-22
26
33
26
19
54
9
-8
33
12
24
1
8
42
56
44
26
44
37
52
57
53
34
42
75
52
23
26
44
49
40
36
8
54
0
3
32
40
44
50
19
28
12
17
40
26
29
37
39
10
0
65
19
34
42
19
81
115
10
24
55
130
121
12
38
-24
-33
-30
-43
-14
58
-3
-7
27
58
48
84
16
29
61
71
70
53
43
26
22
3
-26
-13
34
72
80
98
41
29
28
-33
-13
84
0
53
192
138
6
-10
2
-7
-58
-28
22
0
49
39
182
194
171
72
40
-34
-34
-52
-76
25
70
12
74
-35
34
27
39
81
104
28
71
70
56
-1
25
12
32
-4
50
-12
-3
39
107
43
85
20
17
-7
23
-9
39
68
16
43
83
85
17
96
51
41
49
59
83
40
2
24
21
-2
-3
7
19
52
82
28
27
-10
101
86
12
32
32
44
5
48
82
34
7
38
-2
-10
51
20
74
17
35
72
-5
4
58
51
-7
54
68
59
83
50
20
28
57
20
9
13
49
28
23
41
59
53
73
57
33
39
10
57
120
54
41
19
20
60
22
84
132
87
59
41
96
68
42
1
-40
-70
-55
-20
-44
21
24
12
33
-5
-37
6
52
20
20
24
23
26
34
41
66
29
-5
58
43
55
64
91
86
0
5
25
39
91
44
55
60
22
32
32
84
53
34
96
36
71
48
70
59
9
59
76
56
1
40
23
20
28
16
19
9
25
3
4
-12
41
38
106
53
74
39
55
74
70
103
-3
60
1
4
-18
-41
-11
19
68
54
69
85
39
50
20
43
42
-22
-4
17
12
53
25
-19
-7
39
56
59
37
19
54
25
67
13
-41
27
-2
19
26
76
58
85
71
84
10
23
57
23
85
83
102
84
72
54
53
-19
2