0
74
65
117
91
64
64
41
85
65
-22
43
43
-20
-34
50
170
90
108
139
-11
26
-2
61
93
-36
35
41
90
-50
21
9
32
5
-37
44
3
80
-71
16
20
-51
36
10
6
51
40
43
24
44
105
132
26
77
11
-26
89
-29
112
4
25
25
157
54
187
70
129
74
93
37
7
-42
85
165
281
295
290
289
343
277
198
98
193
10
-105
1
-248
-219
-413
-521
-404
-237
-248
-230
-87
-152
43
201
661
624
505
36
-317
-475
-387
-373
-308
-293
-68
-109
49
-25
-145
103
32
-8
22
80
230
75
71
43
104
128
132
210
-9
-105
-107
-13
-19
106
211
133
92
50
209
285
188
214
321
148
-68
-504
-565
-397
-146
-141
-46
27
140
240
150
472
560
597
519
514
278
-58
-323
-563
-698
-450
-61
4
197
292
252
260
277
266
-49
-78
-58
88
325
216
109
-53
115
118
-101
-109
-97
-93
100
202
124
-55
-76
-68
103
49
4
-74
74
27
27
52
359
427
267
99
75
-75
-246
-395
-301
-234
72
412
471
201
-257
-402
-516
-398
-195
3
65
177
135
73
98
4
154
-26
184
163
69
364
323
65
-84
-395
-216
-17
108
196
234
149
245
331
187
-105
-119
-245
-292
-201
74
-35
70
48
76
-5
369
481
304
-60
-277
-452
-187
-100
-92
-130
9
332
360
332
53
-90
-118
-161
-172
-289
-198
-43
-51
-83
203
459
455
389
404
388
407
-53
-2
-273
-154
-226
-134
-103
-85
-152
-340
-309
211
504
215
-1
-83
-134
-53
-42
106
112
88
-3
-37
-277
20
-72
69
172
156
359
345
224
124
161
104
68
68
128
58
35
52
-8
-138
3
-2
67
49
196
179
41
-137
-172
-156
-108
-148
10
121
167
50
10
-28
25
-57
-90
-57
131
103
8
6
4
104
176
167
146
58
-54
-285
-346
-261
-258
115
359
517
329
162
23
-147
-365
-318
-456
-365
-145
149
220
198
150
170
213
213
134
138
117
141
199
246
124
97
24
156
65
160
443
521
493
423
269
162
-29
-378
-654
-710
-522
-395
-218
-54
-139
21
145
153
97
-115
-75
-26
-147
-49
-139
-39
-58
-104
139
148
306
140
55
4
75
92
211
325
237
19
-387
-477
-380
-261
-123
-41
-40
101
122
205
176
149
103
42
37
51
118
211
108
96
157
113
108
161
34
178
135
83
-1
0
-36
-45
1
-106
-166
-152
43
124
101
133
75
51
-40
16
72
116
11
-4
-42
-169
-67
-147
-19
82
10
-152
-78
-53
-116
-141
-120
0
378
664
755
187
64
-344
-114
38
165
185
45
-76
-125
-38
-135
10
-17
-39
8
99
-53
27
107
117
146
33
54
64
124
226
225
96
129
71
-157
-259
-172
-221
-184
-133
-39
64
124
125
128
128
38
-54
-98
-172
-212
-166
-83
-69
-101
32
-17
130
42
96
98
17
-19
117
164
27
60
61
103
75
87
125
88
10
66
59
8
90
146
187
57
68
64
40
137
197
216
145
19
40
5
43
66
86
112
53
179
376
363
354
259
216
117
120
115
25
-46
-181
-148
-184
-233
-94
-75
-23
-157
-83
24
7
20
-24
-22
-39
120
59
6
90
55
-14
-60
-75
-37
-138
-131
-46
419
448
195
-7
-184
-230
-163
-77
-56
-69
-3
8
-6
266
553
660
465
44
-195
-241
-165
28
194
343
249
392
248
360
243
16
-196
-229
-425
-284
-264
-201
-257
-183
-100
-61
4
32
65
152
264
268
155
58
-68
-45
-13
-4
25
20
7
6
-29
32
225
236
166
92
0
-86
-106
-70
-35
-53
50
77
162
81
152
55
6
73
22
48
28
-113
-17
16
17
2
89
132
169
186
2
56
64
73
-35
19
57
36
54
-8
-10
41
26
60
57
11
55
25
51
103
24
71
-4
20
76
87
87
115
115
64
58
65
51
41
60
499
657
361
194
-179
-150
-153
-67
10
-8
-33
-38
-55
-149
-92
-33
-5
32
27
66
109
69
82
68
54
27
44
28
3
-9
-8
56
48
-37
21
-10
23
41
11
24
28
21
32
-10
-19
91
101
65
42
-4
-11
19
-1
39
16
108
29
6
2
58
97
45
45
269
355
294
137
82
-90
-167
-97
-61
35
-52
-28
1
18
-53
-60
-61
-86
-26
-53
-60
-11
11
5
-41
-13
-8
-35
20
18
117
26
49
68
23
27
49
18
20
43
34
96
33
80
23
10
23
-14
24
60
41
-17
75
28
-35
-2
19
43
6
-8
27
42
37
8
105
60
2
48
11
9
41
64
43
3
-22
32
-9
24
48
37
23
-18
35
-5
-10
10
44
39
55
16
5
7
-38
68
92
38
3
-52
35
17
41
-36
65
51
52
49
16
-24
-26
51
20
-24
-17
-13
-38
-3
33
-8
80
77
-5
-6
1
20
-14
18
82
139
92
6
89
117
101
70
72
89
92
73
75
16
-6
-17
-4
-33
-6
-66
-29
44
59
209
-33
172
-30
7
561
235
188
339
348
88
83
-9
-41
3
10
-21
7
-41
-21
-74
-40
-196
-200
-116
-125
-266
-135
-81
90