0
-83
-62
-39
-41
19
-4
22
-39
11
39
51
-3
-37
29
16
59
39
42
-8
53
68
55
2
-27
-7
56
69
27
43
74
66
0
10
65
39
83
71
9
52
52
17
-168
-1
28
73
102
52
43
64
-12
19
-5
27
97
45
21
54
1
68
52
3
-50
-90
-40
-12
53
66
60
74
70
43
38
65
20
-23
-10
6
32
-23
18
59
72
132
54
81
72
75
55
80
76
38
2
20
-83
-10
-60
-51
-65
-72
-67
-10
24
22
-34
-59
5
21
11
65
-8
10
80
44
39
49
43
82
74
92
6
-17
55
89
106
66
28
-34
-8
-11
-25
7
25
53
-2
57
57
117
75
69
22
-356
-757
-60
418
409
325
293
75
40
-13
58
75
-66
-13
-57
-56
-85
1
57
-23
-6
49
49
-26
-7
-10
56
144
35
48
42
18
-10
28
73
154
53
28
107
53
-11
-3
39
49
93
102
40
-6
-10
36
74
77
27
-4
-11
12
-57
52
49
20
5
-69
51
6
-18
58
24
39
-19
-45
-10
27
22
53
44
-11
28
26
22
88
1
12
-9
-61
-55
-4
68
33
77
77
37
2
-25
24
-3
12
-2
16
17
16
74
66
40
3
23
3
72
4
24
76
76
41
51
23
34
36
27
82
24
50
33
55
28
56
49
25
2
37
81
68
37
37
22
-44
41
65
34
25
74
67
12
38
43
52
70
81
73
51
28
13
-11
43
28
11
9
22
19
65
-6
88
33
52
24
45
53
42
84
54
48
74
37
76
32
23
11
27
65
48
44
-21
10
61
43
57
16
85
51
8
20
42
32
73
70
80
27
45
22
42
49
59
17
51
41
81
55
55
43
37
-5
5
48
36
34
18
54
52
6
3
40
-12
73
70
35
60
48
27
-2
54
6
51
91
24
52
-25
23
73
71
56
51
23
6
-19
48
120
81
52
71
155
118
43
24
32
-29
-18
120
137
28
-56
-100
-33
-9
53
9
-22
22
72
49
49
38
65
48
4
45
-2
150
42
7
73
83
68
21
38
60
-38
23
67
52
152
72
29
12
-12
11
39
28
-24
24
10
49
69
2
66
23
39
27
41
34
51
44
38
9
35
28
28
24
36
72
1
16
20
48
37
-5
85
25
27
-7
10
16
73
74
34
52
22
55
37
76
88
68
52
35
20
-10
17
103
104
124
117
54
4
49
1
-42
27
21
21
6
54
34
39
27
43
32
40
18
89
73
20
16
44
32
34
-4
3
-12
6
17
65
100
163
124
41
23
-51
-84
-43
-4
1
-9
-20
-12
-11
-1
64
106
204
152
129
85
-6
-76
-105
-74
41
85
138
204
230
196
115
22
-66
-216
-202
-156
-105
-105
-98
-88
-28
-6
45
35
36
33
39
81
51
25
18
32
48
76
97
64
69
50
39
22
56
39
12
-6
23
45
27
13
-9
27
49
51
53
7
34
36
4
-8
10
0
25
18
36
11
54
39
54
41
52
75
26
-8
-4
6
12
-1
27
40
25
23
56
28
23
2
-17
54
5
19
69
106
75
20
58
33
73
32
21
19
-5
21
49
41
36
45
36
42
6
32
42
-26
12
35
24
82
59
40
18
69
51
72
64
58
55
16
19
32
-13
55
60
9
29
16
-9
5
-26
26
45
-11
-17
-21
7
6
10
27
11
7
20
28
9
20
-3
33
7
77
39
7
32
42
27
28
56
18
35
55
74
66
118
38
17
43
36
-9
18
10
55
58
21
24
26
32
32
53
139
56
19
-26
-5
-9
-17
-19
81
64
11
19
9
4
19
1
34
19
27
24
4
-10
-11
-1
23
27
-1
21
-3
-17
21
84
92
26
18
16
34
32
6
54
19
49
9
4
29
39
7
-9
52
64
64
36
38
28
53
42
26
37
10
-18
11
45
38
9
4
-5
39
24
-25
-7
0
1
-3
-4
-12
12
2
37
66
112
8
58
35
34
42
44
42
33
32
45
23
40
69
17
41
39
53
12
19
44
20
50
60
44
75
82
34
67
36
-10
26
28
82
40
50
20
40
59
49
39
39
38
68
58
24
53
72
34
18
39
33
18
50
26
50
1
9
24
66
21
-4
21
38
35
41
41
24
40
39
28
84
84
68
64
35
37
17
39
55
43
36
27
43
18
48
26
71
49
43
20
11
49
66
75
49
49
-6
4
1
-33
-3
52
86
73
39
40
61
21
90
55
21
34
5
4
39
21
0
71
21
25
18
52
19
64
2
82
88
57
55
41
17
69
34
6
29
17
70
36
57
67
42
3
156
119
16
8
18
21
-1
16
-21
28
96
65
27
5
-2
6
32
18
49
61
35
66
69
4
34
38
21
43
45
24
22
86
41
93
64
38
86
3
23
49
74
87
51
89
41
8
-14
10
53
66
34
53
44
48
113
52