0
-55
-138
-180
-158
-241
-228
-199
-3
-250
-238
-406
-811
-933
-866
-714
-563
-359
-36
119
230
562
696
769
700
705
672
730
806
1041
905
458
390
38
-155
-204
-386
-301
-493
-477
-453
-405
-233
-232
-94
-61
-154
-76
-122
-70
51
24
96
273
314
316
192
117
43
70
74
-11
-42
-60
52
76
83
67
37
49
54
41
51
4
-1
16
90
92
101
145
135
204
293
321
215
44
-22
-82
-99
-43
-24
3
-29
-40
72
163
172
212
163
12
2
-26
-17
-26
-50
4
-68
1
-56
-38
-3
28
27
48
19
-6
-49
9
11
-70
-8
-90
1
34
56
-33
38
36
41
37
-10
120
192
102
304
315
266
107
20
-182
-252
-196
-141
-100
-85
-49
0
96
89
-59
-105
-109
-103
-22
-10
-1
4
102
29
43
37
54
-17
7
52
147
66
107
58
55
18
99
-69
-110
-54
3
51
59
55
196
243
53
-72
-54
-51
-5
-35
19
-20
-51
2
29
-3
71
138
407
496
394
57
-83
-244
-225
-265
-211
-140
-88
-21
-36
-57
-25
-22
-6
24
4
74
66
45
114
58
6
74
65
21
39
42
49
18
-24
21
-11
20
98
71
9
44
35
0
64
74
101
135
85
77
115
-34
36
96
75
129
37
37
20
-3
2
19
11
73
20
40
18
-20
21
81
49
49
38
8
42
18
39
-13
17
2
16
59
68
204
243
296
296
212
81
29
-186
-198
-188
-124
-71
-19
8
36
23
52
-11
-41
6
2
74
115
68
49
24
-8
-20
-34
-4
75
156
68
89
56
72
83
123
77
60
-3
83
56
52
12
16
56
65
-56
-92
-38
-75
-43
5
3
39
36
82
55
44
48
-23
23
39
164
115
97
23
-36
-72
-36
5
50
70
-6
49
49
99
122
85
82
83
8
-2
22
25
-10
-27
5
17
32
10
-6
69
85
56
59
57
11
37
22
65
72
200
312
404
360
236
256
130
96
135
189
86
-89
-166
-215
-297
-341
-250
-222
-124
-116
-51
-8
-24
43
70
70
72
100
107
18
53
36
82
52
84
89
56
43
74
89
147
156
170
278
316
467
616
492
551
492
225
-118
-117
-278
-508
-549
-573
-606
-539
-475
-546
-488
-429
-376
-321
65
218
197
128
-55
147
310
314
425
278
268
338
564
599
787
503
215
312
257
273
116
85
139
273
-12
98
167
108
-24
-148
-220
-39
-114
-179
-209
-172
-66
58
-65
-219
-186
-145
5
150
164
260
104
-134
-52
-33
-56
-81
82
116
1
250
172
12
-23
-123
-107
-72
-68
35
29
-51
-163
-2
82
186
224
130
140
106
-7
-13
-173
-314
-366
-248
-60
117
235
485
532
448
195
-65
-227
-405
-438
-428
-252
-250
-172
-167
-157
-27
135
125
-33
-137
82
259
161
101
75
210
205
100
35
37
153
29
114
128
114
86
-34
-40
226
201
52
-60
-106
-109
-61
12
11
-10
116
75
105
32
5
-5
-84
-42
35
-24
-60
-116
-29
-55
37
-29
-78
-4
-57
44
26
108
-7
-103
-210
-102
-67
10
83
129
166
192
184
241
264
195
219
218
167
101
51
-20
8
44
8
12
17
-1
45
-18
36
-53
26
19
-3
-61
-56
42
38
85
-17
-36
40
33
12
-2
69
2
27
39
86
50
64
8
92
38
7
-20
-6
-73
-27
33
81
1
-108
74
96
165
236
141
157
249
272
585
240
6
-263
-430
-355
-282
-263
-226
-226
-259
-253
-293
-301
-157
5
-19
44
68
134
-18
-56
-90
-61
-56
-56
-69
13
-4
48
-36
4
55
52
16
59
44
76
118
70
84
103
53
72
23
101
36
57
71
6
-9
83
97
35
108
102
193
145
108
122
28
66
29
-27
-61
57
154
144
108
45
39
32
54
4
-10
38
26
-20
24
7
27
77
118
115
112
90
140
89
112
10
-25
-9
-51
-14
82
4
90
54
-17
-7
147
251
373
327
185
193
101
55
-34
-38
-43
-75
-8
51
100
23
-87
-58
16
-1
92
107
54
88
130
92
179
71
66
-60
-36
50
90
130
120
18
0
54
48
-29
-74
-65
10
-77
-75
-152
-114
-151
-100
48
-37
-38
-41
92
58
102
38
-21
-6
-19
-29
-34
43
201
121
-1
-36
-53
56
128
97
65
118
19
21
1
76
66
108
73
-14
-3
72
123
41
32
-6
37
44
16
-94
-34
515
715
625
314
4
-298
-380
-426
-198
-198
-99
-53
235
445
177
54
-101
-332
-360
-338
-323
-204
-184
-117
-66
-77
112
120
82
145
282
225
214
162
53
120
106
22
13
43
52
117
65
49
-3
-1
65
116
-5
92
69
89
107
138
69
-43
21
61
41
77
98
-43
6
-23
-8
-81
88
169
192
-51
-59
-26
-13
10
-5
24
117
16
87
68
56
13
50
21
68
72
103
80
52
54
-9
13
72
73
130
55
68
101
74
6
-3
-36
-9
22
74
2
-3
4
-67
-66
1
-57
64
67
-17
-57
5
58
114
113
112
171
88
-4
-35
67
72
83
-81
4
-50
-1
6
40
17
-33
59
19
27
0
34