0
48
23
-140
40
411
230
106
54
-57
-13
4
-9
-158
-225
-122
-456
-425
98
-19
-58
-83
134
473
776
845
794
816
470
281
-43
-210
-498
-419
-467
-427
-506
-743
-935
-441
-141
806
467
-153
-265
-396
-642
-680
-294
299
633
625
327
-275
-238
-137
-26
113
316
423
522
506
582
232
281
252
-41
-840
-812
580
1285
1561
1147
697
476
122
-313
-504
-778
-884
-693
-693
-425
-517
-516
-360
-69
93
913
1226
1025
394
338
23
-338
-452
-664
-440
-349
-13
252
560
345
355
322
-90
-291
-404
-370
-219
-148
187
868
1200
819
204
-206
-332
-483
-385
-71
80
151
474
375
86
-12
-266
-364
-283
-244
-257
-213
-148
-212
-94
-211
0
-10
-2
74
139
5
336
261
323
226
291
221
145
-51
1
10
195
245
195
67
36
9
88
-123
-186
-152
68
183
365
309
178
228
124
292
353
393
253
101
42
58
-114
-132
-106
-41
-18
-45
-22
151
211
76
-113
-277
-397
-439
-102
67
-35
124
92
210
-94
25
-124
-6
59
-27
-14
52
6
80
-86
-182
-166
84
66
12
37
236
162
234
139
321
76
60
-109
-11
41
-58
-186
-156
-100
21
-10
-10
-168
-37
54
172
58
-52
-74
-135
0
-122
-133
-138
-9
18
145
57
210
213
180
266
180
39
-267
-348
-218
-182
-92
-21
48
-12
83
218
180
105
156
58
53
177
253
22
4
-104
-36
-88
-73
-39
58
136
140
33
55
135
73
128
75
43
20
-60
-104
-173
24
48
36
71
70
80
66
43
199
103
227
640
732
536
344
-4
-292
-413
-438
-243
-116
97
116
55
73
154
257
121
-120
-286
-341
-211
-218
-151
-92
18
16
5
-103
89
140
188
200
172
54
-6
9
231
77
118
170
-4
68
42
98
-75
-90
-60
-25
3
3
-34
-62
-150
-149
32
6
-34
18
-62
9
33
34
-1
-123
-187
165
243
209
71
41
17
49
150
72
73
19
42
116
213
265
40
0
70
-49
208
577
697
772
179
-206
-395
-459
-278
-184
164
150
81
-39
-54
-73
154
247
57
-122
-133
-123
-125
89
156
11
-6
-81
-122
-156
-27
169
154
22
-92
-88
-213
-101
7
19
59
5
122
205
132
18
-27
-34
-122
-105
-2
72
36
7
-2
64
75
54
51
-43
-118
-9
99
308
338
330
268
82
85
-7
-71
-125
-81
24
54
-67
-120
-184
-178
-117
106
139
18
-25
98
-11
82
61
-66
-194
52
147
300
327
212
513
435
331
45
-82
-29
-103
-148
-72
16
96
376
434
525
380
129
-228
-323
-456
-453
-232
-45
219
609
492
104
-257
-345
-246
-347
-487
-757
-605
-376
-267
-123
80
339
217
113
105
226
226
102
39
217
209
219
187
-73
91
212
197
-22
-36
98
8
120
293
293
231
76
132
283
244
300
80
-53
-10
-43
117
22
18
-65
-167
-70
-7
59
105
122
92
-61
-152
-233
-94
-166
64
87
166
104
-23
-146
-67
41
-147
52
33
97
232
205
181
-84
-49
-109
-186
-10
59
101
-89
-93
163
469
346
-58
-280
-311
-155
-179
-4
-4
-38
-10
192
29
-184
-397
-245
-72
76
64
75
155
192
-100
20
240
99
100
-37
-50
227
197
38
-2
146
151
203
121
390
289
257
194
151
195
188
-97
-29
162
293
68
-161
33
55
-162
-165
-68
-227
-248
-214
96
327
344
108
135
204
290
217
-353
-394
-337
-84
155
469
131
-109
-69
39
161
-194
-105
44
-33
-117
-28
99
-59
-152
-22
-153
55
172
-23
52
32
-76
76
-18
25
65
100
-3
-106
19
216
141
-23
-82
2
177
230
82
70
-11
179
198
476
651
262
-54
-498
-295
1
211
210
401
220
104
-18
-60
-12
-165
-330
-394
-364
-363
-73
-17
86
280
342
128
-137
-229
-158
-28
123
-59
107
105
74
204
-45
-29
-125
-27
-29
113
43
-170
-53
-8
-170
5
193
87
130
151
59
33
-46
58
-35
9
-33
-17
-61
40
100
8
69
-130
50
400
307
235
145
72
39
-101
-100
56
410
569
242
343
-61
-30
-21
105
249
119
-81
-84
-210
-69
-17
-179
-75
-70
276
194
-97
-187
-93
151
445
417
182
-197
-420
-299
-209
-420
-474
-346
-581
-380
-209
-25
75
125
72
251
241
122
149
354
281
182
123
231
246
5
-107
-134
6
73
129
136
137
162
96
85
146
98
-61
-86
-161
-66
76
87
122
53
128
35
97
146
214
119
67
60
65
50
-4
97
83
-17
-35
90
-20
-49
7
72
160
118
105
44
85
52
88
55
16
64
71
153
121
50
144
120
77
18
3
134
66
-84
-10
49
23
81
0
8
-158
8
59
84
-77
107
323
532
467
211
82
-77
-25
2
-100
-27
-126
-264
-211
-101
-100
-50
-120
-50
-3
-1
105
-11
21
-19
-4
6
69
56
72
50
82
5
72
120
137
107
40
51
40
10
2
-14
-92
-103
5
25
-70
-49
-37
-9
57
17
73
56
20
27
71
81
82
72
50
41
-38
-25
-20
6
17
39
11
7
-74
53
76
182
185
131
75
28
75
44
-43
-28
54
36
-59
-65
-21
48
98
70
220
118