0
75
8
22
53
92
16
20
25
4
12
-6
-28
19
105
-3
-2
34
-10
20
7
17
24
26
98
209
262
161
152
26
-29
-13
-82
-65
-53
-13
-9
7
58
25
18
-23
-10
-33
-4
-44
-25
-6
3
12
-4
-4
72
102
149
88
71
118
101
77
81
18
-1
-30
39
59
80
87
120
233
229
197
90
-66
-236
-180
-109
-90
-18
-37
27
16
97
38
40
34
150
146
123
33
-53
-45
6
-26
55
155
76
65
-23
19
25
0
-2
-2
5
-22
-17
41
66
105
56
40
2
52
24
3
51
24
73
45
76
61
44
87
163
118
149
39
194
100
65
66
-1
-17
11
-9
-27
106
52
26
-91
-60
-55
-26
-51
-122
-49
35
77
128
69
-69
-38
24
68
-34
10
21
45
43
32
37
40
8
12
42
-3
61
27
20
96
80
64
105
81
103
98
147
167
141
89
40
3
43
37
37
-8
5
3
4
-12
11
9
7
4
51
44
43
57
45
54
-25
20
56
42
49
28
19
52
32
17
2
-33
-6
19
61
84
52
44
25
37
104
49
53
6
35
9
54
0
26
55
42
22
42
57
65
107
51
28
42
44
34
58
59
35
98
72
45
28
11
-17
-11
-5
-46
-1
7
-26
1
-7
-19
10
-37
-2
23
42
41
24
2
23
-22
27
6
-3
-26
19
-5
27
24
6
2
18
9
35
29
32
68
56
-7
36
34
-9
-17
48
4
-21
-17
49
-5
-23
-9
48
21
70
-13
60
73
120
34
-1
61
-11
-17
64
3
19
35
-35
-28
53
60
24
33
34
52
77
24
82
41
21
-12
50
-7
70
55
97
86
25
50
72
76
42
33
-51
-23
65
49
9
-25
-6
42
35
28
-3
-14
3
88
4
59
70
20
88
43
42
22
43
40
77
32
5
13
43
16
21
37
29
6
-17
5
-10
34
-41
33
11
17
67
45
2
24
-10
81
-4
-6
71
199
284
467
372
129
-65
-199
-298
-325
-264
-188
-119
-133
-82
9
8
59
83
80
48
8
80
27
10
57
45
36
-7
67
21
1
49
2
92
22
12
114
82
137
58
332
480
280
258
344
116
-69
-186
-286
-366
-257
-104
-172
-100
-147
-100
-149
-61
4
65
112
85
182
167
182
116
37
130
250
294
328
247
114
16
-18
-12
21
90
36
-52
-7
-89
-12
-59
-34
-23
-22
-8
67
6
-133
-82
72
166
216
107
176
35
106
23
-81
-68
-37
-83
80
138
196
52
4
-65
-65
-5
20
-57
24
81
107
22
-14
-18
-66
-68
-23
35
7
40
11
10
-86
-91
24
38
146
160
128
161
103
147
86
44
27
35
-58
-97
-121
-68
-51
21
-36
-89
7
-17
102
-88
2
50
-5
69
45
-18
35
104
130
-34
-38
59
91
49
-6
-70
87
27
-9
32
-82
51
17
-8
1
166
150
93
155
19
162
163
194
299
304
220
249
129
-17
-51
-218
-264
-196
-132
-140
-86
-134
-21
-86
-115
-1
39
114
81
120
51
33
-20
25
100
91
125
102
18
33
28
32
9
80
64
81
50
50
55
36
-33
-65
5
18
-14
-38
-40
-17
-22
27
172
48
92
8
74
84
56
164
217
138
100
81
-2
38
42
16
-27
33
35
-38
-3
-27
-44
4
24
12
13
37
-10
42
36
60
56
-1
21
-54
5
42
4
25
39
-17
-6
9
-23
12
40
160
114
124
129
147
118
82
56
25
-7
-25
-1
19
20
82
41
7
-4
22
49
90
56
88
1
24
-35
-84
-29
24
25
8
44
68
90
72
85
89
49
0
-42
-2
-8
-87
-67
35
-33
-89
-51
-83
-68
-44
-56
2
88
71
101
59
68
55
5
13
-33
-25
20
39
58
89
66
38
35
6
18
-4
6
40
70
-9
44
77
27
38
44
17
-6
12
87
93
40
114
249
91
-1
-1
-69
81
136
200
210
313
331
321
292
165
7
-59
-129
-217
-188
-215
-183
-277
-375
-289
-196
-137
-133
-88
-76
-49
48
115
103
25
-25
-58
-9
28
115
-25
33
-19
22
83
129
16
103
253
186
197
23
-1
-60
-104
-116
-38
0
-45
54
37
-3
61
33
225
201
227
147
188
97
23
43
60
49
122
37
40
56
21
59
35
16
29
54
69
123
90
146
177
133
203
202
86
25
26
-44
56
73
-52
-34
-22
106
89
81
34
43
23
-69
99
40
39
22
32
-66
0
11
91
120
43
43
-49
-88
-98
-66
-21
0
3
10
69
73
86
168
102
128
149
154
38
-21
-6
51
72
1
17
-39
-20
-39
-60
-30
-2
38
58
6
22
16
-22
60
28
70
6
53
32
57
69
41
90
34
37
122
112
83
41
33
40
22
18
29
91
134
90
13
-2
73
104
90
84
-26
3
-19
19
97
32
41
67
41
35
40
34
22
56
5
51
51
22
40
24
44
-5
48
39
42
48
-4
8
43
69
74
20
-19
96
87
76
43
89
1
70
24
-36
42
-41
-52
-28
13
92