0
56
96
39
16
67
73
52
42
39
20
39
-4
-39
-23
13
34
41
9
1
25
25
22
21
37
-1
41
93
44
2
-3
17
5
0
71
34
24
-9
32
16
45
35
39
52
26
32
33
50
83
97
-6
73
71
116
-23
-23
3
18
34
92
-6
27
148
103
42
41
24
44
1
26
-33
12
55
6
53
24
-30
-35
-18
-10
36
41
50
16
64
3
57
2
48
20
49
27
-10
-27
39
6
-6
43
18
32
57
105
69
41
7
-41
-1
-17
-19
37
4
11
-39
33
-1
40
73
18
39
22
-7
4
40
18
20
26
42
-4
-10
27
36
6
-33
38
19
36
36
64
0
41
57
41
1
-1
40
-8
-3
6
35
6
16
40
3
5
53
55
-14
34
-28
43
-34
9
84
76
36
23
-38
66
96
70
5
-29
28
44
-8
20
43
69
74
19
-26
21
48
18
22
36
33
4
3
28
16
54
16
1
39
43
43
129
74
72
70
82
40
71
100
128
106
162
135
98
71
17
4
45
55
-28
-46
-55
-41
-12
37
74
59
-23
72
20
81
50
89
73
68
65
3
-57
98
81
11
-58
-13
-6
3
-61
-51
-13
-29
74
120
136
58
44
26
86
28
38
26
67
153
26
56
57
74
74
57
66
9
49
49
-117
-78
-147
-139
-130
-41
-106
-187
-27
-14
-55
-21
76
139
26
-34
-55
-35
-39
-14
-44
-60
25
-38
-89
57
73
37
34
200
105
65
7
-29
122
89
-21
-27
-136
-129
18
5
-25
35
65
150
76
181
149
92
137
84
51
44
56
16
23
112
164
178
112
73
163
11
84
179
327
153
29
22
-12
-18
-28
-60
-86
-27
-33
82
59
101
112
135
58
85
124
116
176
141
153
-6
-22
76
33
22
-43
-72
33
35
-25
-145
5
-70
-120
-54
-27
-78
-54
-57
56
-4
108
68
116
38
-4
22
5
49
90
246
220
100
119
67
33
145
98
194
161
109
53
57
-42
75
-30
-69
-140
-155
-211
-188
-119
-29
29
48
37
114
139
218
208
84
88
70
53
70
74
83
68
59
123
134
65
38
-25
74
12
-42
42
90
64
6
-2
18
53
250
298
229
146
262
353
292
138
-62
-29
16
193
57
-13
-52
-52
-77
-104
-82
-42
-6
-39
25
-24
100
-61
70
86
115
178
160
122
65
27
-102
-65
70
101
50
75
55
49
53
67
115
72
-138
-220
-234
-274
-92
-55
-116
-36
-1
11
11
32
28
18
40
72
57
55
116
58
-19
-30
26
-54
-53
-35
-54
25
-20
38
39
-18
-22
80
102
67
20
-28
-43
-4
25
36
98
212
150
151
7
-18
-65
13
148
108
34
-14
-103
75
55
-1
37
-6
9
22
36
-21
-100
-33
-1
-88
-70
9
11
38
68
-7
40
49
80
53
72
24
8
145
204
-70
-86
-40
-24
-18
19
16
-27
72
57
7
-8
-17
0
-30
-18
37
34
-10
36
102
92
118
162
-104
-81
11
-3
-54
-10
42
99
64
74
65
53
19
51
-12
40
-44
-42
16
26
35
19
26
77
-123
4
74
72
36
40
65
-2
77
44
17
74
28
-54
-36
1
44
35
22
108
56
50
52
4
77
52
21
25
27
57
53
83
37
37
37
21
41
61
70
2
-11
65
33
48
4
27
7
41
167
81
115
26
102
22
-12
-44
-54
-26
-28
-60
32
-44
13
36
16
20
48
23
60
-22
8
55
48
34
11
88
97
38
74
118
120
92
40
-69
13
5
33
-44
3
-37
-56
25
40
117
139
86
113
184
198
195
144
108
38
-36
-138
-98
-83
-133
-17
146
3
24
-42
-36
-75
-45
-73
-84
-70
-12
-25
-17
60
36
60
38
101
27
-12
82
60
41
66
69
13
260
281
201
60
-67
-26
88
89
277
249
297
133
-28
-40
-20
-149
-167
-132
-142
-71
-136
-42
-41
18
17
34
45
89
117
66
-5
-17
26
51
116
75
81
-13
20
64
27
57
1
12
29
18
59
135
119
59
38
-9
74
60
80
89
28
-66
33
-10
93
68
64
102
80
92
83
-24
120
84
42
-21
74
64
18
9
17
91
-13
-7
80
28
37
117
136
115
22
18
-43
10
-37
64
10
-5
10
51
38
70
52
22
20
-73
-71
25
64
82
74
41
-55
24
27
6
129
112
86
74
-10
-17
10
102
1
-88
54
42
29
66
51
-33
-5
48
49
103
68
93
59
36
7
58
5
24
-25
20
-4
-8
33
21
33
1
32
-2
16
25
97
112
107
52
6
43
18
64
68
4
-13
-8
65
10
123
156
137
240
197
100
-116
-123
-9
22
-46
-12
66
71
163
122
148
105
16
-115
-41
-24
-78
-19
-7
8
1
18
39
40
38
54
42
11
72
80
45
39
-2
22
32
54
89
134
135
21
65
-5
-24
24
43
-35
-29
50
-11
-11
-5
61
85
7
-7
32
29
40
27
8
-52
4
-39
-44
10
64
65
64
84
85
4
60
-3
-20
-18
4