0
41
27
24
12
40
36
21
7
54
57
58
52
65
7
17
24
37
103
108
12
-3
26
16
16
-34
-37
2
44
75
-25
10
48
18
98
53
20
-4
2
24
4
26
51
9
-52
36
101
42
35
44
-5
67
57
8
9
-5
-2
2
32
27
-8
-12
90
27
16
-7
-8
20
39
65
44
65
43
-23
2
19
16
42
50
37
39
0
-9
33
18
35
25
49
122
97
13
-2
-67
-10
-34
-29
-2
-6
21
22
5
28
36
39
50
17
9
22
38
57
51
39
26
35
56
49
10
122
100
101
55
87
66
54
73
10
37
7
-14
-11
51
25
27
43
9
5
35
40
39
26
44
33
58
52
24
29
25
40
-11
-6
35
12
109
124
117
70
74
21
56
24
123
64
45
2
-50
57
56
65
50
20
17
40
60
60
66
-11
25
50
3
4
19
87
66
75
87
34
83
68
72
118
33
-12
11
-2
-12
11
-10
55
21
17
72
59
-52
-8
-115
-7
-92
-45
-6
-52
7
24
32
51
24
52
-13
-21
9
66
39
51
65
-33
21
39
-22
84
150
167
114
137
61
49
-20
-3
-19
25
-67
-70
37
-1
-73
5
-54
-51
0
-39
-27
-57
42
0
-23
-30
49
13
-40
-36
25
-83
-98
-90
-113
-76
-77
-8
-23
-20
10
81
130
34
109
106
100
160
155
188
182
128
163
96
44
-66
-33
-71
-56
-55
-37
-81
-71
-65
-86
-74
-33
-2
16
-4
5
-21
64
38
42
57
66
-26
129
49
52
25
8
20
-21
36
-18
-7
-20
87
76
100
165
300
295
90
8
-33
-101
-119
-54
-67
-34
38
10
2
54
50
5
32
53
129
29
-1
98
1
-14
-43
-8
18
20
-13
1
11
0
1
40
27
12
2
97
-12
-102
-56
16
-9
12
20
1
-59
49
26
54
104
92
77
29
86
75
140
45
-6
97
100
18
43
68
64
43
8
4
60
24
6
27
13
16
52
-17
11
27
60
97
19
44
26
56
-4
20
43
52
50
68
48
65
68
-42
201
376
185
59
-52
-100
-73
-33
-26
1
3
37
39
71
29
76
59
73
39
60
51
29
50
40
66
50
17
49
73
59
58
44
37
57
18
41
9
65
71
64
73
23
52
168
97
27
32
-22
32
2
-1
52
26
42
20
42
-6
-21
100
27
1
26
9
-29
-25
17
-3
-52
-61
21
2
45
56
84
16
25
12
3
51
44
73
35
41
50
76
84
73
51
240
71
87
40
68
130
36
52
101
-36
-73
-56
-18
10
-9
7
-39
18
43
72
22
41
21
37
48
26
48
64
6
19
37
-4
65
0
40
86
96
76
112
72
85
38
23
54
34
32
-41
10
6
70
8
9
36
55
54
53
66
28
19
74
12
48
-28
20
66
13
24
18
-1
39
68
55
27
48
54
42
81
41
103
121
216
203
172
69
-23
-53
-89
-73
-100
39
86
93
73
71
41
33
-11
54
-5
-7
19
-53
18
27
-18
51
49
69
5
29
34
17
68
44
60
33
70
55
-11
68
18
84
44
74
58
22
69
51
11
34
27
9
17
58
5
49
56
-40
9
24
85
19
-21
4
67
68
41
89
-11
-33
156
167
26
-36
-33
-56
-33
43
65
-1
50
57
26
16
32
27
71
35
45
59
25
81
26
36
27
22
-39
-70
12
24
43
27
40
53
28
55
4
6
-4
44
-51
39
44
10
5
115
43
-4
118
92
104
-20
-55
48
-35
-81
18
21
20
-45
-7
-62
-58
120
38
66
66
-12
99
67
129
-10
18
116
89
64
6
-17
43
22
-40
7
10
64
96
86
2
-36
131
131
53
-34
72
-29
-27
-4
-36
37
58
27
-10
17
36
34
26
32
18
21
53
75
13
81
-12
67
67
68
50
17
-44
20
-23
3
44
2
66
-1
36
125
83
10
-5
16
38
51
66
25
42
6
10
-52
34
27
10
36
29
26
-21
82
28
-6
2
12
25
42
23
6
-12
42
-11
49
49
9
-6
-19
35
-5
-27
-1
37
75
141
9
27
-4
-19
-2
33
85
10
-13
21
38
-4
2
81
86
27
21
59
27
88
90
56
-5
81
50
84
45
16
85
40
19
-9
57
70
67
41
1
8
67
45
84
55
43
40
61
35
67
-3
27
21
18
16
-22
-26
33
-39
12
24
3
91
50
37
-4
59
-5
40
42
68
-5
13
24
-33
-9
57
83
36
27
26
26
-23
39
26
33
19
120
237
116
-27
-60
-55
-19
-84
-34
-40
-4
-9
10
36
23
81
23
50
17
34
51
-25
35
22
11
45
81
165
119
183
339
84
59
-60
-120
-61
-55
-38
-44
-38
-57
-42
25
-14
20
-19
18
-22
66
80
49
83
101
26
38
11
-24
19
27
42
13
97
29
53
35
3
27
-24
51
12
-12
86
48
39
20
85
-23
12
36
-18
-26
-11
-6
37
36
1
38
60
27
36
26
-27