0
76
96
-29
8
-2
5
-11
-7
-10
-51
6
-33
117
48
32
23
-129
-109
-30
-52
70
298
361
281
160
119
74
103
-87
-179
-101
32
104
220
187
138
0
-107
-282
-262
-201
-261
-108
-108
-123
54
22
44
133
179
177
225
137
276
231
163
100
-67
-66
-74
-125
-147
-119
-53
-61
-13
-45
-28
7
25
19
117
100
75
12
-2
3
161
72
71
-68
-71
-42
53
22
42
26
57
23
68
124
105
114
113
9
19
21
54
44
76
56
27
36
51
48
37
102
172
57
41
70
128
93
-5
-59
57
-11
85
21
34
32
2
-10
48
40
26
41
108
48
-9
129
21
-10
37
43
13
-12
52
32
5
43
10
5
-35
-5
-4
156
64
44
6
26
50
64
43
25
28
36
98
93
-18
68
32
76
40
-4
103
-2
33
36
59
-30
10
0
34
33
27
40
113
182
285
332
296
157
-23
-147
-246
-306
-328
-294
-178
-82
-49
52
117
85
68
75
135
106
103
83
118
70
39
51
25
33
104
87
26
49
54
112
87
77
-9
-6
28
17
50
38
73
-21
108
123
33
82
-3
-77
16
45
114
193
163
100
65
-50
-23
0
75
70
51
-56
-86
-98
-118
-81
-6
9
-17
-8
87
170
119
67
-9
-45
-72
-4
5
89
133
129
100
205
21
-35
-14
-119
-12
-39
-41
-58
-104
-13
-21
-41
70
11
-30
73
188
232
226
123
-27
-10
-19
34
189
280
310
326
151
80
-21
-121
-140
-250
-215
-156
-173
-83
-98
-41
-3
8
-24
-6
38
-4
16
69
39
92
69
22
71
104
68
71
124
70
59
54
69
51
56
49
17
-23
40
-50
32
80
25
20
5
34
12
161
144
152
164
150
194
74
99
55
-83
-27
53
35
-27
-17
-51
-90
-93
-42
-25
-85
2
-68
11
59
38
146
-9
66
2
59
52
56
36
68
18
39
60
2
29
112
112
99
135
147
157
216
246
105
202
55
-123
-147
-174
-6
10
88
60
19
41
58
13
69
33
-7
-38
39
-3
28
-1
72
113
19
114
-91
-42
-131
-122
-163
-34
-27
67
98
96
138
84
-21
-23
-52
-36
-11
26
23
-36
81
101
2
-3
-10
10
101
17
23
42
73
-5
20
170
115
148
308
449
312
123
-51
-157
-198
-187
-161
-10
123
145
-82
42
-97
-124
36
23
65
-44
-174
-105
187
202
342
194
-62
-310
-229
-90
45
104
-33
83
25
193
252
38
-81
74
34
-41
-49
13
-25
-56
32
-50
-60
192
148
-14
-65
-10
18
86
72
156
193
101
3
-101
-152
-115
172
187
219
-53
-141
-104
-53
55
129
214
176
-49
36
32
69
70
-68
-123
29
81
21
-92
42
-45
-14
-19
-23
-44
-30
105
83
24
-23
11
-10
42
0
75
81
70
29
41
92
61
131
89
90
8
34
135
70
29
55
7
34
-28
-10
69
25
66
7
-34
-27
9
-22
17
21
53
68
9
58
217
200
273
195
123
24
83
81
55
74
144
139
84
7
-99
-97
-123
-152
-201
-232
-130
-73
-24
-10
-60
-42
-21
0
18
-28
18
-6
5
88
215
186
109
75
-35
-43
-76
-105
-12
54
-3
0
-54
-4
58
0
81
55
91
56
57
144
115
113
89
-14
-33
49
48
-7
72
36
69
26
-66
-49
60
76
36
55
40
-51
-49
-13
23
93
57
-65
-75
-89
-171
-77
-51
-2
38
129
166
96
52
-12
-25
9
-20
64
104
-10
-40
-22
113
151
211
179
240
168
-19
-8
-46
-18
19
51
41
-68
-37
38
35
-77
-83
-70
-7
-66
-27
-39
-19
70
101
130
106
306
305
390
264
55
-53
75
100
374
442
311
64
-26
-155
-228
-193
-285
-204
-200
-182
-193
-35
85
90
59
25
-84
-73
-18
-10
-22
0
59
131
134
99
54
4
-4
49
49
57
98
150
144
80
42
0
69
-104
5
37
52
123
77
-10
32
106
277
400
380
359
101
241
183
-75
-164
-307
-290
-107
100
4
-156
-122
-66
141
202
148
7
-61
-86
-50
36
0
40
60
92
57
67
59
65
48
-5
64
34
-38
-5
83
112
75
12
45
67
74
68
167
103
130
73
87
52
12
-19
-29
-30
-62
-58
-37
20
7
4
-24
2
-36
66
10
-26
19
-20
77
88
50
134
122
25
-35
-39
-12
-83
-65
-12
39
102
162
123
71
53
13
-70
-40
-38
-18
25
11
92
113
181
219
65
-43
-120
-76
-35
27
60
48
192
173
61
39
-10
-56
3
50
53
-21
-38
-41
-24
57
39
106
91
25
29
41
-87
-114
-27
-37
17
-43
7
-38
41
54
71
36
40
-25
-82
-35
135
193
93
-61
-75
-88
-62
-7
-27
-18
5
-5
74
20
12
52
-2
4
57
92
-39
-19
45
33
91
154
165
99
152
225
259
232
73
5
-139
-173
-161
-107
21
53
85
56
-38
-27
18
-40
32
75
40
4
58
107
99
70
60
-26
-46
-9
-11
-49
-17
20
-7
-36
69
34
-22
-35
24
-2
27
-3
-12
10
-61
188
290
359
247
25
-171