0
23
69
90
18
-25
-27
-4
45
42
18
-35
12
21
37
8
2
3
37
12
4
66
-5
36
9
-7
56
22
42
64
9
-5
49
67
59
32
19
35
26
-7
27
72
56
49
178
97
36
12
-27
57
-12
115
130
77
-10
-109
-101
-84
-40
36
28
5
33
5
-22
-4
3
59
65
19
9
91
61
36
24
9
20
54
25
33
12
18
17
-35
4
17
52
60
72
48
12
40
112
146
71
39
-20
-17
-10
7
-46
-1
148
140
17
-9
68
-13
-58
-38
-21
51
20
28
41
2
11
-12
33
33
60
57
38
-3
9
-23
-38
-41
81
72
165
121
18
37
2
25
58
-19
75
11
21
45
-9
-55
12
-25
17
-7
-106
76
51
-12
-55
28
21
76
7
112
149
38
52
118
92
-40
-39
38
13
-50
23
-6
246
266
74
128
34
-41
4
-59
-53
-88
91
20
1
4
4
-21
21
81
103
36
101
33
6
-38
0
-56
40
2
-11
9
18
-35
-46
-70
37
-2
23
56
88
154
72
64
55
58
117
146
172
103
55
4
-11
-68
-68
0
11
27
25
23
130
106
105
99
37
44
11
-1
6
20
41
-8
-12
8
52
50
41
8
65
33
33
48
56
57
75
33
18
56
49
77
9
70
25
-8
6
25
68
33
58
83
102
125
99
-2
-62
-11
-52
-52
-57
35
100
51
26
34
72
28
53
32
89
53
38
17
-12
-10
34
86
11
43
52
72
25
-4
-11
12
17
8
-10
0
20
64
41
65
-36
65
49
71
98
55
24
92
105
71
-5
-23
-12
-4
-11
20
3
53
68
60
80
4
64
16
35
51
77
72
92
100
36
11
33
-5
6
-11
22
10
8
65
68
54
21
-6
-9
-8
1
107
117
288
304
272
133
-8
-65
-26
12
-6
1
-41
-134
-70
-92
-132
-70
-72
-74
-39
-35
-25
-30
34
4
59
33
71
82
105
33
23
69
48
58
48
69
39
90
147
145
233
211
134
66
-100
-7
109
204
245
183
73
71
6
-50
-106
-167
-187
-211
-134
-74
-87
-37
-61
22
9
-13
16
52
36
27
39
41
52
77
64
106
108
87
182
84
-1
97
51
38
21
45
11
33
-21
-7
8
26
-4
8
2
6
38
24
-1
25
53
16
24
-5
-10
55
68
21
-20
-43
18
10
50
87
51
57
34
20
16
8
5
23
28
12
28
56
49
22
67
120
193
195
71
-37
-74
-44
-8
64
132
96
44
-27
-83
-83
-91
-100
-53
-33
2
-49
22
-14
10
71
122
89
66
20
-5
-14
19
4
27
20
-7
-1
96
32
23
17
7
-9
51
66
67
64
28
29
12
42
59
70
1
48
0
-18
-4
8
43
59
101
121
117
83
42
3
-7
23
41
-3
-19
50
29
-30
-22
3
51
12
73
2
28
10
41
24
23
17
-33
-51
65
12
64
36
26
23
-21
-45
17
59
112
113
92
86
59
19
33
44
32
-24
10
-25
41
27
68
90
81
40
20
-11
-22
25
17
-37
-33
-29
-70
-46
-39
4
-23
16
41
21
24
-5
21
116
114
144
-50
-5
-70
-174
-104
-76
-35
-26
-52
-5
76
97
88
42
-21
-26
71
58
59
42
86
65
91
58
135
71
88
22
42
116
113
151
96
64
93
10
-40
54
70
13
91
83
-18
50
89
155
69
28
7
-25
-10
-58
-51
20
42
44
67
4
53
35
19
33
-19
36
41
48
43
-2
65
91
120
25
74
84
-27
166
84
-18
13
-6
49
88
0
76
43
178
433
375
75
75
119
-6
-102
-125
-51
2
59
-75
-54
-44
-13
11
-6
37
37
-3
100
122
120
183
114
109
69
34
12
17
17
69
51
3
13
0
37
45
37
36
72
82
29
35
48
42
-12
26
49
-34
-66
92
34
73
119
55
114
83
48
68
91
108
72
16
41
-2
-8
36
87
-2
25
24
-10
-25
34
-22
25
26
32
36
55
56
121
99
114
81
48
-2
-18
69
7
53
22
-9
169
249
208
76
-3
-50
-86
-88
-53
55
27
27
69
66
179
145
196
112
105
17
-14
-82
-148
-171
-97
-37
12
41
58
-29
-25
39
35
43
34
2
75
100
150
162
116
82
68
-4
-35
-36
-23
-18
20
74
-86
-60
33
18
-12
-60
-61
-49
-41
-86
17
39
149
134
153
27
26
65
81
2
-58
-21
-54
-92
-65
-30
-102
-46
39
11
-10
75
84
-9
-59
-19
64
70
99
10
-58
-59
-5
64
-34
-54
43
48
76
137
146
96
33
7
-153
-73
-29
18
-18
-50
-69
-134
-86
-42
-57
-61
-20
-55
-29
-153
-108
-10
33
11
59
99
145
164
266
210
13
20
41
101
105
44
119
-27
-60
-8
44
49
57
26
25
48
148
161
192
7
-49
-25
-78
0
43
38
90
4
-4
-2
1
-4
40
60
93
-13
-13
0
150
41
80
58
121
75
28
18
145
196
23
75
133
68
-57
-117
-72
-6
12
-12
11
41
22
-9
57