0
66
48
13
35
0
22
123
198
380
475
456
352
74
-53
-141
-276
-318
-275
-306
-190
27
412
641
391
166
-140
-419
-380
-371
-342
-339
-257
-189
-125
-39
-34
88
71
113
113
145
183
177
176
151
112
68
24
44
-66
11
55
27
50
-57
21
20
40
71
91
72
71
36
48
76
56
4
60
44
91
19
22
69
147
88
20
-4
22
42
18
-6
-9
-1
19
55
86
39
35
21
21
55
44
90
227
409
466
489
384
176
-28
-102
-262
-258
-248
-307
-269
-212
-121
-123
-33
-23
35
74
16
2
43
-20
8
34
64
65
33
89
64
144
72
121
41
82
145
74
85
59
96
40
-42
39
98
114
39
45
67
101
65
53
72
23
137
53
8
40
-34
87
53
54
7
-39
32
13
84
89
22
6
83
17
203
412
609
391
133
3
-185
-164
-179
-147
-202
-137
-50
323
423
199
259
76
-204
-402
-283
-285
-316
-196
-188
-169
-73
64
22
34
75
69
116
52
82
69
28
97
45
105
9
89
156
172
64
92
56
107
19
-92
24
-56
-29
-58
100
1
-2
-50
-33
-3
25
56
37
20
-7
188
163
133
108
316
292
189
120
304
108
8
-113
217
162
38
-73
-83
-12
99
-12
-33
88
106
93
-56
-27
-33
-25
21
434
509
69
-242
-385
-418
-392
-387
-301
-380
-378
-227
-157
53
83
34
-13
80
156
156
214
74
-3
16
171
177
172
116
214
242
50
112
129
135
16
-68
71
156
107
24
104
7
17
-8
-19
21
-43
60
73
22
32
119
53
12
-75
-18
-52
-23
-50
-11
67
80
16
41
40
108
26
-12
76
54
35
24
-84
33
125
89
81
26
202
6
49
108
50
-103
-53
40
-44
-3
-11
24
43
56
69
112
10
-21
3
-81
9
5
-65
23
8
98
76
-11
19
-62
5
-2
211
241
112
87
18
50
-19
27
7
209
432
519
344
242
-44
-188
-295
-185
144
269
272
-29
-229
-230
-323
-379
-361
-361
-291
-156
-152
-39
-4
18
162
177
73
34
2
22
26
24
101
71
33
44
102
164
42
139
74
48
118
108
49
5
4
99
67
17
-4
53
115
112
-2
52
53
53
148
147
80
68
21
-84
-41
-40
-5
17
-54
12
13
105
68
44
32
80
27
22
36
33
40
48
6
-29
19
-7
130
26
-1
-12
10
66
52
33
39
39
-51
68
73
57
22
32
59
-23
8
16
25
11
-35
73
81
104
21
93
7
60
-19
-21
101
72
17
-8
5
33
48
114
28
51
55
36
16
39
114
81
72
35
37
5
66
40
43
-45
50
88
72
12
51
10
-28
43
128
234
407
473
294
52
-19
-234
-312
-251
-248
-221
-161
-20
104
-4
-5
34
51
71
48
72
150
177
165
45
1
109
89
0
-88
39
115
147
120
34
-76
-50
-17
-18
-21
-18
5
65
73
33
-59
-58
11
13
17
112
77
138
96
38
6
-33
-40
-26
87
70
-5
-21
101
28
85
35
37
56
90
69
97
216
88
116
-9
-42
16
-56
-30
-6
16
17
-24
9
230
361
472
393
123
-152
-316
-329
-310
-219
-251
-138
-103
-34
37
75
68
10
37
41
-2
66
102
105
103
64
32
24
64
18
75
24
36
124
156
133
34
65
38
-21
56
20
40
18
8
-19
12
61
-3
87
59
81
-37
1
-25
16
61
-23
17
0
34
38
35
3
77
85
19
-18
60
61
72
27
-22
-6
32
135
64
74
263
404
389
161
-73
-189
-244
-283
-226
-169
-156
-43
33
29
21
73
50
21
23
19
66
80
39
97
38
115
75
36
69
68
67
-28
-40
-75
-38
48
68
22
-6
44
54
19
-4
32
70
75
4
-23
-35
37
-9
83
38
19
-4
59
9
5
51
49
9
18
38
70
80
51
44
33
52
-53
-25
-7
54
40
67
17
22
61
3
-68
60
67
27
169
376
533
328
212
-22
-217
-313
-358
-344
-260
-219
-124
-38
-34
74
80
64
22
-10
61
97
98
27
57
38
39
53
43
33
32
-10
-42
68
53
100
9
56
42
56
64
19
38
49
52
9
72
73
26
-22
76
49
37
19
-4
-54
54
5
26
-2
17
57
109
147
99
87
19
-33
36
18
73
25
43
82
-33
-23
33
51
36
26
53
123
23
56
38
-1
64
18
-1
81
169
128
50
-57
11
20
-2
23
82
168
107
104
28
64
218
272
404
344
91
-107
-266
-276
-281
-233
-172
-57
34
54
39
24
28
28
24
39
52
59
80
58
58
98
105
50
56
8
27
73
72
84
64
44
48
-21
11
17
43
45
54
50
33
44
41
24
4
49
85
72
1
235
316
456
361
135
-66
-218
-279
-297
-293
-170
-58
-29
-30
-28
32
76
91
81
48
109
87
23
92
27
9
43
41
21
118
117
121
72
52
10
75
39
39
38
5
52
19
27
85
82
72
11
86
11
-10
-27
-35
90
69
7
11
40
52
32
-10
22
91
33
2
-22
-61