0
-673
-775
-861
-635
-405
231
1472
522
151
2
297
253
1
264
387
747
736
403
422
-114
-934
-1002
-690
-565
-398
-253
13
-233
-353
16
-21
67
66
298
644
673
872
372
533
202
-260
-166
194
179
-158
-92
-6
309
249
216
151
199
187
173
71
231
433
184
-17
-11
140
118
77
-154
-292
-107
-17
-49
-185
-104
-169
8
69
42
-86
-99
-345
-403
-251
-139
-2
92
122
193
169
195
182
209
100
151
212
120
84
10
-35
-58
-5
-17
12
-85
-60
-41
58
37
97
234
235
80
6
-30
-42
13
-27
64
53
59
91
138
64
1
-71
13
-77
-3
104
475
699
745
540
280
150
33
-577
-1096
-977
-893
-653
-519
-390
-354
-258
37
101
288
192
6
50
220
145
247
371
435
469
89
-28
-120
-113
-42
92
-34
27
-93
-35
84
83
156
228
349
411
458
393
325
98
-93
-148
-106
-9
-4
0
103
344
406
253
85
-67
-178
-123
23
199
112
-106
-130
-151
-84
-42
-123
-133
-54
-118
-23
-39
13
20
97
59
122
38
-36
-46
8
-19
-5
-4
-2
10
85
58
229
346
169
85
171
44
-75
-107
-68
-106
-204
6
439
-84
-101
-166
-197
39
251
-60
-82
-221
-87
-46
-89
-49
-93
-4
129
163
455
389
273
-110
-217
25
375
151
-67
-118
-260
-246
11
144
112
-44
-75
119
341
384
128
-181
-150
102
432
450
480
337
379
200
278
196
184
-151
-302
-355
-666
-723
-641
-264
-115
44
-218
-340
-347
-98
-90
-36
16
59
37
28
102
105
117
339
401
356
177
2
-27
-84
70
306
499
277
73
-130
-164
-39
59
189
307
242
-8
-105
13
292
160
-11
-209
-222
-227
-151
-106
-132
-50
-44
-14
27
132
128
161
377
378
221
129
-46
-152
-164
-152
-134
-105
-113
-67
-45
35
24
1
58
90
53
39
49
122
56
38
44
34
18
54
6
72
113
64
67
43
59
51
37
8
70
68
68
4
16
38
67
105
42
35
-14
-17
-7
66
23
19
17
10
28
3
1
-20
42
40
59
21
44
38
67
43
57
58
55
69
64
38
22
73
21
-2
84
37
34
23
-10
80
53
35
54
22
55
48
16
58
102
105
16
45
27
39
-34
43
-29
19
1
-10
34
3
83
-2
28
32
49
74
59
23
42
43
32
-28
3
73
18
32
12
87
52
-2
-38
40
-1
-4
13
71
80
108
5
-34
-5
38
76
96
53
45
86
102
32
42
84
68
24
1
6
-17
49
49
28
11
65
38
9
39
44
65
91
20
48
26
53
119
138
32
6
-33
-11
22
10
8
12
129
199
188
193
148
136
97
54
2
-43
-103
-74
-121
-52
-57
5
0
59
65
201
209
171
108
33
-44
22
171
420
496
483
428
117
157
-30
-151
-311
-365
-374
-275
-235
-171
-122
-93
-115
-140
-119
-93
38
99
173
70
-9
69
-49
-98
-89
-12
33
-52
-11
-27
80
53
88
26
35
21
58
24
106
83
44
24
76
27
60
55
134
211
256
205
199
37
44
33
50
76
135
24
39
-26
-119
-90
-98
0
43
51
-21
-93
-105
-76
-75
-43
18
64
70
54
91
57
66
60
26
20
35
54
20
69
85
57
40
44
54
34
69
54
85
56
61
70
49
51
37
26
48
22
87
42
33
37
68
43
49
38
4
56
58
66
84
56
27
17
-12
54
37
28
41
42
101
-13
29
48
108
146
86
48
-6
-33
-11
91
108
97
154
87
24
-4
-35
4
-37
-18
-36
-25
-5
-19
10
53
12
48
-53
-1
6
20
27
-4
40
18
74
76
33
-35
-4
55
96
58
54
69
38
49
45
-6
-5
60
65
85
69
86
90
97
51
1
-7
19
55
52
38
-1
-7
24
18
37
-8
-17
20
18
4
32
16
17
2
8
44
76
41
44
-12
19
26
73
34
48
56
92
124
166
177
151
65
2
-18
-115
-86
-99
-73
-21
-8
77
42
38
28
86
65
112
97
91
112
168
177
130
81
41
6
-85
-46
-36
-68
-34
-99
-82
-97
-102
-34
-13
11
52
180
280
274
20
-166
-136
-52
85
59
-10
0
-23
36
50
99
106
149
278
588
704
698
467
304
247
134
-12
-34
-107
-204
-243
5
18
-50
20
-14
-12
-187
-212
-166
-186
-100
33
76
220
164
114
-11
133
-24
-167
-242
188
380
288
182
129
-21
-7
-7
85
135
-23
68
-11
68
-38
60
193
37
-156
-218
-178
-152
-161
-293
-265
-289
-71
-108
-124
-99
-231
-163
-7
-5
108
135
144
91
-17
-172
-211
-147
-114
-55
-61
80
68
-21
178
139
210
163
141
1
5
74
187
81
-71
-166
-124
156
266
278
202
90
117
-53
-103
-141
-151
-125
132
133
349
192
-58
-147
-298
-296
-25
-70
-65
-106
-93
-83
-74
-27
10
-17
-24
-129
-66
-72
-77
40
34
156
101
-152
-182
-77
-73
-74
-2
152
72
-2
42
76
235
364
412
148
5
-257
-247
-158
-167
-104
359
514
368
133
-198
-312
-280
-212
-21
-103
-194
-25
310
932
1316
541
163
482