0
-29
-22
9
-11
-27
93
125
81
120
38
-4
-3
-3
1
44
34
18
37
106
102
114
121
184
152
128
140
149
136
265
340
278
186
230
202
138
5
-187
-137
-233
-265
-230
-242
-197
-68
-125
-195
-75
-8
43
84
203
357
307
103
-4
5
122
38
-18
-150
-221
-162
-52
86
188
220
92
51
37
81
-105
-99
-21
-117
-56
-19
165
149
-36
-188
-174
-26
7
-145
-249
-300
-290
-203
-135
49
128
141
-19
-43
-86
64
116
181
178
299
387
204
187
215
77
84
19
-9
-99
-34
-7
59
-37
75
-11
-56
-109
-71
-19
-110
-114
-19
-101
-146
-217
-153
-136
-217
-269
-91
-10
23
278
279
220
-172
-145
0
54
169
-57
-50
-187
-90
72
91
215
178
354
236
121
266
118
7
-73
-17
68
25
85
-71
12
89
73
-55
-129
168
113
112
185
130
115
141
6
129
10
20
89
44
75
-84
-114
-101
-122
-86
-182
-78
40
66
59
42
-84
37
149
210
243
321
213
134
38
37
87
178
-39
-71
-360
-201
-29
130
16
-109
122
181
-33
-82
-82
-19
104
103
-5
64
-34
-61
-85
-9
-53
-34
124
5
26
-42
32
-151
55
-21
-1
-22
98
116
53
180
253
132
130
-117
-85
128
177
212
156
211
50
166
91
-1
-345
-421
-292
36
37
102
182
427
338
59
53
-107
-300
-259
-220
-105
-427
-298
-195
-279
-340
-236
-330
-69
184
155
-316
-30
512
818
758
359
199
138
182
278
378
185
-231
-488
-410
-354
-209
-7
116
276
320
368
266
36
-106
-123
-117
-49
-164
-244
-193
-293
-376
-66
100
248
193
128
66
75
106
217
262
250
592
872
711
313
68
-106
-132
-33
539
769
776
697
522
295
-134
-456
-539
-561
-478
-537
-612
-571
-491
-298
-103
60
72
61
69
172
162
186
114
84
-17
-42
18
140
170
162
160
96
17
98
43
-28
40
163
76
43
40
20
-45
-8
-49
-71
-86
-57
57
83
168
1
71
-34
60
76
86
41
13
82
84
96
-7
16
44
7
60
134
35
49
73
125
150
82
-67
24
152
118
186
249
113
20
-12
17
56
282
279
242
121
-55
-173
-248
-181
-109
-166
-211
-92
-24
-107
102
68
181
322
454
450
283
82
81
-60
-183
-356
-378
-277
-2
119
-100
22
88
-185
-134
-53
4
-18
-74
-22
-113
-184
-70
-97
-49
-51
-70
-325
-234
-199
-34
124
296
182
-17
-172
-121
0
136
130
5
-19
-11
135
176
80
81
129
84
130
77
24
55
41
49
33
42
70
-25
11
37
16
56
29
40
-27
-5
7
44
-71
-21
28
39
118
106
-14
-34
-59
42
116
294
202
128
-43
-108
-86
184
192
34
-6
32
-119
-200
-269
-183
-141
-70
-36
-39
22
27
23
-50
44
28
103
92
66
-4
26
-59
98
53
42
69
18
33
17
40
43
-1
-22
22
8
82
45
5
58
68
87
90
44
6
28
16
4
96
115
85
106
41
73
25
26
-7
56
76
92
115
54
98
43
69
85
51
43
33
-29
34
16
52
81
195
205
176
123
45
18
17
16
-8
38
114
66
-54
-110
-114
-147
-114
-89
-59
-24
36
50
98
163
101
35
35
48
140
134
152
243
217
195
155
-29
-43
156
333
624
887
769
485
145
-204
-311
-325
-443
-489
-465
-428
-375
-357
-283
-197
-189
-212
-180
-204
-157
-89
-25
0
-18
37
116
201
355
461
347
292
117
36
-40
-84
8
4
27
6
18
-76
-56
-7
32
9
50
89
92
67
92
57
27
55
136
253
250
128
16
-58
-116
-114
-10
25
-5
3
35
40
91
114
-11
170
263
160
-43
-59
-172
-142
-41
-81
-76
-57
-61
-12
-13
0
86
99
99
85
65
61
39
109
55
55
75
133
44
42
33
40
17
-13
128
173
199
70
38
90
41
-82
-43
-51
-85
-40
-36
-20
-82
7
-21
64
50
68
90
112
118
113
12
36
20
54
8
-12
5
69
167
128
36
35
11
-34
9
13
108
186
258
249
137
38
9
-59
-100
-141
-69
-76
-67
-52
-12
36
-14
8
96
54
5
-21
9
38
41
49
69
54
75
43
-25
52
-6
45
122
54
72
97
129
135
59
26
7
-13
57
22
-23
34
36
7
83
59
52
5
13
21
117
209
170
226
129
107
76
103
51
112
-52
-66
-78
-33
-12
-8
-13
-22
-53
-30
18
-11
-5
2
0
39
28
32
10
65
75
11
21
7
-5
35
43
96
116
53
-29
-29
-20
-28
2
5
-19
-8
60
75
21
38
16
5
27
91
101
83
35
92
36
88
89
59
92
86
19
42
9
-3
-17
52
55
25
58
67
38
20
34
64
-29
-4
0
72
40
33
28
-9
57
70
-2
3
53
5
48
41
89
51
36
65
52
23
39
42
57
27
72
32
40
25
45
9
32
69
56
28
41
-9
6
7
44
53
52
39
41
41
92
42
73
19
43
66
37
26
75
70
25
57
2
-1
102
20
27
-43
-45
-24
-39
11
37
58
69
93
6
41
50
89
70
89
68