0
-549
-771
-3
8
92
135
199
299
188
161
372
396
532
525
371
177
161
65
235
-25
48
-182
-196
-177
4
6
181
156
645
1286
1019
594
340
-251
-882
-1092
-1181
-1209
-853
-450
-102
293
186
123
114
-106
-81
-71
-86
-237
-252
-1
180
594
552
230
-105
-139
-217
-257
-107
213
712
1236
941
839
632
35
-533
-690
-267
327
-147
-269
-481
-347
136
291
522
646
916
785
610
145
-43
-493
-730
-793
-605
-338
-213
-37
294
1175
1561
1171
839
619
420
124
72
128
8
-184
-630
-790
-366
332
203
230
-485
-1587
-2048
-2048
-1610
-857
-685
-393
-94
-407
-341
-8
518
1297
2047
1568
533
-1
-285
-436
-279
133
349
293
233
1044
1962
1347
502
313
305
48
-990
-1382
-984
-356
787
1217
394
-777
-888
-693
-773
-731
-362
-613
-508
-536
-538
-219
87
224
228
297
294
413
466
187
508
693
438
210
17
-22
28
66
201
277
-14
56
214
322
288
307
764
570
256
-26
-181
-181
-217
-375
71
793
678
440
114
151
117
-90
-353
-363
-182
2
64
93
26
-283
-548
-461
-393
-341
-266
-94
-117
-42
136
45
321
65
-180
49
-18
51
148
-9
24
201
151
55
105
323
409
738
584
371
264
346
539
781
770
518
89
-180
-315
-276
-373
-18
448
598
77
-291
35
518
330
-137
-500
-419
-172
-235
-331
-135
73
199
596
738
-44
-586
-1165
-1218
-804
-411
664
1525
1747
1376
897
456
124
-348
-888
-698
-333
-517
-273
-97
216
-189
-306
-542
-756
-874
-932
-193
-11
297
56
-482
-796
-498
-156
-8
362
321
313
293
45
-329
-321
-270
-265
-153
52
96
9
-4
187
262
700
691
404
5
-184
-329
-251
-232
-196
-125
-67
97
42
28
9
177
273
216
178
129
81
58
49
27
195
183
88
-6
102
83
29
50
51
91
16
140
140
114
160
51
169
209
186
106
58
64
279
570
295
673
779
518
44
-170
198
605
755
873
550
-41
-854
-1478
-1306
-519
-1044
-465
263
-294
-728
-676
-291
-155
24
99
181
362
240
166
-37
70
448
1161
1033
379
-227
-305
-292
-326
-309
-262
-156
-151
-6
115
199
114
16
19
58
75
9
108
165
204
135
214
346
584
721
344
36
-82
-180
-236
-114
105
296
423
424
211
-141
-249
-189
-8
-18
-132
-310
-370
-299
16
132
144
17
156
-83
-116
-74
-65
-149
-9
71
69
22
-134
-196
-157
-289
-164
-155
-59
64
227
411
522
498
356
85
138
262
151
169
-9
12
140
257
115
218
-17
92
284
306
218
26
-376
-437
-331
-222
96
164
584
860
481
67
-173
-300
-403
-422
-645
-803
-817
-619
-516
-328
-246
-155
-66
48
307
48
-105
-169
-37
43
147
114
66
-61
-220
28
315
496
315
305
404
368
-149
-330
-424
-533
-492
-547
-445
-260
65
295
54
204
293
211
184
218
55
22
82
-99
7
-89
-45
98
106
114
7
-9
-3
-19
41
153
105
4
439
692
747
746
593
-85
-411
-183
-317
-264
284
564
697
694
550
105
-153
-254
-604
-850
-989
-709
-93
283
356
107
149
193
-204
-19
-154
-279
-22
-113
-389
-650
-910
-771
-389
-5
-11
-162
-165
-435
-122
128
-508
-296
-378
-450
-293
-333
-149
-33
-39
228
747
758
676
713
709
807
912
707
965
745
144
-379
-439
-459
-45
515
602
692
1125
1040
449
131
133
214
180
-119
-388
-567
-263
218
86
-125
-161
-101
-153
-310
-77
-9
1
-213
-333
-253
-93
-21
308
-66
-341
-340
-265
-34
-105
-68
72
98
164
-13
-136
-150
-151
-177
-104
-235
-17
54
245
577
404
426
368
240
393
231
98
-33
-52
-97
55
-84
-84
-126
-70
-153
-225
150
165
165
100
-9
28
-181
-195
-119
6
71
54
240
368
378
-58
-185
-379
-198
-195
-92
-6
144
48
-60
-28
-220
-8
184
177
391
595
389
61
-142
-233
389
936
466
-1
-439
-215
260
336
392
169
-212
-327
-538
-461
-166
443
1219
949
760
314
36
-311
-748
-1205
-1163
-553
-188
-89
-366
-441
213
912
1156
985
599
-109
-967
-1449
-1127
-685
-613
-731
-1252
-1012
-755
-455
-341
138
-18
-173
-173
-195
-99
120
355
683
777
725
482
200
-9
-27
-265
120
123
176
52
10
259
331
141
-50
16
-82
-132
-8
210
-28
99
-10
147
337
593
524
294
208
199
41
-29
-68
22
275
345
292
230
74
71
103
59
228
152
259
269
130
1
108
297
564
707
674
485
358
216
217
450
361
389
453
342
265
211
133
48
-184
-449
-773
-925
-475
-291
-281
-355
-193
-362
-394
-333
-311
-226
324
427
337
-71
-9
-172
-37
177
-171
-293
-353
-116
-119
-167
-635
-694
-481
-184
-129
24
257
276
154
21
-17
236
408
531
349
256
312
205
224
-174
-205
-377
-486
-322
-310
-166
-235
29
424
258
133
133
245
235
48
-229
-179
-92
107
145
476
293
342
244
-13
-69
83
215
217
294
167
-199
-337
-121
-102
-41
-198
-234
-312
-228
6
181
198
324
151
56
-92
-53
-88
115
402
131
138
631
773
608
194
-86
-59
-70
-137
43
26
259
250
-28
-156
-169
-108
-33
51
-50
-100
369
645
852
853
595
325
232
186
-36
-421
-629
-585
-475