0
-10
53
13
-1
7
-43
38
19
17
68
41
55
42
28
-4
34
104
5
40
53
28
48
22
39
20
29
42
17
17
66
35
23
51
19
67
48
55
44
33
28
7
32
34
-14
9
7
7
6
32
21
41
49
86
10
19
1
33
36
33
9
39
23
8
12
35
27
43
52
70
32
44
51
24
40
54
41
36
42
43
13
17
26
33
25
-12
2
49
10
39
11
28
3
42
39
34
73
81
40
40
42
72
54
35
37
-2
48
2
43
35
86
66
39
49
9
1
22
33
55
10
22
2
17
36
49
57
76
32
20
65
40
-11
12
21
52
41
-18
32
59
55
74
56
24
-13
-21
-20
28
-11
18
22
42
22
-41
17
68
-11
20
29
33
26
10
12
73
22
5
34
67
51
51
4
3
86
6
44
52
73
97
51
58
2
-3
-43
40
25
69
73
65
28
67
59
56
10
41
4
2
16
7
59
107
112
147
99
84
28
82
4
-8
21
20
-14
-21
6
-20
11
35
70
98
9
19
71
52
27
27
6
-3
11
25
12
-7
-6
-1
69
83
-8
58
25
33
28
20
-33
-25
32
2
51
54
75
54
75
88
98
44
26
11
-37
-18
-26
-20
18
99
33
25
-5
39
22
56
37
41
100
43
25
58
35
55
86
57
27
136
54
19
24
26
12
54
70
49
-27
-14
-45
-10
12
25
38
-24
34
74
51
59
-7
-40
-6
27
38
33
64
51
25
5
-11
81
68
17
-4
-41
18
26
11
7
124
80
49
44
19
71
109
147
125
53
89
76
59
56
19
-8
-18
-67
-74
-28
17
21
-76
-30
-23
50
59
50
49
9
-2
54
4
69
64
33
68
-1
44
81
10
0
-6
26
6
-13
77
-13
53
19
50
54
51
40
-7
35
40
54
83
82
55
35
74
22
19
99
67
43
82
19
28
24
20
-3
-7
39
6
4
-14
-6
-23
-14
2
2
58
48
64
8
12
-9
12
37
59
102
38
71
41
25
21
50
55
3
28
75
29
39
19
12
43
41
40
35
-9
11
48
-12
21
9
50
34
55
8
59
18
24
55
24
28
58
44
104
35
65
22
-33
25
54
59
17
5
8
43
-4
-25
37
48
36
18
-37
41
67
42
51
2
21
44
27
8
51
11
28
21
67
41
56
34
50
9
10
-33
39
37
55
67
49
38
41
50
48
-6
10
20
25
5
11
6
8
50
13
23
-1
17
0
61
43
9
115
84
116
37
26
11
-28
-12
-17
-6
-7
37
44
52
8
42
3
49
72
53
64
65
88
2
-36
-24
-39
-2
-38
20
25
52
129
183
240
215
96
64
-86
-84
-116
-74
-146
-126
-44
24
70
105
65
68
28
28
-2
-4
52
53
25
-40
-83
-77
-75
28
-14
117
67
146
135
48
-36
-87
-110
-89
-51
24
137
236
325
329
373
201
32
-188
-167
-118
-109
-84
-54
17
0
-49
-108
-83
20
36
18
0
41
65
-1
25
84
116
76
44
37
57
51
28
64
116
84
54
58
37
61
27
23
38
48
56
164
145
130
35
-28
-125
-132
-69
-22
20
-4
21
-50
20
134
96
44
0
52
71
89
67
88
88
67
115
44
55
-3
-30
11
0
5
-11
6
-42
9
70
33
136
116
109
39
-7
-29
-74
-33
-42
12
-1
38
56
29
18
53
25
38
71
108
211
149
87
-66
-9
-14
57
52
-10
36
-6
-28
-10
13
45
44
45
36
18
-10
-35
-84
-37
16
33
33
71
19
6
-1
27
43
57
112
36
36
44
5
6
18
10
32
44
43
49
71
41
58
20
16
13
40
-13
-2
44
-21
44
58
34
-1
5
-14
43
13
52
12
24
40
67
99
20
39
-28
44
51
24
-13
-2
7
9
43
68
23
54
49
32
72
69
43
34
12
28
25
4
2
19
10
0
18
1
28
44
16
51
2
28
80
56
35
-1
48
50
42
35
8
54
57
32
5
71
57
96
61
-21
7
38
115
54
32
37
44
-52
-1
22
55
4
82
41
40
27
13
-1
25
-1
28
22
43
19
25
71
41
51
-4
10
28
57
36
57
7
55
23
39
12
29
41
64
29
41
40
58
12
16
-10
2
41
26
32
24
2
32
34
49
42
33
52
22
7
50
0
-5
11
23
51
55
-6
16
71
60
25
6
6
8
66
52
37
29
20
21
154
172
146
55
-3
-25
-83
-35
-19
35
42
81
70
43
-17
-43
25
2
-18
4
-9
26
20
12
6
53
43
22
52
70
89
41
50
61
38
53
21
5
35
7
12
29
20
12
8
42
37
23
71
55
16
72
135
132
134
160
69
25
-74
-11
-29
-20
-38
3
12
6
-25
17
34
28
53
69
-4
-5
36
45
93
121
135
129
60
29
-27
-18
6
77
70
-28
37
64
13
25
40
-2
51
49
102
35
67
124