0
-119
-70
-9
4
66
76
17
66
119
100
54
1
18
74
20
2
19
3
-7
-7
10
42
76
-3
28
72
25
92
87
160
193
139
75
34
35
17
26
-60
-55
-27
36
55
11
42
56
86
42
60
139
229
101
-50
22
-6
-4
-82
-90
-34
41
60
90
90
90
86
102
59
86
-62
-51
6
-26
-87
-73
-60
-2
7
18
57
76
-22
92
82
56
124
119
155
196
213
196
214
56
35
-66
-98
-25
-39
-12
-93
-68
-13
-43
43
40
118
8
-72
-141
-92
10
136
173
136
12
-67
-77
-105
88
148
281
130
9
-36
-18
-50
-89
-45
-26
-39
-23
-8
6
7
42
44
49
45
48
89
58
71
74
74
42
56
70
19
51
86
102
64
19
102
74
75
68
188
236
341
148
182
259
28
-161
-190
-107
227
322
337
231
248
291
177
242
224
166
75
235
243
338
168
-198
-154
-284
-168
-200
-350
-101
-138
57
-100
-189
92
-99
-54
-88
-58
-103
312
-89
122
-372
-200
-141
-151
40
-59
-285
-211
-696
-730
-589
-701
-1000
-887
-633
-274
-225
-244
-21
275
704
1528
1538
1123
1318
656
-489
-955
-1015
-1210
-889
-206
872
696
908
1008
576
549
1924
1707
1255
845
642
241
-649
-853
-1243
-1869
-843
90
512
234
617
273
20
1417
1445
920
534
314
-11
-621
-1554
-2048
-1348
-755
-149
-589
181
764
918
600
-121
-270
-35
774
368
-269
-788
-141
202
212
-282
-850
-689
160
613
101
-276
-356
-149
-130
657
1014
230
-237
-503
-578
-488
-170
380
265
211
903
1260
1066
732
409
59
-50
-532
-263
-7
151
316
257
3
195
675
486
300
-17
-6
216
90
16
-87
-106
-215
-322
-98
220
234
148
-49
-14
-105
-233
-308
-331
-241
-9
128
53
36
-12
162
86
73
-226
-476
-498
-381
-105
179
290
299
227
54
-25
83
71
7
59
410
805
695
530
439
322
64
-89
-236
-293
-252
-148
26
-49
-119
-2
-9
-222
-193
-123
-186
-249
-244
-295
-196
-40
-34
70
20
97
195
272
210
309
388
300
184
141
408
488
473
251
-17
-94
-82
-196
-226
-274
-197
-212
-218
-84
-72
21
29
40
61
76
50
96
68
49
44
80
98
80
22
97
66
196
234
283
278
227
217
90
-10
-28
10
187
183
35
33
-66
-113
-139
-132
-203
-131
-113
-99
-56
-77
-66
-76
-132
-91
-76
96
168
99
39
40
-57
-84
-73
-82
-40
-2
-4
-17
-10
64
106
61
28
-19
41
0
-14
7
3
82
98
-12
70
146
162
147
166
69
11
-4
23
-58
12
7
17
5
9
-38
32
53
96
80
106
81
25
-13
-14
0
-97
-38
-76
-82
-7
22
45
59
92
144
155
132
36
17
1
-66
-41
18
-18
-26
-7
21
0
28
68
80
106
128
172
170
133
112
-4
-59
-82
-52
90
84
17
-85
-62
-107
-131
-89
-44
145
236
225
77
-23
-86
-27
44
28
119
81
-4
-34
39
-29
-70
-86
-37
-3
87
104
-11
-46
-55
-76
16
77
66
66
-10
-2
49
-28
12
129
236
306
180
25
-60
-118
-122
-22
59
149
156
156
133
101
-57
23
252
212
134
169
69
-177
-284
-221
-163
-156
-60
-35
19
134
86
8
19
27
27
6
-21
-77
-55
59
-33
-24
-9
-13
11
5
49
193
167
117
24
34
88
75
74
56
59
183
322
132
66
155
267
212
150
59
35
107
58
-121
-182
-195
-136
-107
-97
-46
177
256
211
119
-6
66
34
-70
-117
-129
-130
-145
-116
-49
-12
-14
80
59
77
68
19
74
53
17
65
72
74
87
83
69
41
37
113
68
51
70
12
64
106
150
73
178
170
213
311
362
327
246
152
1
-83
-135
-28
12
-54
-35
-88
-210
-311
-269
-163
-193
-50
9
8
-20
-39
-27
10
27
59
13
89
131
128
105
184
236
119
20
32
77
18
-22
45
80
77
-13
-37
-71
-57
-61
-6
-43
-61
-14
38
91
109
49
42
37
76
91
51
10
90
73
138
98
67
-3
2
40
56
39
33
29
6
32
33
-9
10
40
52
68
66
37
44
71
52
-13
57
34
90
100
91
56
54
57
57
50
43
13
58
42
55
67
56
37
26
12
-3
98
74
88
88
36
-3
3
-25
-21
19
-14
-2
-1
29
36
76
10
68
163
16
23
3
-22
-9
8
53
57
73
74
33
18
36
91
44
26
59
24
-8
-4
-9
28
55
68
28
44
35
18
23
56
86
35
27
35
69
58
22
56
45
48
43
55
49
32
68
112
104
122
106
74
37
17
74
171
122
38
-55
-108
-60
-76
-12
20
-14
-76
-28
-28
1
3
50
25
60
72
20
76
105
103
23
22
-4
-27
21
60
101
148
67
88
9
114
136
102
75
33
2
19
38
0
-42
-154
-172
-100
-30
4
-20
56
-2
-50
25
-19
21
-23
-18
-12
3
81
-14
49
20
86
99
102
90
106
-23
24
-33
-10
-49
-4
37
-5
54
10
-22
42
27
18
43
66
107
58
22
-1
37
43
35
38
64
38
48
71
20
56
20
-4
2
12