0
102
106
104
117
82
65
76
135
16
-39
-4
25
114
265
284
299
288
99
85
-75
-119
-231
-269
-263
-102
-22
-41
7
48
13
66
173
49
8
41
21
120
136
183
41
-38
-44
-49
-74
-25
-23
32
75
17
96
74
70
34
-8
10
45
41
32
34
-8
35
123
74
55
26
28
12
38
72
74
69
59
-9
74
65
-145
38
145
151
135
216
257
99
220
220
-151
-182
-238
-132
-183
-129
-53
-45
144
248
189
121
67
24
91
57
-55
-82
38
180
326
162
-35
-195
-265
-259
-206
-109
-6
118
196
117
103
169
105
61
-33
-45
-137
-201
-165
-140
-83
-41
-58
-38
-9
114
4
25
3
-1
-11
-69
-10
27
58
51
116
76
88
60
58
74
81
73
100
54
65
-17
7
43
92
-51
-60
-67
-36
85
200
346
324
220
726
705
308
18
-103
-150
-155
-279
-102
-165
-422
-289
-292
-236
-107
112
6
-84
-68
-118
-182
-67
29
301
476
501
289
296
272
241
231
283
155
4
-76
-76
2
24
54
80
86
51
5
-21
-39
-76
-51
-82
-2
6
-19
-4
20
101
161
44
-1
-2
2
55
-5
-42
53
18
4
-13
-46
17
55
61
37
90
187
168
86
128
106
29
55
-20
-52
-56
-19
-21
149
205
100
36
-34
-22
22
39
12
39
7
4
0
51
45
86
43
-69
-76
21
-25
119
82
91
59
35
9
76
25
8
-66
-67
-54
-21
-12
50
59
55
44
50
-17
-21
-26
54
-2
33
36
44
54
0
56
3
71
93
16
22
17
52
69
33
-4
26
23
-36
54
38
74
18
18
-7
33
38
48
68
65
25
23
7
9
17
18
80
40
57
33
21
59
8
49
83
74
84
87
61
42
-3
16
56
16
73
60
12
41
74
23
35
37
1
18
41
67
72
56
73
107
38
27
50
-4
2
22
52
44
43
86
81
77
98
33
100
92
51
36
48
-10
3
-13
42
22
32
19
25
38
34
23
-19
12
18
49
9
28
65
36
39
18
37
9
18
3
36
38
44
10
20
84
91
39
65
70
37
81
6
60
27
48
73
12
-12
-10
2
-2
33
0
9
101
56
59
22
84
55
-6
57
65
77
66
51
38
-22
-35
19
23
51
72
6
-14
-5
-4
59
-6
17
50
99
52
58
84
50
99
137
144
71
59
18
89
-24
65
29
80
135
106
80
53
29
20
76
35
37
44
33
-1
-136
-199
-149
-106
-28
-26
-2
44
-27
0
20
22
-29
-36
29
28
16
-29
28
98
86
97
61
56
96
118
72
-4
-35
85
186
116
64
36
57
72
-12
-73
-49
27
-6
-6
-7
9
43
36
85
77
116
149
83
77
42
-35
10
18
-20
53
33
44
90
42
26
-28
20
59
22
26
12
29
49
-5
5
75
96
96
73
89
152
93
125
91
18
43
17
44
36
6
-42
-34
-54
10
-13
34
32
26
18
32
48
69
22
-99
16
37
34
9
-25
-24
35
23
34
33
-56
19
97
104
45
-17
-52
-42
67
-45
-53
12
-87
-34
70
42
-18
-6
1
3
43
69
80
93
54
2
8
-45
-13
7
-22
66
71
17
18
104
40
51
55
25
-1
-36
51
157
118
122
84
-1
16
17
58
28
72
-74
-61
-18
-5
-26
-56
52
74
26
33
38
28
39
-4
22
75
82
151
42
114
11
36
25
-43
6
-28
-10
-27
32
32
52
75
27
-19
76
10
2
50
-4
-53
0
37
72
32
43
64
28
50
-8
-13
-2
-8
9
35
21
48
40
123
64
-3
21
76
50
49
5
70
32
38
-21
-25
26
-4
-49
73
115
122
50
53
10
-19
19
52
18
27
80
24
-33
1
35
53
33
40
40
58
34
19
52
88
76
56
60
38
25
-7
40
58
53
44
-43
9
100
90
73
119
92
48
-6
2
-12
-7
-60
12
76
160
134
107
267
192
84
12
-52
-72
50
96
165
150
146
131
38
-26
-45
-147
-178
-76
-34
-25
-27
-37
-14
21
-4
45
85
-49
-77
-29
53
114
61
3
16
21
45
-2
4
28
41
81
-29
97
119
144
185
181
147
59
-42
-104
-99
-9
104
27
253
268
168
129
120
81
60
69
104
67
-55
-171
-226
-189
-212
-115
-109
-67
-46
11
51
58
87
22
4
24
72
67
-20
-7
-33
26
3
-6
-12
60
5
17
108
118
101
113
178
160
241
277
311
182
109
0
17
32
-75
-177
-227
-121
-178
-181
-161
-115
-17
17
89
214
135
60
24
-34
-68
-116
21
7
12
-17
5
27
69
129
120
117
52
34
108
101
152
-38
-115
-180
-62
-27
-42
-89
-140
-133
-27
0
-22
-14
-23
106
88
120
60
-17
-2
-28
-61
0
10
-24
37
-39
-41
33
70
89
87
129
120
70
76
91
140
84
43
38
82
88
43
-9
7
65
23
20
3
28
36
5
23
69
40
122
113
88
92
99
73
138
260
236
169
209
213
73
24
-210
-183
-225
-167
-164
-146
42