0
-24
-87
-35
-24
7
3
-28
-18
-38
26
13
2
10
-1
-13
-19
38
-49
75
28
41
19
82
43
40
42
4
54
3
7
48
12
88
243
148
42
-113
88
283
165
-52
-71
-82
55
23
-36
7
-40
-13
-89
-73
-72
-76
-68
10
58
1
48
20
-38
-29
-34
11
66
57
42
41
32
19
61
77
-18
16
16
17
44
70
59
35
45
34
108
103
71
67
51
-3
32
-57
-34
-21
-28
-52
-1
-34
49
-18
58
74
98
67
37
45
10
22
28
50
123
104
-44
1
73
-21
36
-5
4
21
32
5
-17
10
26
69
-1
52
24
-5
48
-4
9
17
1
41
-1
-18
-2
6
35
41
48
17
21
41
28
-1
17
22
-34
12
-6
11
27
7
37
0
-33
54
35
26
40
0
19
91
99
113
58
58
59
-23
-20
-18
50
130
163
119
156
122
168
119
131
3
9
-40
-8
-56
-72
-57
-74
-9
6
-56
-40
33
-7
-38
-18
-33
35
-20
-10
-43
-27
35
-33
-1
-12
2
44
24
64
19
-38
4
13
8
11
75
-24
44
27
48
26
68
75
35
50
27
24
5
-27
24
18
82
9
44
22
11
-10
21
-35
-34
10
70
16
35
37
24
44
54
48
49
70
51
23
27
32
49
25
-9
43
67
84
6
64
7
7
33
-3
26
84
21
50
7
-14
16
66
75
55
49
56
59
22
18
67
22
44
28
7
23
39
36
9
13
5
48
18
7
25
57
27
60
55
45
42
18
21
-3
19
-30
25
3
50
10
38
16
49
16
16
53
-11
-11
38
22
44
9
82
26
55
25
10
-2
22
41
19
60
18
36
45
185
182
134
113
-4
2
16
66
73
57
8
-29
10
-39
-4
28
-53
1
91
54
85
75
87
16
13
-3
0
33
67
27
33
65
17
-13
84
51
19
29
11
76
51
65
88
59
11
36
53
34
89
18
28
69
69
21
34
-6
17
11
53
49
38
28
45
99
51
38
60
16
43
18
52
50
-5
152
403
390
187
-50
-91
-99
-113
-161
-89
-109
-93
-107
-30
-18
20
-1
59
97
54
61
60
58
87
20
-2
28
66
51
87
68
34
83
52
70
9
76
98
73
-3
61
44
18
157
184
33
-49
53
129
65
37
-21
-81
4
-20
-3
2
-9
75
11
81
34
21
105
114
104
18
59
25
-13
59
1
29
17
69
90
167
172
53
129
71
7
40
-74
12
138
118
42
4
3
-42
-99
-43
-45
36
36
-28
146
163
137
101
21
123
188
75
59
29
25
-102
-116
-74
-17
-89
-44
-40
48
-18
16
22
50
59
52
-18
11
76
52
68
58
42
24
70
88
35
50
23
11
25
17
36
39
66
150
49
64
11
-2
81
40
17
33
-10
-65
77
10
3
34
44
60
48
20
69
66
26
18
25
27
53
59
-7
52
41
5
41
35
58
104
53
50
18
25
76
105
138
123
138
172
119
105
104
7
22
-43
39
133
80
27
-56
-56
-35
-37
18
-42
11
53
49
-34
-42
-27
0
-25
-6
-4
44
54
10
-21
-5
23
74
39
25
45
-4
57
53
7
1
-8
-4
16
72
124
182
116
56
25
-6
-26
-55
-9
37
58
135
149
83
19
57
113
153
231
341
359
260
116
131
53
17
-135
-187
-212
-210
-140
-67
-69
-66
-21
-18
1
41
-11
240
211
173
119
102
102
85
11
54
182
185
156
76
-60
-7
43
16
-74
-72
-10
183
-22
-41
-92
-106
-81
-72
-60
-92
-58
-26
17
51
51
298
176
114
105
72
18
-11
55
35
65
6
-34
-51
-51
-21
-6
70
43
80
49
64
153
88
162
169
64
132
252
129
58
148
88
19
-14
-66
49
53
0
19
-91
-7
-49
26
39
100
65
12
25
-46
43
44
11
-77
-36
-34
56
6
45
75
131
113
10
32
-20
-49
70
-8
-5
-27
71
33
36
115
33
41
68
38
-5
25
-7
7
85
64
73
54
9
36
20
36
7
88
6
54
39
69
-2
-23
-43
49
54
4
60
42
70
69
70
-77
19
104
152
65
40
-53
20
-7
-69
-29
39
11
57
70
85
52
136
167
188
74
18
-43
-81
-105
-23
-13
-1
-39
6
75
20
25
4
50
74
24
66
19
-59
-132
-114
7
20
89
92
28
10
2
26
34
-4
-25
-1
26
22
3
16
10
88
124
138
149
106
98
17
-12
-34
58
-7
11
91
49
67
56
53
2
-26
-23
-39
-7
85
35
55
-34
-24
2
-45
17
-45
-26
67
89
80
80
41
-27
-19
-10
67
109
60
84
21
-9
-4
-35
-50
-59
24
49
108
140
132
87
-1
89
73
67
59
-29
-13
-7
91
72
48
29
33
52
-26
-52
-11
5
35
50
86
56
71
38
138
147
167
59
92
6
-24
-23
49
-1
-53
-92
3
72
81
-9
-85
-86
-43
83
40
-43
11
51
138
73
56
-65
-101
-75
-55
-68
-36
105
139
114
33
-8
65