0
99
8
48
37
50
-3
51
23
-25
-36
1
43
-7
-3
-14
38
67
41
74
32
2
55
154
117
300
176
33
-37
11
-43
-179
-85
-68
-78
42
7
-23
-59
-40
2
36
-20
-29
6
67
44
8
10
74
199
154
146
124
8
11
-26
34
76
10
-29
-29
-44
-25
-26
-50
4
-9
-28
-59
-66
34
-10
3
-34
48
6
40
108
-4
64
41
39
21
3
-49
56
32
-4
38
-17
27
37
-35
32
10
16
25
23
39
57
52
21
32
-12
44
28
24
36
-1
-34
28
21
51
149
362
490
310
176
4
-26
55
64
68
59
155
160
76
22
-77
-68
-103
-134
-178
-114
-99
-18
-56
18
-4
-20
-37
70
88
81
65
23
-18
-7
4
22
59
49
72
24
28
35
-36
-1
34
9
36
-4
17
35
48
7
22
11
-7
-73
-70
-23
3
6
27
24
60
73
8
22
43
23
60
69
80
82
22
58
69
32
-5
-22
-28
35
10
59
82
107
35
-5
-4
-39
21
5
2
-18
-24
-13
7
-1
34
21
41
25
39
18
33
68
40
36
41
24
54
64
-3
36
58
-3
52
9
20
-3
27
64
51
71
19
32
-33
24
33
75
41
100
60
21
40
-1
4
-25
27
24
10
12
42
67
36
19
40
25
6
22
56
24
21
66
65
39
76
51
36
32
72
24
-10
-11
38
20
-41
1
20
32
32
-13
50
43
37
25
73
75
39
44
86
52
66
-2
108
141
135
61
28
-1
9
-18
-21
8
0
35
19
35
40
32
58
36
6
72
45
80
97
178
104
75
1
-39
-24
-39
-27
22
11
100
101
73
86
210
224
264
262
76
8
-82
-148
-200
-250
-233
-183
-27
82
48
-33
6
-5
52
-35
-18
-3
8
2
35
80
70
34
-1
-69
-2048
-1596
-1092
-715
-120
2047
2047
1777
1203
744
435
-1141
-2048
-2048
-1580
-1080
-734
-497
-317
-210
-135
-84
-44
-22
-5
4
11
18
21
2047
2047
2036
1417
984
688
465
328
234
165
122
96
75
60
51
49
-1529
-2048
-2048
-1572
-1075
-730
-473
-219
1497
2047
2047
1755
1313
849
571
403
284
205
151
109
85
68
55
49
41
37
-1458
614
439
266
242
171
124
99
76
60
51
41
-9
-66
-41
6
52
-5
22
-56
1
73
103
137
113
84
67
55
49
41
35
36
34
33
26
7
-18
-81
-1553
-1356
-957
-418
-53
541
298
-151
-573
-471
-268
344
75
-162
-371
376
-61
-488
-393
-257
-194
-43
69
348
138
-776
-699
-969
-1114
-157
505
808
1024
-8
-722
-750
-954
-685
243
1832
2047
1985
1332
923
646
453
310
220
162
119
90
69
56
48
11
11
-357
-2048
-1428
-972
-661
-445
-297
-251
-120
-73
-40
-18
-2
6
12
19
21
23
24
26
26
27
27
27
27
28
27
28
27
27
27
27
27
28
27
28
28
27
28
40
23
34
24
25
26
27
28
28
28
28
29
32
29
28
28
29
28
28
29
32
43
181
488
1093
1591
807
53
-218
-652
-146
-500
-459
-264
-254
-247
-179
-104
-8
-20
167
308
624
194
-163
-89
-145
-104
-70
-73
-65
11
39
188
298
146
333
165
412
433
822
768
218
-162
-139
-76
-232
-147
16
-33
516
124
66
-25
-679
-569
-470
-370
-258
-129
-84
24
-17
-39
26
43
81
407
1185
1418
954
563
364
-161
-563
-730
-698
-530
-466
-434
-189
-284
-248
-116
-73
75
134
-99
-150
-113
-56
-24
-7
3
10
17
20
23
24
25
26
27
33
75
615
2047
2047
662
-2048
-932
617
267
700
513
264
585
892
807
1155
834
701
-2048
-2048
-1911
-1078
2047
2047
1911
1329
923
644
436
310
225
164
8
-2048
-2048
-1947
-1337
-1192
-595
-401
-254
-165
-104
-61
-29
-11
1
8
13
20
21
23
26
27
27
27
38
2047
2047
2047
1829
1225
853
597
420
-2048
-2048
-1843
-1265
-827
-554
28
676
2047
2047
1971
1370
951
642
450
317
228
161
119
90
71
57
48
41
37
34
32
29
28
27
27
27
27
27
27
26
26
27
29
23
-356
-1590
-2048
-2048
-2048
-1451
-989
-646
-453
-315
-188
-119
-69
-38
-14
-1
8
16
20
23
24
26
27
27
28
28
33
28
29
27
28
28
28
28
102
941
2047
2047
2047
2047
1452
982
761
515
362
259
186
136
101
77
60
51
42
38
35
36
-40
-4
-2048
-1629
-2048
-2048
-1702
-1140
-481
-146
-163
-519
-344
-229
-147
-91
-54
-33
-8
4
11
17
20
22
24
25
26
26
27
27
27
27
27
27
28
28
28
28
27
28
27
27
27
27
27
28
28
28
28
28
28
28
28
28
28
28
28
28
28
28
29
29
32
41
57
54
52
34
32
74
268
321
612
1026
1564
1496
1288
1061
523
-588
-772
-725
-501
-453
-659
-568
-317
-579
-552
-502
-482
-337
-219
-145
-89
-44
-13
28
99
294
800
715
794
710
554
423
67
-475
-325
-483
-313
-407
19
-134
19
-20
81
27
435
641
997
967
877
648
250
162
428
843
896
658
553
74
224
592
533
242
-29
-737
-1238
-1249
-839
-582
-918
-740
-852
-665
-593
-574