0
-300
695
663
263
-236
18
331
313
378
129
-258
-282
116
723
443
353
818
583
292
106
116
185
468
744
1090
1013
841
-125
-312
-342
-311
-531
-709
-828
-522
99
410
807
916
1286
1240
692
-132
-524
-689
-906
-1043
-1140
-1300
-1019
-919
-993
-517
-230
-149
-115
-59
459
547
629
260
498
263
262
44
-56
-452
-583
-422
17
226
133
283
-83
56
389
476
512
629
325
341
745
789
1218
1079
444
-12
-347
-249
-82
-1001
-518
-596
-963
-819
-686
132
1389
2046
1100
-409
-269
-572
-117
-274
-153
458
87
118
244
-152
-471
103
696
484
17
307
589
339
299
200
487
264
-334
-430
-116
-204
-37
-181
-237
-292
-37
458
756
135
-403
32
-278
-142
9
1088
1764
1377
705
-429
-665
-133
29
123
219
-324
-652
-926
-882
-709
-573
-42
312
169
33
-311
-484
-638
-484
-278
-70
-165
76
257
501
482
1075
1364
1378
645
608
65
-138
-246
-209
-152
-92
268
960
881
697
752
630
520
232
-281
-569
-406
11
546
487
226
-141
-201
-397
-565
-843
-1015
-1207
-821
-775
-244
-42
1
-391
-549
-8
342
1188
1217
179
-961
-964
-481
-74
-581
-267
-330
-409
-477
-211
54
-21
43
292
722
1137
1034
867
259
-140
-217
-164
-455
-360
330
226
-34
-409
-316
-264
-45
136
210
-60
221
140
276
276
216
131
-44
-42
165
300
564
424
213
157
-24
-122
309
314
41
-59
-82
-332
-186
68
202
284
-78
-51
-133
-187
-193
54
221
224
256
-52
-39
115
373
675
513
412
72
-270
-483
-396
-346
-285
135
252
282
373
353
373
29
-68
-251
-370
-315
-38
453
456
256
-106
-269
-329
-164
-130
50
201
176
-52
-65
-18
72
261
181
54
-99
24
-108
-58
250
234
195
60
-10
54
43
105
12
165
155
-37
165
469
354
52
-269
-14
4
-258
-270
-188
-164
-70
-121
-75
19
144
169
48
51
233
289
71
72
65
-102
-120
-66
-78
0
0
92
87
51
136
168
197
49
41
186
179
346
149
-40
-10
-193
-184
108
358
406
54
-60
-18
161
153
-153
-210
-194
-150
-124
-88
-20
51
91
155
-37
-18
29
68
312
365
226
134
167
432
258
103
-100
-162
-138
-200
28
205
149
-18
-68
-131
-226
-289
-197
-155
-3
347
73
84
387
184
-20
-141
-162
64
103
172
240
120
37
-119
-162
-99
102
85
-75
-36
17
56
-20
-71
-102
-35
-12
44
209
332
438
523
1154
1236
726
439
89
-230
-322
-417
-466
-456
54
940
563
117
528
441
428
349
312
257
216
171
113
58
53
52
-97
-66
-29
-458
-148
85
-555
-718
-681
-125
197
-392
-604
-166
602
-273
-781
-437
-60
-76
-407
-519
-524
-424
-90
213
-153
-292
-326
-662
-585
-530
-214
282
19
423
10
221
332
804
708
150
82
-147
-167
-328
-190
91
161
221
1511
1802
1728
1484
795
-120
-742
-922
-686
-866
-1185
-1091
-1021
-939
-738
-669
-54
-134
210
244
231
325
114
81
440
154
154
229
231
84
59
262
290
282
321
75
92
121
80
116
36
340
413
396
237
33
-198
-202
-276
-190
657
754
-70
-445
-307
-133
1
-187
-99
491
739
-295
-341
-378
-373
-286
-103
1125
437
-188
-189
123
-8
-324
-200
17
208
203
761
729
208
290
357
69
-151
-506
8
-94
36
-501
-712
-755
-659
-54
-71
150
516
658
339
689
193
-310
-499
102
628
-242
-374
-388
-242
-14
211
452
199
-84
145
-90
357
213
23
-67
-39
457
91
264
-139
-69
-44
-35
-196
-148
-105
203
26
99
338
312
347
561
665
378
-146
-349
-373
-364
-227
153
-103
-203
194
554
557
408
-44
-151
-332
-262
236
380
-266
-166
195
-578
-289
280
-172
-234
-308
91
221
-249
71
50
-217
-43
-121
-35
-105
97
108
169
77
85
312
166
144
353
369
258
-25
7
42
37
128
82
7
-24
214
408
301
-9
-164
-21
-69
-258
-198
16
-50
-61
-56
-52
91
-43
-199
-77
116
455
249
-23
-74
-97
-1
21
-151
8
-20
69
278
-13
-5
67
91
483
45
2
18
182
41
-89
-82
-67
-1
-37
-72
145
193
311
210
179
221
345
163
-29
-90
-8
55
9
102
-81
-129
-251
-213
-43
-108
80
133
120
93
-115
-169
-338
-216
-199
-98
-24
105
152
108
-19
217
60
297
298
100
69
-58
-11
5
60
266
359
449
513
427
76
-3
234
487
625
533
0
-122
144
211
200
-133
-516
-513
-289
-380
-404
-82
-258
-490
11
-342
-212
-314
185
87
16
-12
-220
99
344
-29
-457
-492
-315
-331
-200
-170
179
624
182
-61
-5
-139
-10
-17
-29
71
74
170
182
290
225
313
89
-58
-57
-110
88
60
-14
101
149
-42
101
-8
154
119
80
144
338
130
-4
33
104
-2
-25
-36
17
44
8
12
40
19
24
19
75
101
146
71
128
27
89
38
70
53
66
59
91
55
-18
58
58
33
128
20
-7
-19
-19
73
4
83
80
-68
24
-11
65
40
-6
-18
128
129
-9
-3
103
36
-27
88
-13
-51
-12
51
17
91
58
11
135
57
29
32
59
-13
98
33
25
44
151
57
16
-5
98
242
35
91
-22
-26
-81
13
56
74
57
28