0
-520
-186
-1396
-2048
-1606
-52
122
-311
1049
1493
576
96
26
-1650
-602
-487
-259
37
-548
-488
-602
-460
-422
16
468
813
635
3
-917
-646
-580
-721
-561
-600
-203
211
131
103
70
-147
-316
-173
-299
-246
-152
2047
1965
217
-136
-213
466
1731
1368
732
91
-25
290
115
-312
-257
-373
-129
35
308
363
97
-345
-356
-365
-410
-345
-168
-92
307
568
311
258
-167
226
20
-65
-183
-158
-201
-146
-8
-33
-149
12
315
273
233
185
379
562
664
505
453
166
385
564
631
338
241
-89
-113
-284
-517
-117
21
-39
-162
-299
-502
-370
-727
-506
-212
97
86
194
76
209
439
583
380
219
-50
-341
-298
-204
-264
-189
12
-184
-285
-355
-86
-92
-24
100
468
371
150
165
167
251
194
268
516
563
278
124
212
277
195
242
273
461
428
225
40
-216
-241
12
310
217
-41
24
327
309
147
-76
-183
100
36
533
468
441
235
-265
-827
-935
-595
-1
-487
-154
-229
224
132
-261
-590
-795
-726
-594
-35
328
348
467
726
848
1312
1280
1012
899
472
-1109
-2048
-2048
-2048
-1539
-1012
-690
-460
-299
-169
-121
-82
-50
-22
-2
28
245
666
828
726
87
426
390
418
440
304
450
280
360
438
631
1113
1491
1313
1192
477
-100
-354
-393
-251
217
324
-66
-365
-268
-235
-145
224
119
-24
71
132
204
298
369
160
185
84
268
234
183
5
-98
-123
-238
-554
-433
-460
-220
-281
-50
-59
201
160
214
297
508
405
180
280
369
32
-178
-258
-235
-102
-219
-331
-209
-217
-261
-108
-73
33
-37
164
-12
169
98
98
20
145
43
-2
185
194
186
301
337
24
116
92
33
-5
91
22
-34
-153
44
25
-132
-185
-126
-42
-58
40
87
-72
196
168
240
103
176
161
185
134
2
75
145
214
86
-17
71
3
22
-53
-120
-97
-161
-52
-40
-14
-29
-81
39
12
67
64
35
16
119
3
-22
164
54
16
-39
-71
26
88
80
96
41
-98
9
-57
3
-44
-103
-57
8
-49
49
12
-23
57
-36
23
-104
-19
50
71
150
-50
53
26
26
-34
37
-30
-44
133
28
-75
4
59
55
101
59
97
118
40
-20
-22
-55
-11
-131
-107
-39
-12
-3
-97
48
-29
70
5
8
26
-14
-58
-60
134
101
36
85
32
28
71
51
69
74
-77
73
2
-20
-66
67
-24
9
-55
-18
2
65
42
115
52
24
109
115
40
83
150
97
152
61
49
92
90
10
54
49
-13
103
97
131
-3
4
99
89
69
65
148
106
117
129
33
22
-90
-61
-35
-53
92
252
339
342
259
-42
-3
-308
-379
-338
-458
-249
-152
-130
-298
-85
-71
-34
-23
188
305
273
217
488
316
155
218
277
87
-130
-243
-290
-355
-221
-228
-247
-118
-214
-137
19
-69
-11
-87
-59
4
-87
35
161
82
50
68
-8
-38
35
162
70
-44
184
117
56
160
147
100
210
123
179
17
38
39
-10
-3
10
33
7
43
-7
42
84
-100
59
45
152
148
103
56
37
1
-102
4
61
225
167
49
149
-24
43
66
49
35
-42
-93
-49
161
-17
38
-3
6
151
-19
-62
28
51
124
48
276
693
646
656
35
-25
-166
-28
228
477
551
292
117
161
348
461
418
305
220
161
117
89
57
-777
-2048
-2048
-2048
-1980
-1365
-908
-594
-340
-86
284
697
810
469
659
562
632
56
-61
86
-104
484
153
55
121
384
661
245
-167
-297
8
253
400
208
339
635
1045
848
561
164
123
268
208
266
118
230
279
-644
-1061
-609
-397
714
1105
313
-7
-806
-1203
-1451
-1569
-1320
-937
-518
-529
-262
-282
151
621
939
772
546
600
314
304
205
324
486
181
-260
-491
-935
-214
787
885
868
40
-233
-535
-253
435
198
-344
-693
-597
-521
-678
-585
-442
-418
-305
-209
-123
-9
333
340
36
376
150
96
-54
-72
-195
-138
165
515
485
977
821
642
338
-50
-209
165
600
677
664
68
-582
-85
295
292
581
504
-38
27
310
84
407
644
325
464
423
138
-56
34
-237
133
81
-225
-40
245
-17
-13
405
402
305
329
149
-57
-200
-216
-265
-165
99
246
298
348
412
235
155
-232
-117
-234
-113
123
267
299
176
173
-93
-9
151
130
-44
-9
257
258
172
-98
-212
-375
-382
-414
-405
-226
-17
22
141
107
69
132
74
-92
-20
60
37
-66
20
224
103
42
112
148
336
1157
1069
905
635
432
235
33
-259
-605
-678
-765
-791
-789
-690
-284
59
311
801
624
371
219
34
166
-61
378
609
547
522
363
-5
-178
-294
-265
-539
-817
-955
-860
-465
-75
-330
27
88
64
-18
-57
-46
-20
113
68
7
121
-158
-244
-386
-133
3
84
-221
-373
-295
-23
134
486
327
-12
5
267
77
273
469
231
244
28
-369
-401
-331
240
-174
-166
118
-183
-268
-98
74
376
-329
-265
-75
603
459
868
610
516
-210
-179
213
194
-211
-281
-219
-50
197
529
-41
227
201
134
-134
96
90
58
64
115
24
-87
-151
52
256
160
340
311
-14
-181
-37
23
148
129
401
569
249
57
105
-171
198
117
-24
-238
-83
-86
-97
-275
-181
-100
387
280
53
1
24
-471
-275
-181
-194