0
33
33
12
19
68
55
61
38
54
26
22
-6
-5
51
20
18
1
26
67
16
7
4
33
34
0
55
55
49
84
34
23
22
65
40
70
12
41
34
64
75
49
84
105
34
5
16
34
51
52
123
39
12
7
21
83
87
48
98
162
107
105
153
89
69
10
-2
-50
-89
-36
-8
-25
8
2
44
37
9
-9
1
-12
-9
29
21
-52
0
40
1
65
18
96
53
96
124
117
83
54
74
85
101
40
37
65
7
11
-52
-8
34
106
491
544
161
-9
-134
-151
-219
-150
-137
-108
-108
-43
-46
10
27
12
5
1
32
21
48
72
70
119
104
102
91
10
-20
18
22
42
53
28
2
28
25
17
6
28
17
49
12
135
166
137
86
33
73
52
71
60
27
13
3
-3
-22
40
81
22
10
34
44
41
19
64
76
113
104
64
52
21
53
6
29
-5
51
37
70
32
27
19
41
49
73
119
103
82
43
-20
-26
-90
-84
-82
-65
6
40
58
42
67
12
33
87
85
43
37
82
102
67
54
115
67
70
55
85
3
49
-35
72
53
52
20
19
25
-3
33
17
-20
0
-6
24
-17
5
28
48
55
5
19
72
38
101
48
25
43
37
-1
27
22
108
54
54
48
32
36
21
41
16
32
101
90
155
209
112
117
87
141
160
197
145
69
57
-67
-138
-73
-54
-76
-98
-100
-72
-45
35
20
29
-2
-33
-11
-38
-7
16
39
6
16
23
34
-20
1
50
83
69
54
24
80
43
20
-7
19
1
-20
-56
-34
-17
19
28
29
18
55
73
-9
70
53
86
89
75
66
68
89
76
65
61
44
20
29
19
0
32
41
23
50
102
187
197
92
-34
18
24
81
91
81
88
33
28
22
16
38
56
2
-43
-57
-40
-8
0
26
59
33
53
37
-34
-4
-5
-18
24
8
39
55
34
57
87
0
-4
41
11
-11
38
36
48
57
52
29
50
-7
23
66
88
26
21
2
49
49
48
82
68
33
33
37
83
58
58
39
5
-11
67
81
73
1
17
11
28
69
19
26
19
-2
-22
-35
61
43
23
5
-7
49
64
69
84
50
53
11
-12
-2
-25
6
-36
25
26
18
23
112
45
64
53
57
37
20
113
69
83
33
99
136
163
139
119
26
-24
-42
-89
-86
-36
85
166
116
105
40
3
16
-35
-13
-38
-41
-39
-40
-3
-11
52
28
37
43
40
113
121
182
199
242
169
116
105
-4
-35
-44
-5
51
178
184
161
71
10
-73
-58
-3
37
92
50
-21
-24
-13
51
71
32
-26
-30
-38
-68
-35
-56
16
-25
5
4
49
58
56
54
23
48
40
72
-21
22
42
38
39
2
1
39
58
59
73
50
23
51
76
140
137
93
40
5
20
-29
-12
-38
49
41
49
57
129
138
119
21
-13
-49
-74
-50
56
147
128
114
151
96
64
33
-34
-66
-65
-29
-57
-27
-21
-12
-5
10
-9
-18
-38
28
27
26
26
28
23
41
58
83
53
76
33
71
0
32
166
147
69
28
17
59
103
83
1
-7
-3
81
34
67
44
11
13
22
9
-14
39
-2
5
24
22
27
68
50
64
32
39
49
56
84
64
134
218
184
112
134
96
33
34
-3
9
-37
-73
-35
-45
-41
-33
-12
-34
48
91
60
-22
20
45
57
4
12
55
43
71
49
50
16
13
32
1
49
48
49
34
-17
8
6
23
32
55
37
55
90
72
50
85
43
37
85
101
89
65
-1
85
66
60
37
86
24
12
32
3
-4
-5
42
45
54
12
22
55
41
39
49
29
75
34
68
82
43
59
60
108
43
44
5
7
12
10
5
-23
-17
10
-3
40
113
56
72
23
54
20
9
36
9
74
16
35
38
32
66
52
16
17
48
73
71
53
58
81
10
24
43
100
107
12
40
23
43
105
40
73
33
43
65
24
28
33
45
23
113
48
20
51
49
36
20
38
37
18
9
38
-7
82
53
51
41
20
18
57
38
28
51
66
24
40
12
60
43
23
49
36
21
51
49
53
49
44
60
2
0
64
38
64
54
53
68
65
54
38
59
73
59
53
32
24
39
39
22
50
42
8
9
-2
19
71
23
55
56
13
59
82
-35
33
25
26
39
17
19
53
60
56
26
25
9
40
38
41
24
4
39
36
34
33
29
59
38
17
54
38
24
29
42
22
53
22
11
23
28
41
40
59
67
60
58
13
24
29
8
22
-84
-65
-40
2
-74
70
76
64
57
8
3
25
38
-41
-26
0
54
36
36
40
59
88
69
49
65
60
211
225
247
331
268
151
118
37
12
134
120
118
132
123
32
-55
-77
-198
-172
-141
-134
-133
-115
-88
-78
11
-6
27
38
88
172
153
114
131
98
39
40
113
87
58
1
-102
-42
-99
-83
-30
91
50
43
28
48
105
75
266
301
260
220
279
325
453