0
0
0
0
0
0
0
59
155
544
314
358
324
165
42
21
-133
-133
-246
-225
-177
-136
-154
-37
152
134
-67
-114
-99
-27
37
106
75
120
138
107
118
352
491
481
246
196
228
376
475
561
368
58
11
-135
-215
-305
-338
180
44
17
99
199
163
-93
-198
-250
86
234
-105
-120
-54
156
-102
-131
-201
-133
-78
-88
-171
-234
-238
-169
-280
-133
-76
164
70
-244
-219
-302
-155
-209
-150
179
1692
-2048
-1531
-1047
-711
21
2047
2047
1693
1064
625
355
96
-78
150
244
82
-4
-2048
-2048
-1541
-1013
-689
-465
-310
-196
-124
-76
-57
-20
-4
6
12
2047
2047
2047
1612
440
-2048
-1810
-1239
-846
-551
-370
-245
-157
-97
2047
2047
2047
1527
1061
740
518
353
250
182
134
98
75
60
51
42
38
35
33
32
28
28
27
27
28
-2048
-2048
-1945
-1335
-875
-594
-397
-340
-166
-105
-61
-34
-11
1
9
12
-218
2047
2047
1996
1608
932
649
440
311
224
163
120
88
70
56
48
40
37
34
33
29
28
27
28
27
27
27
27
27
27
27
27
27
26
26
26
27
26
27
28
29
32
-119
-1299
-2048
-2048
-2048
-1869
-1292
-952
-620
-387
-257
-166
-105
-61
-30
-11
1
9
17
20
23
25
26
26
26
27
27
27
27
28
27
28
28
28
28
28
27
28
28
28
28
28
28
28
28
27
28
28
28
28
28
28
28
28
28
28
28
28
28
28
28
28
28
28
28
28
28
28
29
29
28
28
28
28
28
28
28
29
29
28
28
29
29
29
29
29
29
29
28
29
29
32
32
32
33
33
33
37
38
40
53
65
49
48
23
16
3
7
11
11
725
160
213
258
492
628
757
882
802
546
475
360
345
343
232
134
26
83
67
34
75
52
76
49
28
16
-19
-33
-58
-130
-90
121
24
-161
-359
-609
-739
-753
-364
-169
201
212
235
246
282
192
-18
-66
-260
-421
-531
-675
-278
-55
-158
53
-181
147
284
299
258
277
452
661
560
532
487
219
59
16
13
9
-38
44
123
-28
-102
-110
-27
230
342
349
321
309
195
89
-66
-66
-231
-523
-788
-626
-317
-586
-539
-601
-727
-721
-349
-41
-28
-21
245
155
187
193
262
285
233
437
392
306
305
379
397
393
340
231
184
13
-254
-274
-294
-241
-219
-227
-326
-228
-166
-161
-33
49
49
3
141
67
2
60
-9
25
43
67
87
-36
80
77
-6
36
85
42
-10
32
56
-39
60
33
121
37
20
-9
40
81
37
43
115
144
104
72
108
50
81
58
64
33
54
44
75
116
73
32
-18
-36
-59
-18
-12
65
59
-8
152
89
118
99
132
117
165
234
373
297
277
231
74
125
-19
35
-82
-72
-102
21
-45
-70
-61
-86
-52
-88
-43
-69
85
248
26
43
48
52
32
-28
147
-61
-165
-315
-446
-409
-398
-301
-276
-167
-200
-69
7
-37
66
171
259
57
37
56
72
132
-44
-121
-57
88
283
161
132
83
33
72
-70
-108
-19
-70
22
81
121
35
152
87
83
-52
-39
-130
-91
-188
-142
-34
-41
-131
-123
-61
34
229
314
306
344
40
212
359
435
387
-67
-232
-273
-260
-369
-298
-259
-268
-146
-235
-165
-183
-181
27
99
136
162
138
141
197
130
131
172
153
214
187
182
131
130
100
84
137
147
163
157
134
197
150
98
74
70
25
71
82
98
55
92
102
60
91
55
64
71
80
42
87
86
72
36
21
55
53
33
-1
42
40
81
28
45
84
32
44
19
41
11
34
0
27
17
17
22
42
37
21
28
6
18
57
33
22
1
37
59
41
73
75
74
17
65
34
57
41
70
59
43
-12
64
64
33
24
4
9
-7
41
64
32
18
66
32
20
26
17
18
6
3
28
20
59
10
23
56
41
52
38
27
39
60
44
65
69
82
44
53
68
85
72
68
80
40
6
7
-26
-36
49
32
5
113
59
18
9
18
8
-11
19
-27
-26
27
17
66
92
39
28
28
-23
66
54
10
4
22
-4
-18
12
9
51
88
72
113
122
107
70
68
102
51
19
7
29
-51
-10
-5
-46
8
-22
-14
-41
-53
-39
-33
6
-51
-82
-43
22
66
72
73
171
225
210
233
107
52
-65
-41
-67
-89
-49
-24
-39
-22
-30
-56
-58
-100
-66
-4
-11
53
36
66
45
19
40
83
9
-5
35
24
39
33
41
24
-24
5
23
18
13
24
25
-1
-17
0
27
23
42
58
39
28
7
28
-14
40
56
-1
-11
-5
67
29
61
37
-17
19
38
51
67
10
71
0
24
48
48
20
6
16
38
20
42
43
16
8
-12
-11
51
2
8
-17
130
172
21
4
-9
-56
17
23
32
6
56
-1
10
-9
-6
52
45
18
-19
10
53
-2
29
19
64
28
20
55
49
12
34
-7
39
42
32
49
10
-6
6
1
-8
26
-12
13
35
73
11
22
-11
29
45
32
49
133
40
91
28
-98
-172
-114
-35
-18
-18
-33
-19
-19
-5
20
19
-35
-29
-10
21
19
69
17
22