0
23
-13
235
125
156
10
-201
-170
-5
-10
9
29
-56
-197
108
295
212
295
195
156
426
323
406
401
129
87
132
202
228
244
6
-119
5
114
171
117
-209
-81
-108
-4
168
116
-90
-142
-293
-282
-264
-199
17
5
-33
103
26
-200
-166
-77
132
26
10
-84
-337
-1013
-1175
-1052
-777
-524
-353
-233
-145
-88
-52
-25
-5
20
89
107
92
124
67
113
141
226
473
795
668
181
130
96
-65
277
369
772
936
672
482
697
818
729
218
96
169
347
587
531
372
213
132
173
438
794
614
198
-59
-152
-185
-37
92
136
-17
-55
-45
-42
44
24
-35
32
-26
-5
-69
-53
-57
-5
-38
-10
43
16
27
5
29
-25
53
5
-1
22
2
117
185
139
54
13
5
2
-99
-69
-105
-73
-98
-28
29
74
53
-86
-74
-88
-83
-113
-67
-17
43
8
-1
-11
5
16
6
9
33
89
68
54
34
-3
3
10
8
-12
-46
-27
7
-39
-17
50
39
1
-13
9
-26
-39
-30
-42
-37
35
-20
-34
33
-11
-17
-25
19
20
44
59
43
43
-9
-10
-49
5
-17
-22
6
5
-42
57
82
38
12
0
41
7
26
51
39
6
-23
-5
-17
-37
-18
-49
28
41
1
12
-18
9
53
-24
34
-25
41
19
-4
-4
23
71
23
20
36
34
36
-8
8
65
51
56
-19
-8
7
-7
43
27
11
24
43
-6
-10
4
52
25
34
40
-8
-27
41
42
-24
35
24
-18
-18
7
53
55
16
33
27
32
-1
3
-25
-7
-4
-1
22
34
48
5
35
6
25
33
23
9
-5
37
17
6
65
28
39
82
80
48
60
83
40
-37
-6
-20
3
66
6
5
18
68
134
173
65
33
18
26
23
45
80
42
56
49
4
-37
-59
-27
6
53
-1
37
34
-33
-6
4
-17
81
186
199
89
43
71
39
48
28
-116
-91
-81
-51
-85
-61
-25
-50
-20
13
41
112
156
26
-52
-67
-74
-42
35
171
181
185
195
246
403
485
321
80
-247
-366
-242
-19
99
-34
-265
-252
-186
-134
-18
-65
4
66
117
153
231
380
412
264
-29
-118
-324
-311
-104
-70
-27
-28
-68
-60
76
41
91
380
683
707
419
100
-51
-59
-132
-220
-269
-268
-317
-215
-261
-199
-181
-132
-125
-150
-89
-125
10
0
26
42
38
55
57
23
40
36
-24
70
100
81
133
68
34
-43
-26
17
44
-3
88
118
75
25
16
34
36
60
17
41
83
9
43
26
54
35
8
10
34
36
-4
67
73
50
21
-33
-25
68
178
169
165
157
215
257
273
185
82
28
-74
-76
-140
-109
-117
-78
-88
-67
-72
-18
-66
-53
-69
-44
-1
-22
20
48
86
121
67
22
-2
-24
27
24
128
245
180
148
44
-30
-109
-105
-57
-72
5
5
35
2
74
51
19
76
-17
-9
35
19
91
36
76
65
40
17
9
6
2
4
105
153
131
72
76
41
40
117
165
113
57
-7
-62
-120
-104
-52
-22
2
-5
59
40
12
20
56
73
32
59
48
57
53
8
11
39
8
45
21
33
18
41
5
39
35
27
42
26
65
33
37
49
22
12
18
26
32
17
21
29
-2
-27
25
2
0
1
-13
20
6
-45
-6
36
27
42
-4
-1
25
24
27
50
-18
-10
8
12
32
116
152
132
29
-34
-7
-33
-78
-23
0
-7
-20
-19
-34
-49
-6
21
-12
24
64
96
50
76
52
37
23
42
21
22
-5
8
48
-17
-4
-12
7
6
54
32
9
29
27
3
-5
25
33
66
-27
-26
-30
27
44
75
81
38
18
-39
-58
-14
77
16
-12
-22
-29
-62
102
154
29
-34
-20
-65
-12
27
37
83
80
74
97
132
153
72
3
-50
-29
-58
-24
-43
-44
-24
-76
-36
-19
-29
-35
34
27
-2
36
-1
33
10
73
18
25
-11
10
39
13
35
10
133
152
97
11
-52
-41
13
7
19
68
16
32
35
-9
2
2
12
33
22
16
-19
-5
44
43
137
107
44
-54
-22
1
5
21
-5
71
19
-10
-44
-2
3
-12
-65
-17
-5
-28
-17
-3
-1
52
58
72
20
25
34
6
4
52
115
242
269
183
73
36
103
64
-26
-66
-85
-97
-36
39
90
56
-69
-86
-97
-139
-121
-134
-114
-77
-83
-78
-57
-58
36
-20
25
11
109
52
18
100
133
218
196
112
61
16
0
25
-34
-33
-12
-22
-83
-84
3
-27
-100
-137
-67
11
53
34
-59
32
10
2
52
91
58
9
-49
6
52
20
34
40
48
75
115
162
193
227
250
336
247
181
116
171
307
331
435
410
177
134
136
-1
-104
-97
-187
-278
-193
17
-29
112
4
-2
257
433
240
-53
-85
-4
-46
-170
-11
120
178
85
64
85
200
22
54
19
-148
-361
-290
-601
-456
-401
-342
-99
-61
-247
-329
-212
68
354
496
586
564
339
86
-134
-185
-152
-118
-130
-139
-405
-338
-301
-344
-228
-231
52
417
177
-38
44
131
8
-93
-219
-148
-114
-121
-12
-200
40
-267
-392
-501
-596
-664
-530
-421
-391
-286
-184
-126
-37
57
153
320