0
-187
-276
-318
130
184
70
162
165
417
403
308
116
21
257
204
348
113
-134
-267
-346
-442
-524
-684
-587
-689
-460
-391
39
402
625
695
552
429
181
24
4
248
86
-109
-235
-477
-210
-8
276
38
-118
-98
-146
54
-102
-283
-329
-145
35
108
102
-172
-307
-361
-253
-9
112
146
66
-22
-136
-68
-59
21
43
49
52
21
135
260
247
184
103
33
-27
-102
-108
-37
-29
16
104
103
107
132
122
114
82
118
181
125
51
55
37
129
130
90
129
108
26
27
-17
12
18
27
60
66
57
-5
40
105
71
-9
55
128
224
340
384
178
209
-5
100
7
39
1
-53
-27
-53
-60
-102
-82
-60
-40
-75
-49
-52
-54
-29
41
17
22
21
60
69
138
290
568
627
582
458
218
75
123
363
388
179
272
151
-131
-268
-267
-310
-280
-109
-121
-197
-247
-298
-382
-425
-437
-327
-311
-251
-97
-115
11
179
533
421
282
53
-133
-171
-76
116
101
73
-42
-105
-104
-101
-51
-56
5
-21
-27
-68
-57
32
-11
-50
87
147
193
163
117
117
1
52
73
42
43
16
41
-92
-99
-71
-68
-123
20
-65
-85
-77
-3
73
129
140
113
113
74
104
92
19
145
219
146
71
20
-39
-76
-29
-7
4
117
209
249
153
75
28
57
164
202
336
266
148
102
50
3
7
34
-180
-262
-347
-308
-262
-162
-61
99
172
-14
108
50
-43
-83
-12
13
71
5
-53
-62
1
77
132
194
456
739
1011
1044
836
456
265
326
310
194
103
-44
-237
-162
-266
-108
-55
51
-348
-391
-569
-709
-577
-777
-412
-376
-388
50
171
630
1078
1189
876
524
435
426
427
212
21
-572
-996
-1602
-1716
-1451
-1245
-1161
-580
-780
-279
115
58
316
245
64
353
620
544
468
53
59
-82
13
116
201
-125
113
141
-9
-129
65
389
325
211
347
331
128
-202
-232
-321
-251
-145
-43
-28
38
-145
-204
166
329
98
28
-26
179
59
214
242
289
80
-35
-22
149
296
121
405
456
236
-123
-124
21
251
149
71
106
21
89
231
262
220
124
0
-42
289
-4
-81
-108
6
-73
40
-19
17
-4
88
132
107
80
72
119
-66
-116
-114
71
-242
-258
-401
-258
10
172
320
-82
-135
-82
-41
-23
-413
-744
-584
-653
-407
-435
-468
-394
21
57
347
246
204
379
298
369
166
138
91
185
21
-130
-99
82
179
242
189
372
49
-86
-187
-136
156
281
202
150
252
230
205
226
105
-12
80
-70
-58
-137
-102
-50
-44
27
91
87
-20
-45
9
-10
102
28
50
144
87
65
81
165
162
162
67
28
168
114
72
-10
-44
-22
388
483
327
232
167
89
-57
-85
-110
-124
-101
-131
32
-24
-36
-209
-170
-101
-146
-187
-42
24
202
100
138
74
200
118
219
365
345
299
265
278
293
381
294
429
196
227
88
32
-162
-138
-507
-673
-466
-594
-650
-561
-390
-123
105
-3
-97
-218
-174
-130
-108
-123
199
146
125
42
-13
-20
-147
-46
36
85
113
134
229
459
498
178
-134
-164
-124
-73
-120
-100
-52
-59
-68
4
-56
-61
70
169
186
140
189
90
0
4
-4
12
48
65
114
19
59
128
229
225
115
104
-28
-33
226
298
147
59
-6
-67
-44
-51
70
40
49
-86
-94
-99
-10
-17
55
92
54
-86
-41
-22
40
84
13
19
3
27
28
-13
35
1
-6
43
50
-6
-14
43
84
116
59
68
92
26
50
18
11
-12
-54
-11
-7
53
43
45
85
-13
43
-27
27
4
82
97
40
22
-17
-12
-33
0
23
35
3
-40
33
66
183
189
209
89
56
16
4
-36
-56
-49
-60
-69
-50
-1
-21
-27
-2
25
36
33
11
-9
27
-39
-11
18
64
70
34
55
49
43
41
11
1
-23
-20
24
-22
-22
-1
-13
29
34
35
4
16
35
26
59
28
91
64
-1
2
2
13
23
16
27
-7
-66
-50
-83
18
-7
24
-7
-6
-3
4
33
43
58
66
89
108
41
88
54
11
12
-6
113
41
8
8
5
2
88
115
80
57
114
246
340
146
-87
-148
-193
-133
-150
-117
-34
103
250
473
419
227
38
-205
-254
-206
-89
22
6
173
140
57
-9
-42
-55
-29
42
85
138
370
515
355
-171
-189
-142
-216
-281
-236
-165
-284
-158
-73
-4
173
261
320
314
134
45
168
-13
-67
98
371
358
339
279
352
98
-251
-402
-424
-330
-219
-137
-12
33
231
195
115
-33
-197
-199
-180
-199
-206
-142
-53
-58
-35
4
-44
54
98
101
120
109
68
-49
8
-12
70
137
102
144
145
42
8
-52
-135
-134
-139
-106
-57
-41
-104
-1
-45
32
39
50
61
21
-12
49
97
122
23
-29
-36
68
118
179
241
227
103
-141
-91
-148
74
152
259
146
102
118
481
442
376
496
695
842
785
499
-11
-535
-647
-616
-545
-485
-506
-626
-807
-615
-444
-162
-133
27
-21
-45
0
-23
252
265
155
17
22
-6
-102
-71
9
-13
-5
115
66
192
193
484
422
365
102
131
129
-43
-123
-221
-107
-130
-39
-30
133
128
77
96
37
-6
-81
-54
-44
2
11
181
419
348