0
-38
-2
37
24
-22
52
41
96
105
17
96
135
151
103
141
107
28
17
-27
33
61
98
65
-33
37
162
99
17
25
28
42
60
108
75
67
602
509
252
-184
-281
-189
-170
-145
-59
0
90
82
83
-205
-231
-209
-169
-157
-62
5
32
-36
19
-38
-20
131
205
139
85
22
37
150
93
-8
-46
-54
-45
-1
28
20
81
54
85
193
169
123
82
93
179
202
176
-86
-84
-68
23
26
76
141
26
-9
-69
-62
-49
-7
36
43
102
64
115
90
11
-10
-54
-10
-3
72
50
101
107
149
113
99
56
58
-22
102
133
39
-25
25
56
54
5
56
32
26
1
35
132
115
97
3
9
40
56
42
41
100
36
37
18
-1
6
-17
20
27
-25
1
83
12
26
36
-21
115
16
153
196
64
77
49
64
-50
-84
-45
-130
-2
23
-17
-67
25
19
71
-2
40
25
117
212
283
279
401
184
-126
-151
-196
-169
-74
-121
-74
-122
-113
-59
-107
115
137
83
90
-37
-38
40
70
27
74
24
-21
-13
17
56
114
99
113
33
52
-21
70
112
54
52
16
90
137
157
64
58
22
37
-46
-50
5
36
35
1
52
4
44
121
162
151
269
282
39
-39
-70
-115
-124
-75
-68
-9
26
88
66
57
-68
-78
-109
-9
-2
45
22
-99
128
58
100
147
23
140
291
172
108
60
-41
-213
-187
-146
-122
-108
-30
-58
11
40
45
55
33
40
67
37
16
56
67
92
93
70
118
86
7
-67
-19
-42
83
-33
64
129
98
198
21
5
-1
-52
-102
-61
-54
-29
28
39
66
116
252
325
323
235
139
-123
-219
-187
-139
-145
-13
40
73
32
72
33
23
55
-5
-1
-46
-72
28
-9
-25
-54
6
-9
40
59
99
51
-55
-7
-1
67
27
83
84
162
157
210
169
246
149
141
178
131
75
71
54
85
107
119
123
17
67
-100
-162
-228
-193
-193
-123
-76
-118
-90
-65
-23
5
10
42
7
33
-24
-28
-61
-56
-39
-65
-70
-202
-118
-86
-24
-6
-73
36
22
67
70
103
92
69
70
91
49
50
21
-5
-8
57
82
12
50
42
48
-19
-17
-17
5
35
22
25
38
10
24
10
56
61
42
33
4
106
41
37
19
61
37
27
42
25
39
73
7
4
69
75
88
42
58
86
57
43
86
99
60
69
-9
10
-72
-22
-22
-99
-89
-54
-70
-56
-37
-23
-51
-44
-22
-68
7
25
54
60
55
74
85
57
87
165
58
86
212
359
452
184
162
440
233
69
-89
-227
-290
-322
-268
-268
-202
-124
-101
-66
-5
80
98
151
154
-5
-39
-71
-94
-59
-71
5
18
28
25
91
18
70
32
4
53
58
121
39
3
-9
-11
-17
38
16
284
243
251
100
17
-24
-73
-163
-123
-67
69
64
19
-55
32
-2
-74
-101
-133
-106
-73
-44
86
136
75
37
145
119
76
9
-26
-3
-121
-91
-119
41
23
76
128
172
17
23
12
11
-44
33
33
53
22
41
-83
0
136
7
35
12
72
7
-12
42
114
123
42
28
-72
-10
-57
-23
-19
-9
74
-44
11
5
85
128
27
51
39
123
-2
60
236
117
83
-26
5
2
-9
39
57
25
72
59
188
130
45
2
162
153
-14
-74
-99
-58
-42
16
106
-27
-62
28
513
294
128
308
307
189
21
27
-55
-122
-218
-169
-11
283
327
420
337
265
226
155
6
-57
-227
-109
-213
-438
-686
-657
-491
-381
-317
-202
-195
-78
262
282
290
106
105
373
441
299
157
132
75
-73
-230
-197
-89
296
548
456
248
42
-486
-651
-562
-349
-257
-220
-228
-145
-99
2
1
-33
36
61
208
387
541
673
732
407
71
-195
-194
-102
34
0
-132
-244
-269
-274
-269
-251
-187
-194
-216
-151
-40
71
133
256
201
87
56
17
3
59
326
133
71
-22
77
18
17
35
-67
-26
25
36
71
33
134
58
133
73
51
284
210
235
155
151
91
154
69
-7
-57
-9
-1
5
4
-42
107
170
441
449
235
199
247
147
72
24
134
181
227
60
27
-71
29
242
183
59
73
-130
121
128
-3
3
113
279
349
280
194
22
18
-295
-213
-252
-212
-236
-358
-438
-453
-435
-264
-251
-277
-113
83
412
604
492
336
-189
-348
-403
-328
-358
-328
-226
-69
45
116
165
129
156
114
104
55
101
124
167
139
70
141
116
114
112
108
140
236
224
145
76
84
33
2
-50
120
164
279
215
104
-43
-122
-100
-86
-66
7
21
39
41
104
113
75
104
85
87
40
26
29
-23
-20
-7
-3
33
45
42
80
73
71
61
18
11
9
16
38
44
77
74
50
-2
5
75
21
33
32
68
86
89
55
0
42
55
75
38
24
-5
-26
20
107
134
-11
-38
51
68
50
24
-90
-40
22
13
82
23
-3
54
92
84
49
12
-29
2
43
42
107
80
68
50
-2
120
21
38
40
26
44
33
66
19
52
49
38
54
-1
6
2
4
-40
-22
-28
32
112
128
90
51
16
26
-6
7
7
10
52
2
-18
3