0
71
71
22
10
68
68
40
57
80
76
41
75
38
61
57
44
50
75
10
57
17
41
83
59
42
57
54
61
51
20
50
56
33
9
8
167
235
218
187
52
-72
-142
-155
-55
-87
-67
-13
9
21
6
3
20
107
113
69
-21
-18
11
3
3
21
41
57
58
25
56
20
55
27
42
64
43
10
38
5
-1
13
41
74
24
43
18
13
51
48
56
29
52
71
70
34
16
22
55
39
42
10
36
18
-8
43
64
50
82
-7
4
-4
56
21
44
27
23
24
42
27
34
35
-8
43
10
41
35
42
21
52
25
50
13
85
18
59
97
96
33
17
12
55
10
45
8
-13
8
51
54
108
27
16
-24
-6
-20
97
81
51
148
123
166
135
-12
60
85
112
53
9
8
4
-11
56
151
308
433
421
117
-27
-216
-59
25
197
354
365
241
65
-109
-88
-156
-200
-217
-141
-70
-103
-124
-86
-81
-11
-24
17
-6
-22
-44
-26
-26
-129
-36
-2
16
52
70
12
73
99
99
73
132
112
103
74
116
76
64
121
176
82
50
50
3
25
52
100
93
91
114
161
155
60
22
21
-33
-87
-123
-1
125
171
265
212
200
172
53
-29
-62
-24
1
53
35
166
283
139
-151
-254
-274
-307
-268
-294
-161
-67
-60
-6
-27
56
-4
34
28
50
68
-3
-3
-4
54
85
36
84
26
68
1
20
54
81
28
33
42
74
134
224
199
41
-29
-21
-73
-14
-65
-20
13
-2
13
1
-22
-17
-30
-76
32
58
108
152
178
52
32
21
-37
27
52
-41
-4
20
65
43
22
-11
106
80
40
74
40
76
115
209
326
294
506
552
373
331
97
-59
-248
-219
-183
-190
-185
-333
-429
-486
-391
-264
-130
42
75
27
-55
-27
54
60
115
241
213
167
98
4
-116
-17
-23
-37
-114
-168
-119
-45
-5
24
48
56
121
55
-4
-20
-45
70
119
54
128
119
75
-17
-44
-60
-30
114
146
217
228
200
337
144
54
23
10
91
149
294
264
189
116
-11
-215
-154
-146
-154
-149
-201
-180
-27
117
240
172
149
77
53
32
-11
-113
-58
-8
64
103
355
545
563
468
294
-78
-274
-348
-403
-331
-409
-248
-94
168
257
329
53
37
87
136
135
138
164
-27
-270
-278
-283
-163
-165
-124
-59
23
54
27
-38
-44
37
135
109
230
341
380
243
133
22
5
-34
-68
-92
-113
52
103
170
278
178
32
-22
-55
-97
-5
2
39
50
68
8
2
12
52
48
91
150
83
219
316
249
140
7
-5
35
17
7
-74
-87
-55
-49
-97
-28
23
81
92
194
211
149
128
99
-9
4
21
-14
-13
-109
-100
-90
-45
-76
-40
55
54
83
32
55
80
83
76
87
102
67
70
45
87
72
36
7
53
50
108
26
20
44
33
50
-2
81
27
7
53
1
4
38
18
49
38
39
76
183
66
53
74
51
19
68
72
2
82
75
57
85
65
64
-10
103
67
68
72
6
9
21
21
-2
-21
108
18
37
3
-43
-6
1
85
44
40
-49
3
50
103
91
48
-3
-9
25
25
23
11
55
51
21
48
67
-10
-65
-24
-23
37
88
55
35
12
99
86
76
60
39
117
250
276
217
92
51
-92
-58
-70
-6
140
101
72
9
69
114
141
131
-36
-86
-107
-131
-5
60
70
55
41
-12
-29
-67
-86
-167
-130
-125
-130
-92
-53
-65
22
104
101
66
38
35
22
39
57
113
116
73
66
103
17
90
55
66
122
97
139
84
6
-39
-23
69
60
74
13
37
4
5
57
33
27
121
131
104
102
104
72
85
100
27
42
38
-33
-41
38
-13
109
172
166
71
43
-12
-14
11
17
-6
22
-7
5
53
24
17
104
68
25
18
42
91
96
36
114
117
87
137
99
86
20
45
36
-20
-49
-51
29
6
50
59
1
65
11
13
28
-2
-38
54
82
89
60
87
52
-13
71
38
85
161
247
231
140
83
11
-38
-73
35
108
91
59
-12
-14
-41
7
-13
5
-23
-24
-25
67
56
8
-12
37
27
54
75
22
69
35
26
40
24
39
18
73
109
55
89
102
58
29
40
49
140
108
73
69
67
88
106
118
118
65
-53
-5
8
1
-13
-57
-36
-7
7
10
-25
58
24
18
24
42
99
90
148
198
214
178
84
-1
-26
-43
-34
-49
38
22
-8
-10
23
-29
24
17
40
-6
49
32
33
64
100
71
33
121
169
160
89
32
-1
23
-9
9
20
-6
18
5
9
101
103
43
89
48
40
54
75
16
160
83
180
115
112
74
59
11
141
247
235
114
32
-41
-23
-40
-50
-42
-42
19
3
37
43
73
61
40
0
16
26
26
55
69
16
22
10
89
106
114
45
-38
243
343
296
154
177
137
66
49
240
377
648
690
645
520
490
362
313
281
202
67
-41
-68
76
53
-104
-332
-828
-813
-661
-634
-501
-473
-305
-247
-227
-221
-146
-102
-42
27
114
22
40
16
-12
-42
9
106
83