0
40
-9
-61
-60
-19
36
28
26
35
85
71
65
35
32
45
56
104
91
98
130
160
292
327
400
315
229
107
11
-18
-101
-181
-196
-198
-212
-153
-132
-61
-70
-11
-37
-4
-2
67
38
55
85
148
193
216
201
130
40
-12
9
35
58
-9
-121
-52
-43
-40
-11
9
-18
-26
-40
6
51
99
98
123
49
-7
-1
-5
-28
-8
-19
55
36
86
165
130
88
139
87
115
24
37
-13
50
-19
16
51
-3
-1
42
32
33
11
26
19
-22
13
34
32
-1
12
39
13
13
39
28
40
17
57
40
38
19
16
42
50
65
73
55
27
-28
44
27
84
60
77
124
193
311
328
275
230
187
113
75
-68
-17
-57
-5
35
6
-2
-60
-93
-110
-121
-77
12
-44
8
-9
53
53
136
68
140
65
-33
-67
-54
135
215
28
-265
-220
58
67
196
197
151
71
67
-72
-98
-25
-35
-68
-19
132
138
77
35
33
12
38
91
-6
68
75
179
145
196
113
49
3
-12
-105
-235
-134
-97
-188
-67
-187
137
147
57
-25
-293
-555
-843
-728
-951
-835
-737
-669
-490
-346
-204
-150
-10
136
309
490
343
196
209
209
245
373
103
371
339
261
418
472
472
426
395
114
56
119
-33
6
5
-119
5
93
232
178
32
100
135
120
115
113
83
164
139
135
183
258
168
116
181
130
166
50
25
-2
64
117
131
65
76
103
22
26
26
32
49
81
16
66
57
81
160
152
96
80
40
76
52
42
-37
4
-68
-25
-19
5
-13
53
87
28
25
34
19
19
69
51
76
18
82
18
98
-125
-17
-8
75
26
-56
6
151
173
195
153
102
-8
-20
9
-37
-72
-2
-9
60
32
76
49
122
35
6
2
-18
28
-24
-27
-3
-3
53
25
1
9
10
67
81
56
70
21
1
52
7
16
6
-6
20
43
82
44
58
0
50
22
-35
-6
-14
-22
6
52
37
118
24
86
41
36
-4
-6
-50
-43
-1
6
0
-1
-27
-2
74
67
73
36
-55
21
-23
-13
-12
-29
6
9
5
42
36
52
87
56
70
21
-18
16
36
41
82
12
-8
20
-40
-5
60
34
58
-4
36
-18
5
7
-24
-5
-57
-22
89
86
122
50
76
22
28
8
38
74
51
48
-9
-38
-9
-51
-33
-44
9
-17
-10
33
20
16
-8
-30
33
19
-7
42
48
-20
8
12
28
-5
6
55
32
80
51
55
7
55
70
51
55
19
27
-23
36
55
55
26
20
18
-14
36
-1
-23
6
51
71
55
68
61
50
5
39
21
-1
-26
0
73
52
44
40
25
16
42
66
107
87
36
-24
-1
35
71
67
48
4
28
-61
-9
33
59
59
32
0
65
37
26
18
37
60
24
42
42
7
42
54
-13
-9
21
-23
34
11
58
55
36
44
8
39
58
42
8
53
24
84
57
41
33
65
25
-39
118
71
167
178
85
-24
-45
19
-37
42
28
18
17
18
-34
1
8
6
-34
-12
44
34
36
4
38
41
65
60
32
25
6
50
55
42
54
68
36
57
36
43
37
0
23
24
16
13
44
65
41
70
28
51
69
12
88
64
60
70
101
139
165
155
108
101
69
121
76
58
8
-2
-7
8
49
25
102
129
113
50
60
80
138
240
209
139
100
135
188
140
195
195
182
148
100
10
-52
-185
-237
-83
12
-14
68
123
27
-109
-133
-284
-406
-530
-550
-481
-385
-213
-125
-12
92
161
85
-24
97
83
53
117
85
225
145
96
24
-17
-21
1
4
32
87
65
64
130
162
130
135
84
-18
-7
102
213
261
300
165
171
180
120
134
161
217
243
265
229
166
7
-22
-85
-141
-197
-121
-88
-69
2
-29
-55
0
-33
21
34
56
92
101
90
36
90
124
132
48
35
-54
-58
38
-11
70
21
33
-14
-114
-54
-88
-37
36
37
17
16
59
35
85
76
114
107
224
163
75
25
-21
-21
-74
-21
25
33
17
59
-26
37
-25
3
16
17
-25
54
61
67
52
54
59
81
54
51
17
13
103
67
93
19
1
-11
44
-10
9
32
59
108
115
114
86
71
57
-7
-5
6
3
19
35
54
33
80
66
40
16
8
33
2
22
23
34
16
59
16
22
19
54
64
33
106
182
66
13
26
4
51
6
-40
5
-75
10
17
23
21
11
-18
6
51
32
102
56
76
-7
60
-26
-20
91
68
168
122
145
203
141
75
144
90
112
-24
-44
-115
-132
-149
-73
-28
35
28
1
-8
-3
-17
-37
4
23
3
24
-44
99
64
11
77
29
70
80
72
135
304
203
59
23
6
-45
-28
-124
-69
-45
-33
-34
-60
8
3
-6
2
-28
9
-27
-71
66
87
205
144
26
-37
-54
-38
-30
5
5
106
107
-7
-19
66
-30
28
1
82
22
74
114
70
74
-81
-52
17
-10
-6
8
19
-71
-24
45
21
88
81
148
164
24
-36
6
-12
-109
-92
-37
4
20
-21
-50
-2
21
9
-7
38
107
44
23