0
-3
-17
-45
-20
23
75
-1
29
96
98
64
76
73
69
59
108
57
54
98
41
75
98
65
59
42
77
36
48
70
65
87
69
35
56
40
57
23
7
64
75
50
71
35
80
85
109
45
45
20
37
65
70
23
86
68
90
103
77
53
-43
-13
-39
-5
-20
-52
-45
12
65
155
133
116
165
101
33
-18
-40
-28
44
73
2
-28
-33
44
188
219
107
-43
81
71
40
59
285
435
434
73
-154
-245
-187
-183
-156
-113
-70
-77
-77
-65
-38
1
-11
35
42
66
90
70
116
86
40
27
21
40
44
16
-2
23
17
60
90
116
67
54
90
76
-5
16
26
-10
-19
24
54
40
18
17
42
80
80
84
21
28
73
102
112
80
18
-24
-3
48
2
16
67
25
5
40
7
86
66
81
90
71
16
35
51
37
-26
80
88
117
113
71
29
2
-71
-1
35
9
33
-7
41
44
27
0
85
120
76
24
18
41
5
-2
38
105
40
-9
41
12
29
54
56
57
28
50
48
12
69
128
106
85
34
0
-59
-6
11
22
45
41
13
-10
-29
-28
13
9
50
75
36
10
82
133
106
133
122
277
323
327
218
-27
-170
-185
-132
-114
-27
132
201
294
213
298
96
11
-92
-72
-100
-67
7
-139
-195
-195
-137
-68
-26
18
26
-37
-52
-57
13
0
4
28
11
-20
-11
-19
57
-13
24
33
19
28
40
87
59
19
12
-5
70
73
69
380
184
107
83
130
285
161
-52
-86
-173
-178
-152
-140
-10
-56
-82
-9
13
156
149
150
48
-71
-57
-12
16
77
169
157
91
273
333
189
76
-67
-85
-78
-83
-57
-19
92
85
214
230
99
97
88
139
136
119
66
-60
-118
-115
-28
-29
279
316
358
312
258
171
-21
-73
-164
-156
-173
-214
-193
-215
-162
-124
-122
-110
-45
-8
40
-9
19
39
-17
28
20
60
69
35
70
64
64
67
36
73
41
48
92
43
64
25
71
84
59
100
75
134
99
-25
-27
-11
-8
52
36
71
40
16
35
73
35
74
44
20
36
33
32
39
-7
25
67
35
16
-21
-38
-4
-58
36
67
24
39
66
48
45
81
16
39
100
49
98
48
74
56
33
98
151
156
257
216
157
87
23
0
23
120
99
91
58
108
74
75
34
26
-24
-86
-101
-77
-51
-73
-55
-90
-20
38
25
28
7
-13
-20
-1
21
-7
72
12
69
7
16
-6
48
53
28
-5
48
51
85
58
38
41
58
21
12
65
52
88
45
67
33
28
48
50
70
66
64
48
43
17
-18
-67
-8
8
24
11
69
25
0
23
26
8
42
8
33
18
7
-3
-4
71
37
43
36
29
-7
12
5
10
37
23
18
12
66
91
81
42
59
40
-18
-9
2
43
6
35
-12
48
45
34
37
64
54
21
11
58
39
36
16
2
-61
11
23
-20
-12
81
54
83
56
1
7
11
38
52
41
16
-4
29
11
-1
24
65
50
12
32
42
22
70
71
21
45
76
93
26
22
5
-41
-12
12
64
49
4
-3
-12
6
39
20
25
4
64
75
20
49
9
3
89
105
91
58
59
26
-23
-40
-42
11
-3
6
35
32
0
12
65
16
19
180
217
211
107
101
-74
37
-92
-22
-59
-41
-12
27
-2
27
60
148
133
105
163
-20
-77
-53
242
91
-36
-114
-102
-81
-2
99
171
265
138
59
-14
-102
-132
-87
29
186
262
198
180
200
37
-21
-122
-195
-162
-102
-8
-73
-88
-106
-86
-116
-65
-33
42
73
23
37
71
162
166
121
84
162
150
77
6
-57
-122
-74
-54
-5
-25
-3
12
71
113
148
241
161
1
-10
-54
-34
-8
1
-51
-24
36
-11
-6
-10
11
80
58
55
44
28
-13
60
76
-12
-27
-7
38
67
26
51
-38
39
51
8
-24
42
129
244
257
241
314
505
336
292
221
278
432
411
121
-302
-552
-478
-340
-298
-212
-113
-60
-27
-182
-140
-211
-114
-22
109
109
27
-101
-104
-51
2
-42
43
28
91
104
138
70
115
116
65
-12
-13
-8
-11
5
38
86
25
51
-19
7
-39
20
98
128
166
155
38
72
40
113
135
-12
-39
-19
64
72
166
320
216
52
-87
-181
-164
183
393
241
-59
-168
-137
-211
-43
5
118
121
144
107
88
-117
-212
-155
-245
55
22
-77
-237
-84
49
-179
-189
-181
-222
-70
49
107
112
284
215
198
139
115
231
248
602
595
179
234
293
472
489
153
-3
-190
-152
-294
-375
-570
-488
-81
48
-196
-59
-74
-6
-90
35
1
-83
-149
-169
-28
66
232
475
243
104
1
85
199
321
306
183
248
124
55
40
-204
-236
-215
-140
39
50
53
-93
132
61
210
225
121
203
156
24
-88
-299
-375
-166
-108
-116
163
273
355
187
7
-61
52
66
8
81
133
155
249
198
77
146
125
176
225
192
141
-103
-189
-66
-203
-297
-311
-283
-182
-135
-77
40
-10
-60
-11
-12
112
102
252
340
283
269
0
-90
-56
-85
-92
-103
-11
2
-23