0
297
859
391
372
314
213
18
164
276
167
119
52
-36
-4
56
404
192
197
162
258
381
358
406
230
217
230
97
18
-39
-2
1
2
20
106
161
117
5
-180
38
134
282
356
243
135
213
165
2
-23
67
357
193
210
48
12
4
-185
-120
-172
-44
-62
-4
-21
51
107
99
-61
-66
131
331
539
905
988
873
629
425
123
13
-55
-197
-471
-641
-642
-516
-307
-314
-313
-243
-199
-228
114
133
342
548
721
400
409
114
-44
-123
209
70
-138
-489
-725
-708
-765
-837
-793
-772
-553
-358
-230
-197
-165
-433
-403
-322
16
214
155
-116
-24
13
-201
-234
32
186
-110
139
168
484
347
68
-61
-190
-242
-182
-88
-137
-130
-118
-28
6
100
177
290
450
257
227
276
243
183
154
103
195
280
356
317
215
192
203
212
203
258
171
160
153
151
92
82
19
70
87
71
92
128
82
146
120
-1
33
147
44
315
340
232
194
386
265
186
216
147
106
70
-93
-108
-98
-136
-50
22
-25
-204
-243
-347
-326
-261
-227
-114
-90
-173
-109
-40
76
97
98
-65
-66
-172
-172
-184
-124
-109
-56
-11
-17
-3
1
-21
-18
-42
-22
-10
-20
161
118
85
19
-38
51
114
101
71
44
178
32
-115
-171
-199
-264
-146
-141
-55
-98
-104
-154
-78
-5
189
266
280
169
353
288
482
371
369
340
536
496
141
118
-18
-69
-252
-532
-473
-81
-37
-606
-756
-744
-658
-404
-284
118
617
867
836
242
-73
-164
-131
-198
-118
-73
-40
81
36
68
136
245
197
33
-17
25
73
135
189
129
121
92
48
102
115
106
204
363
477
634
407
55
-265
-366
-300
54
-45
-200
-301
-57
283
419
356
276
300
35
-337
-433
-590
-572
-498
-470
-493
-366
-206
-70
-24
137
116
-7
-102
-105
-84
-57
-3
-25
-19
10
32
22
66
129
69
38
-198
41
-56
-77
-21
5
-107
115
67
138
152
153
390
215
84
333
377
520
475
418
139
-186
-392
-490
-453
-276
-163
-77
2
134
292
524
489
84
-55
211
208
327
497
443
294
160
101
232
153
-51
-23
-146
-50
-403
-649
-338
-598
-476
-330
-556
-619
-485
-380
-166
-60
81
156
173
104
132
219
103
178
115
113
121
201
150
162
58
97
162
177
22
34
-60
-42
-104
-38
34
64
71
98
113
136
17
43
37
114
12
26
9
-55
-69
-67
-25
118
120
188
189
164
93
5
-125
-94
-98
-121
-110
-41
-19
8
189
186
186
308
247
192
53
-121
-114
-130
-147
-85
-133
-114
19
99
122
26
-11
-6
-81
-24
33
38
84
12
-51
34
-118
-101
-100
-5
44
-9
-7
2
-84
-8
54
133
33
4
-49
-69
-21
57
103
183
61
-2
-37
-72
-29
44
24
139
247
295
99
-19
-60
-92
-53
-33
27
5
0
1
-89
-57
-30
-21
-12
0
48
24
45
38
70
83
149
103
26
65
20
33
-13
-19
-3
-26
-21
37
65
52
1
-25
-20
-18
42
17
16
55
69
69
50
89
96
49
39
-7
-3
-19
96
137
327
285
135
-29
-36
36
204
121
81
72
-71
-130
36
8
-8
3
-67
-151
-150
-73
-27
-90
-150
-77
-58
83
231
333
291
-35
-203
306
442
37
-157
-282
-148
416
948
1277
998
732
289
-263
-630
-830
-806
-771
-661
-579
-189
114
344
697
881
620
82
-244
-457
-375
-409
-451
-338
-230
-205
-214
-119
-106
-85
-53
38
53
56
58
121
104
53
74
67
91
86
68
51
39
18
66
53
37
132
165
49
32
-27
-10
5
-25
-21
54
72
36
10
153
108
-11
-76
-119
-93
-73
34
50
151
298
214
115
48
11
-45
-29
-28
-20
-6
-8
11
48
25
3
38
45
41
28
58
56
32
27
8
72
116
86
102
93
80
-51
-6
-12
17
44
96
102
25
-7
-6
-12
24
36
100
72
130
152
114
134
71
-43
-4
-45
-62
-83
-87
-35
-39
-25
-29
12
-23
-25
11
-6
81
136
113
86
44
70
35
5
34
108
182
99
81
44
37
-2
-40
-42
-25
-28
51
36
87
89
26
-24
22
27
8
-4
20
24
-33
40
39
65
104
82
58
-22
19
18
16
41
42
51
33
12
-23
8
53
99
57
24
34
10
-13
-23
-17
41
80
23
53
71
45
107
164
147
102
33
-42
-51
18
6
-26
24
97
102
100
70
93
37
-29
-49
-43
-36
-67
-27
-49
-54
-43
-43
18
37
51
35
64
103
188
151
118
-30
-97
-61
-35
-7
2
-3
48
16
64
-7
-13
45
73
77
76
59
73
38
44
28
67
37
41
-54
17
9
26
36
83
21
53
115
177
118
70
9
4
97
81
-2
-29
-69
3
72
68
40
32
-29
-55
-103
-120
-73
115
346
257
112
-58
-163
-150
-106
-113
-49
64
205
236
186
85
56
87
60
70
52
244
197
58
-19
0
16
-12
-100
-35
77
-37
-146
-300
-227
-133
-149
-90
85
-23
-54
-88
-38
-27
297
347
291
130
-13
-74
-39
38
-35
99
1
112
104
-2
56
98
-6
-37
-12
76
-5
55
73
39
19
40
-26
2
-23
33
64
33