0
76
65
16
37
40
128
199
141
132
-51
-69
-41
-98
-83
-61
-71
4
22
93
217
555
474
501
361
125
-179
-236
-295
-250
-258
-156
-118
-110
-3
34
72
212
260
293
176
90
26
-23
-4
-107
32
25
53
69
39
88
34
53
43
-57
-66
-22
-24
5
123
140
128
71
-3
3
19
-9
-52
-4
-62
-6
5
5
69
53
98
55
69
146
169
125
41
19
-44
9
69
112
90
67
26
6
73
1
8
19
40
-11
1
8
48
52
97
101
85
50
96
90
81
85
53
93
85
25
-18
24
-68
-12
-27
11
1
26
11
13
1
41
65
88
66
76
120
76
116
40
52
10
71
27
64
2
2
2
10
4
-21
-3
-33
-34
-3
-34
34
33
52
35
4
36
67
54
54
25
91
113
51
60
-6
10
-44
48
29
45
70
132
140
98
11
20
36
44
1
35
83
137
180
133
36
-19
-1
-17
-3
-10
-97
-37
17
40
97
128
195
151
123
1
-46
-24
28
102
91
80
16
-43
5
7
36
-57
-105
-66
53
160
131
57
18
-5
-39
-104
-52
-17
-18
28
115
256
248
274
209
170
129
-40
-36
-108
55
76
108
148
37
-113
-114
-147
-38
-98
-222
-204
-110
-149
-92
-97
-69
1
84
104
-77
17
39
-1
-30
-86
-83
52
-10
50
-10
51
37
32
44
-26
40
90
13
5
43
199
225
108
70
41
54
33
12
12
-5
67
137
240
203
68
-69
-129
-147
-119
-44
-25
42
2
37
65
-12
-84
91
199
168
140
69
39
4
-46
19
51
-23
18
5
35
119
45
54
169
-25
41
7
117
70
27
82
117
64
71
135
203
183
241
200
172
145
54
-21
-20
-1
48
132
52
1
-89
-39
-77
-34
-23
17
16
28
44
35
37
113
133
183
166
164
122
16
-10
-34
-66
-29
-3
23
39
166
231
233
108
38
-34
-41
-55
-66
-40
27
22
-33
-54
-27
-46
25
-4
-27
-36
-34
-28
64
59
77
109
28
-24
-20
-3
69
69
71
103
125
156
171
22
-74
-97
-78
-10
-25
99
80
7
6
76
166
124
60
-2
-85
-27
-99
-106
-13
68
-7
10
9
-42
-54
6
-17
-19
41
82
39
45
21
75
87
86
53
56
89
64
48
67
68
65
25
44
43
74
36
187
205
312
194
124
151
-2
58
56
169
289
306
226
186
116
-120
-156
-230
-189
-220
-260
-250
-196
-26
40
100
119
164
89
75
41
-5
-35
-65
-42
-14
7
104
85
51
66
17
117
76
73
-28
26
152
397
435
404
265
165
-43
-107
-156
-75
5
-52
-37
-194
-243
-254
-242
-178
-117
-70
-49
-106
-35
5
12
42
45
105
69
12
55
33
36
68
21
38
16
83
100
-1
71
12
-1
-14
-28
-36
-34
22
58
82
10
73
60
55
44
101
20
25
3
55
161
217
165
23
-24
-20
-17
45
6
35
99
140
84
134
105
-4
-2
-113
-3
163
187
199
50
60
34
23
2
147
166
176
145
183
104
195
250
328
369
376
370
272
258
85
-20
-115
-109
-78
-374
-633
-761
-714
-486
-329
-189
-39
-46
37
0
-9
36
36
8
-55
-166
69
-51
-66
-51
-139
-69
59
-18
-23
-34
38
173
165
76
104
202
146
90
8
-67
88
146
65
97
83
105
4
-43
-150
-205
-185
-132
1
83
64
-5
-61
-6
152
102
67
105
164
215
202
155
54
68
28
136
56
29
51
89
172
180
129
117
209
171
198
185
24
-21
-100
-116
-126
-177
-270
-252
-65
88
72
18
-33
-54
-107
-205
-133
-85
105
204
294
89
45
84
-17
123
-29
18
53
102
104
108
81
76
64
-3
-125
-215
-195
-156
130
20
-45
-137
-91
-91
-7
90
3
20
4
-40
25
-104
-104
39
87
147
216
264
108
-52
-87
17
80
93
185
136
43
85
114
155
115
64
55
49
112
84
100
121
84
41
83
42
-6
20
116
75
0
-3
-37
-12
-9
-6
42
130
289
297
60
-88
-105
-100
-130
-148
-81
-34
44
91
140
69
27
34
20
82
105
116
130
99
75
84
106
146
161
75
96
80
96
88
186
-9
-212
-328
-316
-203
-170
-65
18
2
117
199
336
138
-25
-204
-130
-151
-90
-35
29
23
43
52
137
186
88
105
58
-38
-24
9
36
36
-3
57
140
68
66
51
-6
12
37
61
82
123
20
43
20
134
90
74
1
24
13
-7
121
160
256
292
171
56
-9
115
435
843
1032
827
658
534
393
275
85
-167
-389
-499
-599
-690
-691
-597
-460
-314
-266
-291
-169
-158
-173
-183
-299
-337
-354
-315
-174
-67
-30
33
99
80
105
97
84
119
164
312
502
514
465
365
283
210
-13
-66
-226
-325
-268
-151
-73
-52
-25
-85
-103
-164
-114
-55
60
166
281
257
118
27
-74
-52
-82
-147
-113
-124
-37
-18
7
80
61
75
113
91
71
73
64
74
156
203
346
434
490
482
378
277
150
-118
-179
-146
-145
-76
123
276
236
236
210
87
-54
-114
-200
-266
-350
-355
-382
-321
-295
-295
-253
-205
-115