0
-285
-419
-678
-681
-455
-200
-121
-50
20
165
-28
-21
16
22
21
147
152
209
257
247
397
352
331
121
-25
-3
-119
-100
108
423
723
962
675
481
360
208
-45
167
-190
-332
-329
-402
-395
-228
-92
60
2
34
-107
-49
-261
-137
-105
197
330
227
178
-68
-76
-269
-354
-419
-707
-505
-135
244
9
80
323
328
217
-179
-218
-23
90
312
227
214
67
8
-82
9
137
-55
-233
-125
115
33
50
129
120
210
484
652
499
554
676
626
627
505
455
155
-4
11
331
338
299
171
183
148
107
84
65
53
43
39
37
34
39
797
-2048
-2048
-1692
-1158
-788
-577
-343
-227
-148
-86
-51
-25
-8
3
10
17
21
23
24
25
26
27
27
27
27
28
27
27
28
28
28
27
27
27
28
27
27
28
27
27
28
28
28
27
28
27
28
27
27
27
28
28
28
27
27
27
27
27
27
27
27
-2
2047
2047
1913
1332
924
624
437
309
220
155
116
88
69
55
48
40
37
34
33
32
28
27
27
27
26
27
26
27
27
26
27
27
27
26
26
26
26
26
26
26
27
26
27
11
11
11
1633
1414
1280
661
284
435
578
530
412
346
232
199
161
120
90
71
66
50
42
38
34
23
28
37
34
33
29
29
28
28
28
28
28
28
27
28
27
28
28
28
28
28
29
28
28
28
28
17
25
33
27
27
22
27
34
35
9
5
34
21
-38
20
41
-21
17
-18
34
77
-49
-181
-170
171
168
134
106
81
66
54
48
40
39
34
33
33
32
32
21
-357
-19
-154
67
144
157
29
20
-151
-76
-35
-231
-647
-35
-713
-90
276
432
308
-58
-38
-101
-29
17
171
330
561
483
380
276
194
141
106
83
65
53
43
40
27
28
33
19
-6
13
21
-11
-114
-509
-276
-131
150
311
340
272
194
133
73
72
-58
12
8
-2
69
85
67
-6
-28
23
65
56
19
-102
-386
-631
68
-46
-331
-424
218
186
355
-34
-199
-658
-545
-679
-563
-264
-254
138
35
-265
-213
-296
36
535
505
413
428
161
-550
-401
-435
-403
-412
-82
-133
-116
-216
-234
-299
-168
-121
172
103
197
356
338
171
314
-70
-49
130
291
208
340
75
-102
49
-25
68
106
150
227
-39
-171
-11
252
219
241
185
166
103
252
339
323
282
86
145
-23
17
117
-1
4
28
39
-339
-356
-454
-504
-503
-201
-246
-157
-110
-220
-489
-193
-122
-283
-125
3
41
209
281
233
100
140
96
128
-78
145
146
179
86
-20
-98
2
21
147
166
260
194
122
-7
-3
83
-168
-116
-39
241
128
185
153
72
26
59
22
-58
-14
-142
-195
-35
-108
-122
-88
-20
-78
-107
25
66
-30
-88
-166
6
-2
131
185
70
102
186
216
10
-35
68
75
61
149
-46
128
83
-36
102
-27
73
11
105
144
-9
-11
36
48
204
132
140
147
129
233
282
282
276
354
461
601
669
586
504
394
277
197
135
61
-2
27
-37
-57
-163
-161
-741
-692
-1404
-1778
-1906
-1733
-1396
-929
-524
-298
-360
-290
-257
-371
-275
-181
-108
-67
-29
-10
1
6
17
61
17
226
141
103
770
320
220
618
724
581
752
412
141
68
858
496
417
731
776
995
-185
-897
-995
-781
-385
152
1740
2047
1173
989
490
-522
-761
-935
-855
-788
-412
-97
179
235
243
368
267
451
280
185
83
-33
121
209
261
100
96
18
-21
6
-21
59
115
181
234
235
147
165
220
250
313
388
358
532
636
599
449
247
39
-3
-291
-453
-598
-379
-411
-411
-293
-248
-215
-310
-134
18
130
257
188
144
-41
26
90
83
-17
151
10
67
0
122
102
74
99
248
64
29
20
0
-4
36
-35
137
69
-65
-11
-71
-97
80
122
81
136
187
117
71
57
-26
42
157
306
165
177
68
9
7
113
107
32
0
52
-106
-2
198
230
248
230
167
-23
-129
-475
-646
-515
-340
-203
-206
-125
-5
-25
38
32
-4
-103
0
-46
662
891
688
340
-136
-326
-404
-541
-469
-242
-193
-205
-67
-99
12
123
263
253
401
437
361
243
195
59
26
-62
0
-209
-115
89
296
394
208
160
-28
-108
-233
-170
-74
48
37
194
39
23
209
199
-11
-294
-231
-217
-69
-82
102
124
245
-19
-20
173
284
184
474
669
792
679
261
219
54
-85
-162
-333
-169
-230
32
25
217
240
80
32
-187
-422
-212
-404
-250
-249
-532
-297
-766
-677
-660
-269
-60
6
26
-197
212
-107
-180
-332
6
75
440
406
356
825
347
-234
-618
-379
114
-214
-210
-85
-227
-77
133
346
381
317
870
980
906
445
-193
6
-413
-860
-965
-635
40
827
1078
536
-88
197
-162
-791
-1132
-612
-561
-514
-369
-178
33
-613
-526
-212
564
632
470
808
512
51
-300
51
595
267
112
130
256
96
-108
93
337
490
340
-29
-93
-276
-142
-24
-123
-174
9
277
171
35
-83
-41
225
205
44
263
171
113
230
182
182
136
89
181
150
202
266
243
373
251
212
417
781
648
256
-65
52
546
860
969
791
570
403
277
200
147
109
53
-115
-171
-92