0
41
-4
-39
-51
58
196
179
86
12
-57
-43
-73
-140
-44
-27
-58
-66
-33
39
5
41
75
17
36
73
53
70
24
0
-3
-42
-18
-2
11
53
18
4
65
24
-36
-3
20
33
16
39
8
41
59
51
72
60
107
32
-1
33
12
7
-18
-97
53
9
0
-23
-19
4
39
42
53
19
11
9
3
9
52
34
43
18
0
25
17
45
24
21
45
32
67
24
39
59
74
38
12
-2
12
20
33
36
52
-3
24
59
33
33
40
21
19
40
13
43
34
41
71
59
87
65
43
37
-13
54
-24
-46
42
27
28
80
90
150
304
404
374
346
363
273
73
-130
-268
-6
-86
37
-39
-370
-279
-230
-193
-267
-174
-42
9
45
73
115
16
-39
-118
-101
-72
-54
27
53
59
66
67
51
54
48
57
52
101
123
129
178
134
160
52
25
-10
-65
50
56
198
185
181
135
-45
-138
-170
-59
-35
52
58
115
57
12
55
35
37
0
-34
72
104
-11
-94
-145
-102
-81
-17
7
68
-5
3
37
22
26
52
123
87
137
68
2
-40
-19
-77
-19
-17
9
-29
13
115
219
200
102
-21
-46
-50
-11
26
34
32
-44
-11
26
32
83
41
28
34
41
3
10
16
42
64
74
86
76
73
54
-13
33
34
-6
-1
-1
6
5
-9
38
81
67
48
49
38
32
6
118
130
106
103
112
187
112
3
-50
-49
-92
-21
-17
18
-13
-58
-33
-11
8
20
81
152
144
121
86
43
-4
-29
-36
-1
70
168
213
168
86
36
2
3
1
21
28
1
-33
-55
-7
2
7
-4
-36
-65
-66
-97
-89
-38
12
84
103
76
149
132
151
99
66
49
84
101
40
-7
-101
-97
-37
-27
-113
29
-11
33
74
96
66
38
26
86
203
234
391
499
440
217
-91
-131
-197
-200
-253
-262
-284
-277
-266
-228
-178
-97
-77
-5
99
113
98
105
176
185
172
204
236
434
416
347
99
-21
-109
-53
-105
-34
-99
-138
22
26
71
-5
-57
77
231
424
475
294
72
-65
2
-85
-78
-171
-213
-97
54
7
-124
-187
-209
-174
-190
-197
-141
-209
-158
43
4
-35
41
49
130
141
186
129
112
5
54
54
130
100
65
69
42
81
91
146
136
40
226
445
274
152
483
649
468
326
122
-99
-334
-299
-166
-269
-222
-233
-168
-217
-172
-199
12
144
373
88
57
-12
164
212
122
44
-123
-137
-228
-166
-94
-146
-246
-198
-233
-324
-458
-790
-648
-329
-280
-443
-275
-481
-183
22
101
38
226
321
327
439
498
517
712
675
387
512
325
-23
-106
-110
69
103
52
136
336
250
282
472
386
363
425
429
338
87
192
237
-57
-197
-300
-493
-677
-951
-556
-503
-566
-286
10
44
236
230
153
82
299
362
60
68
227
103
129
184
193
218
236
392
466
555
470
305
360
324
432
392
443
376
245
192
162
212
406
348
136
233
-35
-44
-334
-747
-838
-851
-823
-810
-634
-295
-370
-244
65
120
55
86
203
439
457
581
667
528
203
-6
-20
-9
-44
0
56
131
121
-6
-66
-104
-129
-106
-115
-86
87
113
167
208
152
155
145
84
105
85
-30
-27
-50
-54
-49
9
128
74
35
97
9
77
43
82
203
183
325
220
212
243
193
232
87
56
-75
-35
-43
-5
71
72
23
3
0
-42
11
-36
-14
-35
-56
-14
42
22
26
51
49
29
26
50
-26
-26
-50
-110
-24
-42
-45
-12
12
4
-7
57
56
99
116
101
120
90
113
100
-6
92
-2
44
64
75
41
84
43
-2
-20
-38
-29
-33
-24
67
157
108
129
55
33
88
88
21
-3
39
40
70
102
76
66
-8
-107
-21
-40
37
45
1
11
66
71
71
10
59
48
60
66
156
134
128
153
301
362
304
108
-109
-115
-7
147
344
339
234
281
185
-9
-9
-194
-215
-309
-444
-424
-413
-308
-166
-105
-102
-70
-74
-27
32
57
42
13
50
64
52
98
87
129
146
103
39
-1
32
116
120
74
64
57
80
84
49
92
91
64
64
43
39
38
96
51
109
40
76
89
58
59
25
23
22
38
-1
32
-25
51
56
39
25
27
37
-14
53
58
66
32
10
9
27
32
98
56
70
61
24
-34
18
19
2
39
80
80
70
72
74
40
5
53
29
67
12
8
34
11
13
8
7
35
12
36
54
68
87
42
61
2
-60
4
-24
-25
22
6
8
-25
37
1
54
38
18
40
52
17
-8
52
10
11
27
36
29
23
51
27
54
73
57
61
53
37
1
43
-7
29
64
-17
33
52
-1
23
89
56
40
44
28
-3
49
-13
26
72
104
129
89
10
8
33
-38
-54
-26
16
75
72
69
80
69
18
2
-39
33
66
41
1
-73
-70
24
36
25
61
26
96
105
91
66
69
209
132
-2
-29
-58
-1
74
24
-6
-3
-7
33
-6
17
36
-14
9
2
33
-4
72
89
11
22
-38
-9
16
12
25
24
41
24
7
75
40
33
51
11
-28
12
101
36
20
-58
-18
-25