0
45
25
53
38
-24
58
37
49
43
65
74
44
45
18
7
58
33
35
66
86
59
20
-21
7
1
5
-2
-13
7
-19
48
-38
-5
-55
6
-35
0
13
32
39
6
40
38
11
25
25
27
-1
10
33
27
22
20
56
25
65
-6
17
57
9
-6
12
25
52
22
-3
25
11
35
37
53
26
21
33
29
18
29
24
38
58
64
48
9
54
36
21
-24
-22
25
-12
48
25
17
-36
29
-11
6
3
-2
-5
0
29
18
64
-5
-9
22
17
22
33
11
34
0
27
29
40
53
4
6
-3
-28
-28
0
19
53
59
50
-38
39
66
-17
40
22
35
29
48
36
17
18
-4
33
22
48
11
11
50
69
51
7
54
25
32
11
20
0
38
26
33
37
19
35
40
20
9
18
5
52
8
22
53
8
40
7
34
21
43
23
12
25
50
20
4
21
16
27
26
25
10
21
42
34
56
35
60
90
96
20
-41
-3
2
3
19
-19
49
2
56
65
11
16
3
4
10
3
16
64
18
-4
12
20
67
41
41
-8
53
70
56
-44
16
8
19
91
17
9
-27
-8
83
44
22
6
53
17
6
6
20
24
68
54
22
45
1
57
9
-23
25
12
42
28
-20
18
66
52
8
-7
4
5
7
8
3
38
52
42
26
36
-27
-2
22
34
7
44
20
33
23
-11
41
8
41
39
52
50
49
32
69
8
12
-42
17
-23
0
4
23
19
-3
43
-9
22
36
11
73
21
64
13
19
20
75
34
40
7
12
27
7
39
6
32
20
58
53
26
51
21
-11
19
-2
13
27
37
-2
25
65
40
5
-12
42
40
58
-4
7
28
43
32
41
29
25
66
24
21
23
9
5
36
-2
56
16
74
5
-8
-23
-13
39
43
24
35
29
103
55
33
-10
27
-2
48
4
33
11
48
28
74
11
28
36
32
54
36
40
6
-12
10
-10
67
-5
11
32
38
27
4
33
19
22
56
35
9
41
-7
23
-24
60
21
32
34
44
22
75
37
50
39
23
21
52
38
7
21
56
65
21
26
40
32
51
18
10
24
24
-9
71
20
45
34
56
4
17
56
101
41
3
-7
6
32
49
-2
36
25
25
26
76
37
54
7
-1
27
40
28
16
48
9
54
24
6
44
52
29
24
90
68
72
42
39
12
55
-3
88
40
36
53
44
-1
24
25
23
18
12
-3
72
42
82
12
45
37
27
19
50
34
22
40
18
39
23
8
36
37
32
53
-42
40
56
44
-11
60
21
73
12
49
58
4
32
4
6
48
18
65
50
29
-5
39
57
44
74
21
38
66
54
40
17
36
49
27
35
52
53
86
32
17
23
55
21
7
43
64
41
37
54
5
-1
64
67
48
37
40
50
32
56
67
35
6
64
50
27
29
27
-7
24
43
51
26
56
65
53
92
35
53
84
55
56
58
28
42
67
74
69
89
75
91
48
28
34
25
43
40
38
25
27
23
48
73
48
7
18
11
45
-12
28
-17
44
22
4
33
26
12
8
50
61
38
24
26
25
11
26
44
8
68
9
80
51
20
57
65
86
113
105
56
25
66
56
40
56
84
34
21
91
54
90
74
25
7
-20
-6
-14
-29
6
28
16
45
60
-12
41
18
44
28
39
166
160
83
-12
-56
-25
16
16
4
-24
33
60
28
50
17
-13
41
32
37
42
84
99
43
-6
71
61
64
60
10
-13
59
42
37
25
56
48
43
61
12
7
35
85
128
88
135
146
149
277
280
294
227
187
196
97
-6
-83
-94
-131
-166
-150
-152
-107
-106
-83
-59
58
24
73
77
36
24
-62
68
41
89
108
205
320
171
194
9
-86
-142
-43
-134
-103
-184
-69
-83
-37
-42
1
39
53
-18
36
48
8
-8
28
42
104
83
113
210
161
98
81
41
-7
35
-20
50
53
112
113
83
28
74
44
80
22
-12
43
97
67
12
98
88
66
50
-1
-12
-11
23
58
58
132
69
-24
-39
-24
144
3
4
60
5
1
-91
-124
-99
-66
35
33
244
187
209
99
-107
9
21
-55
88
3
-34
37
-5
41
56
13
-70
-88
-5
16
11
60
116
117
92
88
36
22
86
132
112
108
101
160
219
243
226
157
193
51
34
130
51
-37
-182
-164
-132
-126
-103
-87
-97
-53
-27
-40
-4
32
24
80
38
71
80
68
100
88
72
60
24
20
27
21
39
85
91
32
37
49
75
50
18
37
0
44
10
9
22
1
12
56
10
28
34
21
70
52
37
72
-10
5
-8
20
44
25
29
18
43
37
37
68
57
7
5
60
65
11
-5
-22
11
-14
5
64
64
38
-1
27
20
18
1
10
-25
-7
104
104
57
28
-49
-10
69
16
17
-18
2
17
-18
20
64
90
87
33
-12
-23
-2
22
88
124
42
43
28
0
2