0
176
340
660
272
113
-67
107
-71
-19
-60
-73
-26
-20
-5
-17
76
71
115
128
128
93
134
80
8
-11
-41
-34
-1
-22
176
145
102
66
-71
-24
-108
-140
-123
-77
217
189
275
132
311
259
296
82
86
-90
-374
-379
-834
-680
-470
-420
-450
-291
-99
-145
-53
-49
-213
144
90
20
-71
-23
92
224
663
661
360
136
20
314
123
33
-85
-114
-233
-364
-252
-42
-21
82
310
441
875
966
993
748
555
117
-132
-105
-318
-323
-403
-329
-465
-391
-341
-313
-291
-387
-460
-279
-231
-45
49
251
282
269
419
492
597
300
90
-85
42
-37
-121
3
-22
-226
-227
22
136
253
311
234
106
164
-69
-212
-253
-270
-117
23
-168
42
-39
9
52
-43
-41
-101
-55
-61
-35
98
149
132
133
40
42
152
201
331
358
264
105
10
-23
-67
5
-2
99
179
97
193
80
64
161
-5
-38
12
44
-6
-83
13
272
416
523
312
80
-82
-148
-276
-168
-85
-68
102
198
359
450
539
352
290
48
-195
-321
-429
-331
-275
-209
-77
-51
-14
81
155
106
188
211
187
99
1
-17
7
131
330
583
746
710
356
181
361
275
180
53
-98
-228
-332
-203
12
-46
100
387
280
278
208
-9
-41
-325
-510
-588
-565
-471
-204
-42
-102
-94
-212
-264
-349
-322
-11
74
60
-186
-248
-200
-321
-291
-173
-39
138
105
-8
-158
-21
96
219
338
299
416
249
-18
-97
-183
-3
8
166
152
115
107
100
44
181
197
140
76
214
53
-12
-5
-59
-129
-117
-99
-73
-39
-57
-7
115
144
132
137
108
147
162
155
106
61
168
358
284
35
1
-133
-130
-230
-183
-137
-92
-84
-39
23
69
84
125
107
144
134
75
55
6
37
12
27
60
160
83
69
71
5
7
54
-4
44
21
36
70
43
39
41
54
54
-10
-11
-98
-43
-53
27
41
84
108
66
80
42
20
36
-18
1
32
101
75
98
24
-29
34
-9
-23
-8
-11
-5
43
-14
54
34
140
87
114
84
115
60
32
25
13
40
24
-4
-34
-17
42
106
60
37
-41
-62
-44
-28
-39
37
-4
2
4
5
60
3
40
-2
39
92
-8
1
67
20
36
35
21
9
43
43
39
50
57
49
81
49
99
22
37
64
35
18
22
-9
11
-10
54
28
84
68
42
24
13
35
75
183
98
8
-22
-28
-1
-74
-58
-12
-19
22
73
22
76
52
-18
-12
-49
-18
24
11
9
9
32
44
-12
43
33
104
116
103
49
-28
10
51
72
8
8
-7
3
32
-5
48
58
-1
35
39
96
114
20
17
-57
-52
-37
48
91
150
90
199
184
37
36
60
37
-97
-196
-213
-91
-73
57
204
279
205
55
-29
-37
-110
-92
-137
-75
-66
92
-5
-25
48
24
-12
-12
35
18
19
73
29
76
118
52
40
28
-68
12
182
171
168
119
-7
-21
-11
-70
48
75
182
242
106
57
61
16
49
-72
-61
-13
52
45
-40
-51
56
-19
6
13
-50
-41
10
5
86
-66
6
-43
-62
-55
-54
-5
43
39
-5
-34
3
20
29
114
121
84
66
1
5
-13
-1
38
32
4
90
114
57
26
-20
23
201
288
387
54
-34
-181
-198
-225
-138
-90
-98
118
144
148
145
99
105
160
99
74
73
60
237
265
18
53
36
7
-13
96
-13
-22
-164
-70
332
173
-161
-279
-329
-102
403
684
712
489
-126
-470
-423
-412
-375
-285
263
934
1140
1249
853
385
-34
-5
-244
-195
-962
-1195
-860
-741
-388
-203
-290
-293
-342
-199
-130
39
253
247
81
-163
-45
-67
-60
138
330
248
113
65
-36
32
231
162
123
51
129
251
241
119
3
-30
81
167
104
75
12
21
3
3
-22
61
117
57
-60
-99
-67
-52
-75
4
50
76
240
258
528
727
633
445
612
697
508
-100
-322
-490
-474
-290
-148
-151
-430
-361
-410
-439
-425
-341
-114
-138
-13
-116
-105
-104
-67
34
186
402
675
645
699
389
141
-219
-275
-268
-387
-295
-244
-278
-230
20
-58
16
59
42
67
8
28
-57
118
260
339
451
341
272
225
72
-69
-189
-162
-133
-167
-67
-70
65
311
611
534
434
387
394
817
810
550
135
-133
-46
147
-86
-494
-707
-664
-386
-190
7
39
194
325
278
289
218
278
164
-53
-247
-217
-276
-439
-291
-232
-130
105
347
307
269
-404
-406
-241
-185
-166
-113
-19
199
283
390
213
-82
-168
-482
-332
-194
-307
-397
-134
-277
-124
-3
-35
-90
-119
-53
7
177
180
116
187
152
165
41
-22
-118
-58
55
124
112
172
131
44
83
21
-36
-65
-41
181
136
160
152
227
372
743
964
779
401
41
-25
-56
144
195
199
-24
-132
-308
-566
-408
-229
230
388
320
235
-22
-337
-498
-355
157
472
164
-420
-807
-753
-569
-206
156
199
263
42
-171
-261
-85
114
419
304
237
91
-46
-56
-21
73
236
380
136
220
283
666
998
776
1015
544
-135
-469
-465
-648
-258
-296
-150
-293
-328
-596
-219
247
-130
-166
-179
-185
-117
256
507
298
-216
-596
-878
-871
-1058
-659
456
663
585
106
-108
12
658
737
787
243
-263
-274