0
21
72
106
-25
-34
25
51
-5
-26
97
88
-9
42
72
108
137
-21
59
26
52
43
55
59
2
59
61
-70
69
88
92
64
74
59
91
-1
50
109
58
42
81
0
84
36
116
52
17
-21
33
101
11
149
39
80
-12
-41
2
-58
57
86
20
53
100
92
109
149
39
-69
-17
-5
60
64
34
120
53
80
-45
51
177
21
-74
-7
-18
107
-3
-53
-7
-33
25
9
210
106
48
-11
76
72
-29
66
59
-5
39
59
16
50
-3
85
19
72
112
80
-6
57
80
184
8
26
112
36
138
20
176
42
106
123
137
52
18
-40
-19
35
-18
41
103
6
-53
24
102
67
40
60
29
-27
29
119
117
-21
57
58
75
-13
56
81
64
52
179
219
44
19
51
-4
17
68
48
-40
-56
-21
73
37
16
134
-2
88
35
-18
93
166
-86
50
99
168
11
48
3
18
-60
-34
-85
35
86
-54
39
77
107
72
49
57
-215
213
115
121
2
-73
-26
107
56
-103
-51
20
-34
-13
-6
21
58
-73
-26
57
51
182
32
32
121
74
1
42
3
98
-18
125
37
-3
25
56
102
121
20
-82
40
80
25
18
9
97
84
-61
60
136
-4
26
100
125
-11
84
-10
165
75
38
201
134
162
86
151
330
87
-4
-19
-35
148
236
-9
-37
150
-94
-177
-77
-76
-200
-83
91
424
789
682
152
-168
-407
-418
-280
-229
-297
-10
-4
-167
-133
54
249
258
105
297
225
-21
-116
-65
-5
37
115
-29
-77
96
359
471
232
-93
-141
-125
-188
-67
-108
-161
-190
-133
-158
-132
-51
-23
-28
17
50
18
105
162
145
144
92
164
203
140
11
50
152
241
306
177
56
-110
-45
-136
-118
-136
-177
-92
-44
-61
-81
-57
-33
3
-28
9
-28
28
51
67
74
21
38
-46
56
48
60
88
136
89
188
237
71
-52
8
124
194
1
-67
-71
-139
-101
3
-85
-66
-2
-83
-55
120
12
71
51
285
298
328
385
44
203
129
185
259
-131
-250
-295
-264
-196
-259
-152
-89
49
35
160
-2
-68
1
66
131
123
69
35
33
58
60
73
52
27
48
6
35
28
29
53
57
101
64
49
-11
19
-56
-10
3
54
60
75
43
-25
-37
16
36
49
84
22
-13
12
-40
-29
-23
54
156
119
65
48
18
241
212
130
421
130
87
-121
-131
-199
-149
-61
102
53
87
33
-101
-162
-19
39
214
166
-23
-67
4
-30
-61
-56
167
144
74
3
-43
-99
-75
-60
-70
-90
-45
-12
91
265
419
326
-7
-84
-153
-135
-131
-55
-102
-97
-19
103
148
72
-26
-41
10
21
34
59
18
100
91
54
44
40
2
33
16
41
86
21
11
-5
21
-3
-5
-18
8
99
44
-2
-25
-27
7
75
42
22
-35
22
85
1
12
48
66
161
90
7
-86
-2
-36
-12
-38
-38
20
16
10
48
23
64
81
118
56
57
-66
2
42
59
35
54
43
-39
19
26
13
60
23
-11
11
5
68
50
20
53
38
66
87
74
36
113
144
105
218
69
51
-7
-51
-130
-139
-9
49
58
115
24
-60
-70
56
98
40
-19
-88
33
89
40
-10
28
96
114
33
0
-27
25
-69
146
192
258
59
8
-53
-58
-76
-60
-45
-43
58
25
42
-23
12
66
23
35
51
60
5
33
99
59
26
37
-41
17
40
51
155
170
179
86
54
-9
-56
-24
-34
-7
-20
21
19
144
29
58
96
218
121
68
-74
-42
-75
36
70
106
54
185
177
40
-10
65
-67
-91
-90
-53
-54
-12
33
-3
22
61
40
51
11
21
19
90
51
54
22
75
25
16
91
119
76
104
192
166
18
12
-59
-9
-35
-9
-7
-20
-5
6
69
20
100
55
104
52
32
-24
114
140
208
67
-26
-46
-54
-76
-57
7
12
27
103
114
70
70
52
88
2
-37
7
71
38
61
45
102
58
40
51
139
97
115
100
109
145
168
71
-25
-66
-40
-51
-71
-25
-37
9
44
34
9
-5
10
24
55
53
34
26
38
66
150
88
81
26
99
103
91
145
81
42
-5
-23
-8
-83
-73
16
89
82
96
77
7
1
-38
-38
34
105
28
29
28
52
-3
-33
-21
32
37
-21
-50
60
37
11
70
51
77
70
149
69
56
-5
24
53
-21
-8
56
20
56
18
54
173
188
104
51
34
116
115
148
80
-29
3
-93
-39
-50
35
43
51
49
80
100
88
88
5
0
20
51
59
28
10
1
97
29
-13
-35
81
150
130
21
25
-26
-9
-39
-4
-14
9
-2
23
22
58
68
49
44
-21
-11
2
-9
44
27
50
32
44
5
-17
-35
1
-20
18
7
85
53
59
92
64
118
42
113
70
0
13
2
-7
21
39
23
-34
26
28
41
48
64
40
7
38
25
71
37
48
3
58
-25
9
43
32
60
65
136
136
160
220
208
215
279
295
245
149
42
-23
-6
-20
-90
-40
-321
-306
-366
-313
-196
-114
-70
38
39
35
76
84
55
34
104
102
34
51