0
3
-35
189
401
304
324
161
-312
-259
-225
-237
-18
-194
-186
-146
-197
-139
18
394
536
679
709
761
544
321
-65
-292
-316
-457
-434
-558
-561
-514
-439
-331
-246
-184
-58
-85
-1
32
22
39
-6
-4
58
70
112
124
185
160
163
178
87
72
-7
28
44
72
80
6
9
-26
3
-35
-42
-36
10
29
38
92
20
60
51
97
150
117
58
-54
-8
56
11
-75
-83
-42
42
124
120
96
32
49
101
135
181
82
-17
-56
-5
37
129
99
-7
-4
82
185
108
50
-21
-42
-81
-60
-26
-66
-27
-85
-17
6
-18
-34
-6
25
27
22
50
85
9
48
58
4
25
21
67
77
60
55
1
-4
-8
-24
44
57
52
50
-8
43
41
81
101
-4
33
51
41
6
-33
60
121
88
83
82
38
16
-5
-42
2
5
3
25
43
6
12
8
33
70
92
76
59
21
-9
-42
18
-19
11
-22
-6
-24
-20
22
25
10
-8
2
32
-2
43
22
49
8
-12
-27
18
13
50
68
55
28
32
1
41
3
21
-23
17
-9
38
27
29
33
12
27
44
39
-5
19
19
-2
28
50
9
35
41
50
49
-6
27
43
-2
11
6
24
4
4
17
-3
-24
-7
26
21
52
34
3
26
-26
-38
35
54
-11
42
75
37
49
52
52
103
41
73
20
52
35
25
1
21
34
43
44
33
8
-41
-2
5
32
36
21
33
8
40
29
23
17
33
2
16
11
19
8
25
13
23
97
50
66
45
9
37
48
40
33
19
-20
-66
-42
-44
-4
27
-38
16
10
71
67
56
1
37
13
-6
12
2
-11
10
22
-1
48
12
4
9
8
21
25
22
54
45
65
28
58
19
11
-7
45
38
9
20
-5
4
12
18
25
50
59
36
0
-28
27
20
60
-8
7
17
41
51
72
59
19
44
9
10
23
-4
-6
-12
53
-13
5
49
58
36
44
25
-5
-11
-6
-43
27
84
86
28
40
-12
-1
-23
22
24
27
25
-1
-13
34
-7
-22
-29
-19
17
25
44
36
82
-3
-20
21
10
35
52
69
91
55
43
60
70
-1
43
69
50
43
44
41
60
71
28
40
37
34
64
148
219
182
229
134
-66
-206
-203
-156
-25
-13
-45
-37
-133
-39
-7
57
81
25
-28
-74
-40
-19
53
42
12
-9
-28
-40
-23
3
-21
-13
12
-7
34
56
67
51
27
58
12
4
38
23
26
3
6
8
9
-6
36
11
72
98
89
65
43
48
8
33
67
59
49
16
44
60
28
-14
-33
-24
34
22
-3
33
12
22
33
24
61
39
42
-4
18
2
36
-28
-2
-56
65
43
43
28
54
48
16
20
40
25
32
4
48
37
0
28
33
24
-3
40
5
-5
7
22
29
34
35
4
32
23
9
76
52
69
43
80
22
80
55
59
-8
5
27
22
33
6
4
-10
28
49
53
70
48
19
60
74
45
92
40
34
48
11
33
27
36
38
50
-4
26
28
55
48
54
68
72
39
43
26
-18
6
20
44
73
55
-1
49
41
57
6
33
19
9
28
44
40
34
-3
-34
52
-2
11
65
11
41
57
35
59
51
-22
39
66
50
33
50
27
23
-1
-30
20
24
84
106
139
160
81
-10
-20
-18
8
-27
-25
-9
-3
-23
1
29
-14
10
-12
50
71
70
37
67
26
17
41
37
85
89
67
58
10
7
26
-9
32
7
-1
5
25
-10
70
49
113
76
56
29
83
144
105
120
156
130
101
76
66
0
-110
-134
-145
-66
-110
-49
-19
-10
-45
-22
-2
-10
19
29
7
-1
26
2
-23
8
3
138
309
282
381
281
225
187
170
4
-99
-38
-12
115
97
91
59
-36
-106
-72
-123
-137
-165
-201
-74
-102
-81
42
6
9
39
8
21
2
-1
24
17
41
124
85
-34
-35
-33
55
156
276
449
412
470
331
135
22
234
133
84
-71
-231
-221
-283
-152
75
75
-88
-57
-46
-172
-154
-81
-154
-150
-117
-38
35
-23
-12
-77
-98
-13
45
65
0
-20
7
-2
32
73
72
53
69
55
13
81
141
184
120
18
-49
-11
32
50
70
69
-1
-26
24
37
6
39
105
18
44
22
51
-20
2
45
40
43
54
65
48
-30
4
49
104
91
37
92
17
35
45
55
71
51
23
39
42
7
-3
6
36
49
21
16
53
16
55
51
71
112
104
80
82
43
50
34
5
64
56
166
247
169
39
-17
-37
-90
-22
20
16
-4
-13
26
18
41
84
57
75
-22
-33
-5
-11
42
48
157
274
202
228
253
187
136
33
149
329
585
762
777
788
641
508
387
290
153
11
-227
-413
-597
-769
-877
-794
-678
-436
-278
-296
-235
-146
38
85
291
429
517
277
219
57
20
7
73
60
76
-153
-149
-289
-162
-106
-165
-221
-260
-149
-122
-119
-182
-129
44
-11
41
-86
16
19
89
131
120
6
8
-286
-182
-345
-194
-125
-35
-165
-23
-51
-136
-49
129
310
184
70
-265
-290
-75
-101
132
106