0
-1
40
12
-35
-58
-38
118
34
48
4
-60
17
-27
3
-5
37
3
53
76
56
82
-17
83
-34
-13
10
61
74
140
151
113
112
228
260
96
68
29
-46
-136
-105
-97
-41
-17
-10
-3
-35
-124
-193
-212
-163
-117
-71
8
25
81
88
72
130
103
115
108
54
82
73
72
75
72
144
169
93
60
27
-12
16
-13
8
32
25
28
18
65
26
10
22
-18
-2
3
42
59
179
150
129
176
64
-46
-27
-28
8
-26
24
70
249
309
327
134
-52
-123
-202
-169
-220
-106
-35
-3
-36
-57
-38
-58
-113
-97
72
155
330
451
355
172
-83
-142
-174
-196
-98
-69
-33
52
-9
-156
-156
-115
-36
48
181
314
529
536
459
182
-195
-278
-248
-228
-265
-249
-199
-121
-186
-183
-146
-1
-67
-179
-91
-135
-78
-39
7
70
87
87
0
71
96
82
116
99
90
98
116
164
214
129
83
76
65
168
185
241
164
170
161
136
136
118
44
72
76
57
28
98
67
100
64
91
209
290
280
273
202
-40
69
74
18
-81
-94
0
-109
-89
-57
-2
50
7
-45
-209
-117
-66
-59
23
43
16
-9
55
11
-10
11
38
22
90
36
108
22
40
24
66
27
20
1
8
53
80
77
87
114
99
81
73
-3
32
-8
40
40
99
37
20
-24
-50
-94
-101
-54
-77
-34
3
66
32
132
35
39
11
53
20
55
74
68
140
70
129
106
131
165
163
105
91
70
-41
-34
-84
-74
-30
10
22
-17
5
-3
67
53
90
-11
32
44
75
42
-5
58
50
42
67
-3
85
50
115
75
120
58
60
6
-27
-10
-8
-50
56
101
33
70
52
92
38
26
-104
32
-7
-13
28
44
66
115
107
86
43
39
-7
-66
-18
72
37
16
25
153
129
199
98
57
51
86
116
-34
-30
-49
-40
-22
7
87
144
213
145
155
102
18
-54
-5
35
-49
-19
-62
-30
-23
-5
-36
119
93
40
10
7
-59
3
33
1
64
23
7
-11
-102
-93
34
59
48
23
90
59
72
170
184
183
194
196
85
2
-86
-70
24
129
275
448
528
307
56
-17
32
-107
-27
-209
-133
-236
-235
-157
-105
-3
5
23
48
40
-44
27
1
40
-9
-2
90
53
35
26
3
64
34
49
32
85
43
39
74
69
107
23
8
42
2
-89
66
121
91
128
67
67
91
130
21
86
27
77
16
41
19
74
13
28
32
73
87
93
27
36
20
-5
29
-7
-1
-18
42
52
65
45
10
73
55
74
73
34
40
69
49
54
8
5
55
-9
42
21
12
61
54
112
40
19
38
-19
10
-1
19
6
41
-39
52
41
56
88
71
12
52
-7
0
9
-24
4
59
-35
-20
38
48
74
57
32
86
3
45
67
24
48
88
61
39
49
37
60
60
28
45
89
50
98
37
50
118
73
60
51
5
4
25
8
65
58
84
25
73
58
19
10
83
199
123
138
24
36
-34
-148
-26
-71
-77
28
97
114
93
48
86
-50
-40
-36
-87
-55
-1
56
17
85
65
32
42
39
34
37
35
33
27
60
36
12
56
20
57
64
88
108
109
87
-18
3
34
-22
64
25
5
24
42
42
4
36
149
119
193
214
197
-7
-20
-122
-93
-94
-74
-76
-2
-113
4
50
103
52
85
140
75
90
96
56
40
37
21
-107
13
7
52
114
32
-24
28
19
21
12
25
22
73
85
61
-25
19
33
-19
28
35
-2
10
-6
33
-52
32
41
102
90
21
-34
22
77
84
221
217
195
253
147
167
1
-22
-50
-82
-6
41
-36
-10
-216
-100
-68
-55
51
108
87
64
66
54
73
42
-45
-102
-27
-26
-13
-45
-41
39
27
26
57
92
57
76
34
27
104
82
71
49
26
77
60
90
102
49
34
7
-84
-135
-108
-76
11
56
64
-9
6
43
-28
-9
-33
-27
1
4
-34
43
55
140
183
138
133
99
-17
115
58
100
113
22
91
60
153
154
118
44
57
-8
-24
9
17
2
-13
42
26
38
88
87
107
23
-44
-1
11
-13
-51
-5
49
66
25
48
32
19
36
60
-13
-3
-19
7
53
41
38
83
88
82
97
51
3
-28
-20
-14
6
99
73
149
181
283
226
224
-37
3
12
-50
-98
-102
-139
-61
-37
-52
-42
-54
5
-33
26
87
59
113
92
55
68
122
176
392
355
262
251
177
216
133
88
71
-10
-90
-103
-177
-148
-113
-86
-78
-1
43
88
68
-2
-146
-97
-149
-139
-125
-166
-59
-50
10
40
52
7
-5
27
23
75
52
80
54
-22
57
133
51
98
42
92
71
69
100
76
58
73
96
41
58
68
37
90
131
117
24
13
6
-3
-87
4
85
177
67
20
53
70
76
107
-18
44
50
119
155
96
52
38
45
60
92
87
75
10
-20
-86
-42
-2
25
131
157
234
160
10
-72
-126
-117
-19
-34
-38
60
144
277
263
199
96
102
38
-9
-59
-57
-53
-82
-68
145
-8
-88
-90
71
-3
-196
-106
-107
-99