0
470
545
349
103
-3
-294
-569
-552
-485
-380
-242
-205
-157
-26
-68
-77
354
227
-145
-427
-394
-405
-316
-274
-221
-227
-170
-109
-44
11
163
179
130
161
178
-5
59
101
75
141
49
162
87
60
103
24
-50
21
121
66
147
181
108
28
6
69
55
7
37
-13
24
28
99
85
93
92
-36
11
86
67
-52
-33
-7
-45
-46
28
6
-4
90
-61
7
75
60
99
122
49
53
141
120
98
70
35
68
49
58
26
39
-5
81
83
115
34
22
-3
-56
-92
-129
-85
-51
4
25
56
40
51
64
23
89
184
180
171
193
106
69
84
48
43
54
-55
-23
-40
-67
-61
18
-34
-49
-26
-55
57
32
53
21
7
19
-1
34
28
33
27
-7
-54
-10
-25
-18
-57
-23
-35
-40
-22
-41
7
-43
-7
-2
50
60
28
21
38
23
53
48
45
42
68
16
34
23
13
8
24
50
41
22
6
10
5
34
82
9
42
87
18
22
76
10
-17
-9
-45
-5
-30
49
98
20
22
27
40
41
35
97
108
161
26
40
-39
-25
-75
-36
-19
-43
-33
64
106
170
124
219
121
17
49
198
404
534
852
860
756
536
297
108
39
-358
-545
-726
-632
-648
-536
-513
-418
-470
-414
-308
-200
-114
-53
-44
39
53
48
93
50
33
57
51
54
45
50
-25
21
19
12
41
66
60
48
71
57
86
81
41
44
6
59
35
8
54
50
55
64
43
35
24
-11
-4
5
-26
26
33
13
32
-10
-11
41
54
48
-57
-22
-4
8
10
4
-18
18
-7
32
22
16
6
25
-9
57
86
80
57
92
160
27
71
9
2
-6
-34
-34
27
80
32
105
69
82
51
-25
-22
9
-9
-13
-44
-30
-3
21
7
7
22
24
2
-5
35
24
16
26
54
23
39
72
81
36
55
28
17
-26
39
-28
-30
-10
10
25
-5
73
35
54
74
147
82
120
-7
8
-18
-38
-27
-61
-97
-20
57
39
42
-35
-44
10
10
64
113
134
4
0
82
252
211
45
-68
-73
-54
-73
-101
-52
-10
42
203
276
224
160
115
11
88
27
56
-78
-118
-106
-123
-115
-81
-69
-42
49
-4
20
1
27
55
71
55
51
27
51
-1
-40
-54
4
-23
-11
5
-17
-29
-22
85
9
52
36
68
4
12
68
2
-7
6
32
38
54
35
37
69
41
18
27
49
28
29
54
55
67
18
39
6
19
26
24
1
9
-2
29
10
54
53
23
21
54
60
115
99
55
60
57
53
3
34
32
7
56
56
74
113
65
113
151
145
132
65
50
49
67
118
131
92
21
-22
-77
-106
-149
-131
-124
-91
-99
-82
-51
-24
-28
-42
-12
-11
21
10
-23
26
32
49
54
16
21
28
26
17
56
139
129
139
35
17
-6
54
36
33
73
36
20
0
16
25
70
45
65
102
188
145
32
-19
48
-34
-57
-20
-71
-52
-36
-26
-30
68
44
65
50
40
19
26
20
18
107
66
99
60
51
16
25
52
29
8
7
-7
-19
-81
-13
-3
48
34
16
51
59
2
9
-21
-13
-56
-27
20
18
21
44
23
59
49
152
209
265
330
283
227
105
141
115
106
66
-12
-35
-117
-170
-40
-28
-40
45
18
-13
-66
-97
-99
-43
66
114
81
17
-71
-38
-69
-82
-41
87
69
6
-90
-84
-146
-72
57
113
74
-6
-120
-81
-49
48
72
101
91
98
96
38
64
56
3
84
52
74
91
39
-37
-24
40
49
41
17
41
48
28
99
44
-13
50
54
-73
-83
5
-7
-20
3
41
40
40
45
6
20
96
76
101
80
96
-38
0
26
106
59
-42
-43
-65
-42
72
25
60
116
33
-65
-81
-29
42
85
97
41
-42
-65
-43
-9
57
74
50
33
67
-21
-7
-12
-25
32
24
-1
98
67
77
160
76
33
18
-33
42
40
23
4
29
3
92
50
119
114
258
244
157
97
8
-8
-27
-12
38
59
9
-55
-52
-57
-43
-37
8
-11
4
16
37
40
28
-13
64
116
29
-49
-6
64
-29
7
12
18
2
-7
0
76
85
83
109
116
26
48
91
97
52
59
7
-52
-57
-52
-12
49
49
66
114
98
49
-4
-38
32
52
92
147
178
130
105
34
-23
-57
-117
-133
-29
99
162
125
35
-3
-115
-92
-18
3
100
28
85
-3
5
22
135
204
119
9
-118
-184
-310
-327
-284
-247
-154
-122
-93
-115
-7
17
100
77
72
61
138
124
170
148
104
66
80
117
105
117
65
-36
3
-67
112
114
211
544
807
477
54
67
304
76
-369
-490
-481
-210
6
119
85
-53
-92
-38
-24
-76
-148
-140
-90
-59
-67
-81
-84
-1
121
59
69
56
35
-11
87
102
203
201
145
76
-20
-85
-105
-125
-129
-131
39
50
104
44
44
37
74
96
107
118
134
60
124
37
80
9
-4
-9
3
-21
41
68
67
133
194
178
161
20
64
36
16
24
59
9
92
35
104
26
101
167
83
84
44
2
26
71
98
66
48
138
108
49
52
-27
-4
-1