0
74
67
71
-114
166
124
-9
-43
72
-50
7
-81
69
67
218
-107
180
-22
-161
212
-74
-43
-72
161
261
-30
-42
-22
-122
-22
-84
129
-36
134
119
-134
68
138
-52
33
98
29
105
53
70
26
-18
-75
7
113
-26
9
84
83
65
115
131
-141
144
-9
65
-12
200
-88
37
-2
34
117
136
0
75
-40
64
-101
136
-40
34
-124
59
122
59
201
-42
-1
-114
40
2
156
71
-69
20
-161
-86
74
169
-84
-37
-5
-60
118
-108
73
124
-44
-34
148
100
3
52
52
-62
77
-19
-97
123
17
-35
-10
5
-56
92
53
-35
-65
120
65
20
72
178
-105
48
83
-10
38
43
8
99
74
76
51
39
0
66
52
171
-4
65
124
-55
17
82
68
48
-131
74
83
85
22
36
-50
77
9
3
53
-88
123
55
136
76
-130
85
-57
105
-68
26
80
-71
36
107
156
-146
10
85
16
38
-11
27
67
-13
-35
52
-5
52
57
-67
71
-7
156
26
-12
-26
96
-7
41
137
51
-156
178
69
0
134
-83
42
71
27
33
36
-34
32
8
-58
114
73
76
7
-87
163
44
-35
50
-92
117
21
44
112
26
58
90
115
10
72
25
-43
-61
229
132
-37
168
-22
22
27
-43
-4
124
84
27
57
-39
77
28
24
93
44
-38
198
3
-75
-46
85
65
104
-13
105
-92
121
-108
12
-29
-99
0
48
195
23
48
17
34
103
69
118
42
-5
-12
2
192
-2
-2
-5
162
-22
48
23
50
-82
58
90
139
40
-13
147
99
-28
68
133
-182
283
-1
2
27
85
53
10
113
21
28
39
-126
210
-13
-2
99
-53
-81
86
-20
129
2
-6
-82
-23
-130
210
-149
64
-5
42
-76
-33
-5
148
181
-10
-89
137
-122
103
100
81
66
-9
43
-60
92
1
48
162
-2
-54
108
0
-55
53
90
117
256
-115
-28
160
-51
49
129
155
-133
20
112
133
44
-6
-55
-3
138
33
8
156
152
240
227
-49
-81
-103
66
-135
-75
153
-41
-24
20
-50
76
-13
68
28
49
182
22
225
-45
58
2
144
242
225
214
52
68
-26
-74
-114
-363
-259
-67
-171
68
74
-50
194
42
234
135
298
83
-101
-258
-131
-262
-162
-101
33
48
33
136
218
51
-34
25
-22
-76
168
176
-14
-6
48
3
9
71
-26
113
-59
27
-36
51
40
3
176
19
-43
-189
181
39
-28
10
4
66
129
-69
-89
-76
-62
105
229
16
4
40
16
-122
49
-179
56
-85
87
133
-23
-41
114
-73
156
107
43
22
90
-4
-13
-56
105
-19
65
108
-69
87
66
-20
123
16
12
2
-50
144
136
-102
-66
186
-9
-10
141
-21
68
58
-12
100
-51
-14
-4
22
91
92
27
-26
-34
40
69
-67
-75
-34
75
61
24
147
61
-90
72
-22
166
43
57
4
58
23
51
55
96
12
-25
12
22
224
-97
167
-21
177
-217
41
89
106
-6
90
4
-119
55
70
17
44
133
-50
-36
77
19
19
145
-26
-21
114
-82
22
60
44
106
-44
98
-2
213
-22
36
-38
172
23
109
-60
9
4
34
-17
-71
-81
96
39
9
-38
39
55
56
45
18
-37
-28
-11
60
-23
39
235
10
73
39
-6
-30
-11
13
-23
148
4
-132
129
58
-91
53
144
-24
83
38
28
148
112
18
-21
-4
-104
80
10
121
43
29
-22
113
10
210
-14
-42
153
167
9
72
-69
26
139
4
2
-25
213
-41
-25
80
-30
24
90
101
-113
43
-49
-20
128
12
65507
70
20
67
-86
93
-5
108
153
19
20
70
6
-78
136
121
-25
51
-57
-102
12
5
-33
-22
87
132
42
42
-35
44
37
12
39
33
-41
68
-88
-19
-18
-85
20
152
124
-45
-1
114
-5
-34
106
139
-99
103
28
60
-116
115
100
-21
41
7
9
133
138
23
106
8
57
101
-59
-22
57
3
249
66
35
36
1
-73
55
172
-10
-25
90
-18
67
34
-220
160
96
-2
-50
-66
150
37
-109
193
106
2
-168
164
-34
-154
65
-21
153
-85
50
70
-3
-13
73
149
115
186
-82
55
-9
18
55
33
41
-49
32
-21
184
82
-57
203
67
-34
-26
115
-137
-164
-150
-155
-73
-87
-41
-85
-20
-25
12
-19
20
-24
37
9
25
52
41
74
28
44
55
84
99
67
45
8
45
56
38
23
8
16
8
20
21
10
-22
2
28
68
48
83
9
93
11
100
49
21
32
44
77
113
150
35
-43
-20
-8
-45
133
11
97
-17
51
-18
100
73
22
73
-6
120
123
-71
135
22
202
59
-78
98
123
77
40
114
24
-21
84
-53
-1
20
0
7
16
133
25
-1
86
-38
-52
91
75
18
36
-84
89
35
250
164
241
74
16
75
76
168
-118
112
211
169
5
-27
-2
49
73
84
51
-28
32
-50
197
-25
-19
134
-203
77
-26
122
98
22
164
-105
-45
76
-54
74
7
6
35
48
44
-9
113
-43
-43
5
136
-60
58
-8
49
35
134
-154
-139
25
-40
75
89
-36