0
69
10
40
58
42
70
0
32
48
7
-10
22
39
10
51
-18
49
23
32
-14
-38
51
51
65
9
3
12
74
28
38
86
16
9
48
22
21
51
33
13
37
22
4
65
50
8
3
42
27
29
48
51
-35
74
92
4
29
-8
27
69
37
32
38
33
55
-8
69
24
48
38
29
41
33
26
38
-4
4
57
13
39
10
13
60
23
33
85
19
34
42
38
-7
56
13
38
12
28
-10
-9
0
65
52
28
42
21
5
27
20
54
45
10
28
50
36
84
41
13
25
7
12
40
35
28
32
23
52
4
20
27
22
26
42
25
25
21
20
40
34
38
26
36
57
42
-1
26
1
-12
29
36
34
25
50
39
19
-6
18
49
28
23
-40
17
34
1
22
18
21
22
19
16
5
58
32
29
22
22
16
43
49
59
5
-9
70
2
19
36
7
35
84
-8
5
-18
32
1
5
6
32
44
22
35
13
59
28
22
74
27
24
28
125
249
316
231
195
145
72
-5
-102
-146
-243
-259
-204
-185
-134
-22
-6
20
32
72
99
100
42
85
87
44
139
71
70
82
71
65
24
82
7
74
42
42
33
57
61
90
80
85
101
92
13
4
17
17
-33
59
40
32
2
-10
5
50
-37
29
42
42
7
42
66
52
39
82
88
77
55
74
26
19
33
12
43
44
10
67
-21
98
40
-10
39
10
49
28
27
34
9
75
59
19
19
18
36
16
26
12
74
7
67
53
53
-7
-10
25
43
42
26
58
48
22
35
56
-6
51
33
24
22
1
19
35
35
40
8
36
21
26
5
-12
6
-1
1
-3
33
13
10
38
53
51
51
75
147
251
225
88
1
-105
-133
-104
-61
-70
51
60
-27
40
22
44
28
21
33
59
19
33
41
-7
1
53
40
42
21
23
26
58
36
9
35
41
7
37
33
24
24
56
37
34
56
45
-9
26
106
-12
-5
43
80
55
33
36
36
4
45
49
-2
-11
20
70
26
48
19
252
244
80
-26
-19
-106
-134
-106
-82
-35
-26
-11
-5
-4
12
54
41
56
80
69
52
16
39
74
103
-8
37
84
53
21
28
25
106
56
-30
152
67
-2
34
5
148
-30
-18
18
45
85
-41
5
52
58
45
42
57
2
-8
54
41
75
-40
-9
58
59
-23
28
23
57
8
-24
36
68
32
57
9
84
38
34
36
61
-14
50
28
36
69
-5
54
40
-12
114
-19
35
91
-51
22
-28
7
112
32
18
35
71
-70
41
-9
148
96
-36
41
80
49
-3
2
96
-14
29
72
36
32
20
38
55
25
69
-3
39
10
25
0
52
39
28
-18
115
10
56
28
29
-36
133
-68
5
-2
49
67
38
57
75
22
59
-41
12
128
103
89
18
-75
-2
0
-4
-26
41
28
35
7
-13
-50
38
101
51
-3
35
42
54
61
-6
28
9
50
6
28
67
28
51
66
50
65
44
37
54
23
38
36
5
45
37
25
21
37
35
25
60
43
22
76
77
-22
19
24
10
3
7
52
43
17
65
20
36
93
55
49
197
40
60
-26
-51
-84
-43
-9
3
91
4
-5
-17
41
45
60
53
39
56
51
29
7
42
26
9
57
12
-5
50
39
18
74
10
20
44
28
-4
29
40
36
52
-11
28
-10
77
29
51
54
139
41
3
49
0
36
-17
-23
21
7
146
202
113
-45
-50
-54
5
-3
-9
19
76
20
-27
1
-4
3
40
3
68
55
25
11
76
27
43
41
20
50
42
24
24
8
36
4
22
44
11
38
18
23
23
22
26
21
38
0
27
23
42
45
18
43
11
42
21
65
8
8
5
32
22
41
12
55
51
52
16
42
2
73
41
23
-3
56
7
41
39
34
16
59
25
72
-4
4
13
16
40
19
26
53
66
24
13
38
23
54
58
53
12
57
5
8
25
33
43
66
34
48
26
42
51
39
67
49
32
44
25
10
20
29
32
36
37
8
42
33
38
-1
39
38
-5
33
27
39
44
35
106
34
11
48
40
22
23
56
38
35
49
25
37
21
44
53
52
21
82
60
-4
9
34
26
29
17
-33
52
-33
23
34
27
-14
32
57
19
39
26
65
28
53
41
25
6
68
80
27
8
-2
27
75
24
40
-13
18
51
60
16
28
4
76
59
38
55
37
34
24
-17
51
33
28
20
36
58
18
24
36
26
-11
68
-11
24
28
26
41
18
17
20
23
33
19
40
41
20
42
23
39
27
73
68
41
27
-3
19
48
9
25
26
18
-1
34
71
57
52
53
-21
17
41
34
22
33
40
36
24
49
68
51
44
27
36
42
21
18
25
-3
43
49
2
18
52
37
2
58
-1
34
68
13
20
3
42
39
68
56
13
8
32
9
24
51
34
53
28
48
22
36
43
55
34
19
83