0
-8
106
155
138
44
-37
-38
-6
1
-26
3
69
19
43
43
121
40
13
36
-5
28
20
39
25
25
55
51
22
67
23
29
5
6
75
48
25
-3
28
74
22
21
37
44
40
80
-19
-7
64
44
-13
96
82
10
22
7
119
76
67
1
48
-13
-24
20
10
55
9
38
0
65
100
3
16
-14
-24
16
43
24
52
24
16
10
5
0
10
43
21
44
24
48
48
23
-34
66
60
39
66
19
33
52
44
25
23
-19
10
2
92
55
26
49
13
36
-13
51
0
50
44
5
43
45
33
9
20
17
38
92
-1
40
53
32
22
-8
26
96
42
16
9
-9
42
-4
11
73
43
58
57
69
55
32
69
20
12
-3
3
-6
54
45
12
44
53
43
8
20
19
44
26
25
68
32
17
20
-13
59
20
59
37
24
28
26
53
49
-5
11
33
9
42
25
25
23
49
41
48
12
81
-1
-9
19
16
7
48
22
26
37
40
35
19
35
44
16
-36
50
48
72
44
3
16
34
81
17
53
36
73
50
39
41
33
4
65
35
0
26
-4
58
61
-10
-12
19
68
36
42
28
26
55
35
33
24
33
43
33
56
18
4
6
89
51
72
33
34
42
33
23
22
37
44
41
44
-7
18
27
-10
81
50
70
23
29
-3
71
44
64
18
7
42
21
18
18
13
39
88
11
21
39
80
40
85
54
23
-4
23
16
18
36
37
-11
83
20
43
19
80
-8
-11
55
52
22
24
54
7
53
88
40
25
3
19
36
-8
45
21
92
-22
4
16
18
9
54
33
-12
39
-23
26
70
42
27
17
32
-6
106
72
50
40
38
43
29
48
65
-5
12
34
6
39
27
37
28
3
9
57
24
37
22
52
20
11
20
6
26
-6
7
75
39
67
34
80
-12
-20
3
34
55
40
65
23
5
49
39
19
54
16
67
-1
17
19
20
27
48
6
35
61
6
69
59
6
42
26
28
17
-6
35
45
0
59
85
-1
26
-9
4
-8
34
36
21
17
54
1
35
24
83
57
19
48
1
40
76
5
50
-19
34
0
13
28
53
26
57
59
39
54
36
68
11
54
48
75
-17
49
9
40
32
8
25
24
28
43
-3
6
75
35
12
57
58
33
17
-33
9
-22
11
49
2
59
48
29
50
69
35
65
68
-1
27
10
21
32
28
66
73
48
16
27
23
45
43
7
92
22
-5
18
75
52
43
21
33
51
41
32
22
11
26
104
123
151
153
-9
-61
-105
-74
-39
-2
-1
22
-9
-23
75
48
29
74
50
65
57
26
6
54
40
32
18
1
86
45
32
65
38
28
144
109
150
167
80
-3
-90
-101
-108
-89
-22
-23
-3
-22
29
40
55
34
66
54
53
67
40
22
20
72
51
59
49
42
90
26
21
44
37
0
6
12
43
42
54
74
12
4
35
-7
22
18
33
17
13
17
68
29
33
43
38
74
27
38
-4
76
22
26
25
26
70
56
22
53
0
18
23
69
37
48
33
-2
66
27
53
20
74
38
4
57
54
61
32
66
56
-5
37
29
27
41
40
34
53
8
9
41
32
68
-11
88
64
40
-21
38
40
83
22
13
8
-3
5
52
9
2
27
49
2
91
41
32
35
9
28
25
66
38
5
45
56
37
48
6
39
20
10
-11
-1
10
34
10
25
37
17
51
7
6
3
41
5
45
56
36
24
40
29
65
88
36
23
-10
11
42
22
68
17
1
19
12
32
54
-6
51
28
35
18
49
12
27
68
-2
9
16
9
18
0
-11
68
9
40
43
51
52
65
23
50
44
33
86
42
25
37
59
64
58
85
68
38
22
-22
-18
-43
12
-9
-6
33
5
3
81
40
18
25
21
38
28
70
21
28
55
42
52
41
38
10
-6
6
19
26
4
-6
38
43
-10
22
24
26
25
27
98
27
39
32
22
18
48
27
59
-2
45
64
35
39
2
41
48
4
70
66
10
5
13
-6
10
3
89
55
54
13
25
-3
128
84
49
25
60
9
41
27
50
43
10
17
-12
21
18
38
33
26
11
67
76
28
37
2
32
-18
17
12
18
56
50
19
35
49
20
53
32
40
91
32
10
6
38
38
22
36
17
18
33
32
41
-12
40
43
37
64
38
29
20
7
19
48
3
18
56
16
20
85
69
44
33
102
91
119
91
16
-55
-51
-44
-68
-59
-29
-30
38
84
-20
21
-9
19
18
5
-18
-20
40
-30
64
11
17
3
18
43
49
37
-4
11
-1
23
8
12
26
34
-3
69
68
80
64
0
-21
-55
-1
-23
-6
59
52
45
39
76
66
114
181
100
40
132
53
45
58
39
88
73
44
72
38
26
59
36
37
58
57
76
200
250
226
139
121
38
-58
-56
2
-82
-50
-54
-51