0
0
0
0
0
0
0
-19
54
77
60
67
55
38
89
9
26
3
27
23
98
76
41
18
2
12
49
69
53
124
183
184
39
-6
-131
-141
-105
-58
-39
-58
3
27
34
64
65
53
67
25
42
8
2
33
60
6
-6
-23
39
1
28
84
6
23
64
59
28
22
40
58
2
53
26
48
72
17
82
21
67
32
41
52
16
51
22
-4
-13
32
3
81
10
10
4
13
-2
10
-13
25
70
12
89
66
-39
-23
131
-28
8
83
0
40
109
13
61
104
5
36
-3
53
19
21
40
21
35
24
53
21
11
10
90
17
48
101
-45
5
32
25
10
80
58
10
37
40
100
18
45
61
32
10
20
-22
44
45
39
113
-10
27
160
134
53
-56
-25
-23
-33
-3
68
8
20
18
36
-9
53
24
16
38
25
12
12
65
57
57
3
-3
-29
69
60
70
6
76
55
42
35
36
38
5
23
58
8
28
75
9
-6
38
33
2
37
0
26
22
44
58
65
98
71
54
43
33
23
42
66
85
8
23
26
27
26
23
25
73
16
37
23
-5
22
-21
-18
39
-2
57
17
38
153
220
221
146
-5
-55
-88
-77
-23
-29
4
18
55
36
1
0
-67
-54
-11
44
29
57
55
92
70
70
65
55
59
-12
83
59
29
36
54
23
72
32
32
25
19
20
22
105
242
317
242
104
-25
-146
-177
-167
-100
-86
-57
-40
19
16
20
18
17
100
41
20
27
29
77
60
48
41
26
22
71
13
48
21
69
-3
16
29
33
3
41
16
-19
7
59
8
57
44
11
52
35
-2
25
54
16
33
8
70
28
41
28
17
7
-13
34
21
4
-7
40
55
24
53
58
59
24
71
52
45
28
-2
34
16
52
41
-7
33
10
74
12
-1
11
39
29
45
17
17
-26
50
20
38
53
59
33
33
28
-52
22
-70
137
27
24
91
102
148
99
135
6
102
151
69
114
-141
59
51
-1
-83
-36
70
33
2
-28
120
11
54
-69
81
-76
66
-50
-67
-77
-5
-20
-8
64
66
48
41
-9
3
37
36
26
8
71
74
54
7
39
28
28
83
64
37
83
74
38
22
69
22
65
35
-23
70
82
9
-19
80
71
-2
-11
33
41
28
33
21
58
45
38
50
50
33
25
69
64
42
21
9
18
23
41
55
25
44
39
68
10
2
7
19
42
60
39
8
37
55
16
21
36
22
17
24
33
12
2
39
70
43
9
25
52
38
2
20
8
9
40
57
33
6
42
26
29
43
48
5
11
-10
74
37
38
0
24
61
27
65
-9
9
54
7
-4
73
51
39
23
55
-2
17
26
12
18
21
-5
52
40
43
45
19
48
66
55
41
42
55
17
98
68
36
125
105
51
7
-19
-19
-75
-60
-65
3
-6
107
23
40
134
23
20
37
66
44
68
86
70
-18
66
133
6
140
123
58
86
37
109
-76
3
288
48
120
194
157
138
118
-70
70
77
139
-25
-36
5
-65
-24
23
-8
245
-91
-53
165
-27
-72
-26
-46
10
97
-13
-88
101
36
249
18
154
171
98
-74
-33
-108
-14
-161
-138
72
-45
-108
-17
6
121
42
-101
140
59
-5
-1
114
48
-166
115
168
81
24
-90
-8
85
59
-37
90
82
-88
10
131
-4
42
28
-99
0
48
-99
113
-10
44
-3
-28
-108
43
70
-25
-39
162
0
-71
67
117
-23
-4
25
213
83
-58
104
-24
96
-52
42
37
58
48
-59
151
-84
51
91
-38
-6
50
67
27
51
21
32
48
-43
-126
163
40
54
25
32
-33
-51
43
87
-87
156
5
-77
76
64
120
-9
54
11
26
-103
67
88
-38
-26
24
-141
26
-53
148
-90
-13
116
54
88
-3
49
54
-27
-35
16
-66
101
11
11
139
120
-92
-54
40
18
90
93
-84
99
-118
-150
0
-76
153
101
121
151
72
-52
107
22
120
84
35
55
119
27
76
7
34
54
113
3
-72
52
9
52
101
123
-75
8
-11
38
-4
50
-59
97
115
68
123
-188
131
-4
20
44
-51
133
49
-10
64
-7
114
106
8
17
123
52
34
27
50
6
-12
-45
-68
153
147
-71
114
-73
-34
136
77
-30
-125
70
42
106
-97
39
10
3
96
-18
9
39
8
66
-20
74
-39
181
-28
3
113
89
9
20
73
13
-103
20
115
20
120
169
92
51
-50
-14
105
-99
13
-30
71
108
-85
-19
-18
194
-68
55
-39
123
18
119
72
44
-93
129
75
-23
-22
70
42
53
-136
92
-21
-83
-52
-6
130
-3
68
42
18
71
-21
-124
107
-20
148
-76
141
1
74
-68
-86
208
-59
112
57
97
-115
-42
251
-1
102
153
-103
103
27
9
173
186
-77
217
-34
-113
136
132
50
5
-69
-138
36
-174
-49
153
308
-7
87
-122
-170
168
179
93
-20
168
-2
21
5
103
48
-155
28
51
108
2
-55
-6
131
54
-76
194
6
51