0
82
-33
43
22
10
-5
70
-20
-7
55
18
24
41
5
18
69
12
26
-4
-7
44
11
8
-18
26
39
28
81
27
34
9
16
39
105
43
38
43
37
51
73
77
12
21
19
26
35
35
24
16
45
40
11
34
23
-4
51
61
21
22
-9
33
-10
70
50
37
7
-3
20
32
48
24
35
42
43
87
92
37
38
-17
102
2
-65
-77
64
4
-33
39
7
52
74
118
113
249
245
224
100
53
-29
-9
9
11
19
51
77
3
6
-125
-145
-268
-309
-246
-154
-82
-28
40
67
119
138
131
129
81
102
123
67
71
75
48
45
90
61
90
50
12
44
68
22
19
42
5
16
23
36
55
43
41
-2
58
49
8
48
25
48
39
29
60
42
39
-2
100
185
244
219
121
32
-75
-198
-220
-153
-156
-21
-6
-21
-24
21
66
73
68
89
49
44
57
34
20
22
18
48
57
82
20
39
-7
66
12
19
45
54
28
6
-4
23
24
64
38
17
34
65
16
19
32
35
38
45
72
40
9
2
43
5
80
53
37
48
-4
28
35
52
50
19
3
25
53
33
4
50
73
89
58
-8
39
52
53
10
6
19
26
23
52
23
16
21
35
20
6
55
75
53
64
25
113
115
180
81
60
-3
-109
-150
-84
-59
-59
-27
-6
33
25
58
36
58
74
73
23
57
22
65
104
161
180
216
135
82
-71
-82
-129
-134
-66
-8
-27
21
24
39
70
20
43
51
56
51
60
41
28
45
70
17
32
35
28
32
26
41
65
2
68
53
18
37
27
7
5
27
22
48
60
18
26
68
42
27
2
23
68
39
53
33
7
3
33
32
20
42
49
38
39
70
51
27
12
19
39
50
40
7
42
38
27
17
33
19
50
19
17
28
-11
27
26
12
19
28
20
7
9
17
0
38
51
51
24
44
53
22
17
56
18
29
28
43
12
54
58
54
13
9
1
-3
57
52
24
53
22
48
29
51
57
36
27
32
-6
51
33
35
33
43
53
39
28
35
70
43
29
9
-19
26
29
45
5
26
65
59
25
64
9
12
54
34
2
51
16
26
23
39
51
48
33
23
-8
39
37
58
97
108
43
56
11
-2
-20
36
42
-11
-1
44
54
10
-30
50
-22
67
36
37
26
34
64
32
27
41
52
59
33
24
42
17
10
11
21
74
38
45
33
-12
42
27
45
27
37
32
4
32
16
-10
-8
4
-24
60
32
26
32
72
40
58
32
20
10
-53
81
169
19
93
117
83
18
-29
-11
-103
-33
19
-18
7
-3
-20
21
27
48
24
66
52
16
9
58
38
44
58
51
8
16
24
34
23
36
10
39
48
43
67
93
99
123
116
120
69
51
-75
-93
-107
-86
-58
-85
-53
3
45
69
65
58
43
81
44
40
35
19
36
25
75
68
-9
12
21
121
102
68
10
9
-20
40
10
-2
87
53
21
-3
12
-1
-11
32
8
52
41
73
51
28
-10
12
65
68
-17
8
67
57
19
6
-21
49
4
61
7
39
39
36
38
25
25
19
53
33
49
61
53
32
33
34
45
-7
43
24
65
53
71
34
43
20
11
9
22
33
32
23
22
33
-34
-6
10
37
40
22
40
-2
28
45
58
-1
29
38
68
29
51
34
41
23
18
49
17
58
23
4
27
22
43
60
-14
34
10
50
50
20
13
36
55
26
38
41
-5
-13
1
44
29
85
74
80
39
29
25
42
59
-5
48
25
55
43
21
85
52
21
5
51
34
60
59
54
28
8
43
44
22
35
24
68
59
38
58
34
5
35
33
33
10
32
26
40
27
23
32
27
35
28
19
12
71
0
19
29
39
40
48
35
-10
24
50
58
69
55
23
-4
37
25
20
43
19
43
56
-7
11
13
13
98
21
58
40
40
24
11
29
26
-20
-7
42
-22
38
18
20
18
9
5
18
28
7
20
22
-4
52
56
35
73
2
27
48
54
21
28
48
42
32
35
103
36
25
-13
28
1
28
42
38
58
5
54
3
51
42
34
-26
65
-6
43
33
25
-11
44
-10
28
8
72
66
77
27
23
33
33
54
-38
-7
4
21
69
21
66
61
29
56
55
58
36
-2
44
36
107
75
22
39
5
-4
43
37
43
66
-4
26
42
23
12
18
26
60
38
50
34
25
28
51
24
59
52
7
104
103
-9
0
0
-1
33
-4
29
0
6
19
6
9
24
27
69
32
40
74
55
75
70
-2
33
19
57
21
39
27
45
43
16
2
5
-27
16
5
22
58
29
54
84
82
48
38
7
24
22
32
60
22
54
-6
26
-5
-20
6
-22
-4
25
28
17
43
70
27
25
42
55
85
45
35
29
37
20
24
68
40
25
37
9
1
21
39
55
76
17
17
39
17
49
29
35
18
82