0
118
58
58
108
23
48
1
-221
-38
16
102
-87
65
24
17
68
152
-7
20
8
162
44
184
240
237
176
88
181
112
-108
-204
-334
-120
-14
-106
17
-37
199
71
152
153
91
9
156
53
68
71
67
-41
74
58
22
75
17
-13
67
-12
54
18
29
8
65
55
67
16
52
34
52
102
-39
8
26
-4
-74
28
10
153
-7
129
9
99
-75
69
48
-5
83
151
-9
115
-41
131
-18
48
-6
11
-11
24
87
44
50
-52
119
-34
53
66
18
176
-11
61
8
16
232
27
-17
27
165
-61
27
-84
102
45
91
-91
54
69
81
8
61
129
-23
161
-41
-25
54
42
69
123
26
-109
93
92
45
-69
-22
-71
-44
26
103
19
74
212
146
41
121
20
-13
-34
-90
-137
37
16
96
120
176
5
-7
-161
-139
-210
-139
-118
-87
-82
-151
-49
-41
41
16
-20
9
-1
-18
33
3
23
52
27
59
66
19
18
43
49
26
8
13
54
19
18
49
32
115
68
67
52
39
42
42
66
40
59
57
28
59
34
96
232
198
202
113
120
-115
-102
-122
-135
-118
-49
-19
96
39
-17
91
58
135
173
171
69
129
133
64
-113
9
-74
-22
48
74
66
36
4
104
70
57
-41
100
13
11
114
-179
169
42
-17
-22
26
119
41
52
37
58
90
45
154
151
88
103
66
-58
-81
-5
38
-13
71
57
9
50
-2
82
149
42
10
21
71
120
64
43
66
2
40
20
-10
59
12
-25
-18
-12
107
28
12
22
52
-8
60
37
18
-6
80
-24
106
-5
2
44
-42
80
81
16
76
-24
130
9
3
41
50
73
209
352
129
214
75
-107
-135
-179
-117
-102
-45
-119
27
-35
45
33
35
-6
120
102
-84
203
134
38
43
-50
59
-10
39
33
-42
35
91
75
49
51
89
41
87
34
-59
-3
33
97
74
4
28
27
68
-12
85
54
38
11
55
-4
2
-4
37
51
77
21
26
32
23
38
4
18
21
32
35
27
37
10
80
3
18
27
9
92
71
-5
32
36
42
49
52
-17
-24
65
84
-29
105
-14
41
20
25
17
27
22
21
38
68
27
37
39
37
19
20
56
53
89
56
84
75
43
88
26
7
9
12
7
90
-10
23
27
42
22
70
2
-34
-10
-29
24
24
41
12
82
11
-10
44
22
73
36
20
10
69
9
42
22
4
17
34
34
82
19
90
57
32
10
28
1
93
151
188
10
-67
-67
-20
-19
-57
-3
-37
48
34
20
10
37
49
13
10
73
34
44
42
29
10
-5
43
25
68
44
64
34
1
-1
51
-10
34
36
101
27
23
17
33
10
3
35
57
113
98
4
18
-59
-17
-38
-40
8
55
68
17
7
36
26
61
57
3
58
41
44
45
43
53
39
28
10
-11
71
4
16
-11
67
48
54
19
52
-5
54
68
28
39
8
17
37
60
67
17
33
68
-14
1
40
44
66
65
35
5
67
0
43
21
-4
12
16
13
66
25
7
43
28
57
51
10
140
181
180
99
48
24
-40
-109
-68
-59
-73
-34
-13
-9
-14
56
65
58
48
25
71
83
73
-7
16
59
36
18
48
34
51
38
49
22
22
72
43
49
27
41
19
25
26
66
26
6
48
49
36
26
23
12
33
-4
18
24
55
36
-5
71
61
38
43
10
67
64
19
7
50
69
53
-18
23
56
21
37
32
-11
20
42
51
34
25
38
5
36
39
72
13
35
86
106
184
149
178
59
-72
-170
-137
-86
-85
-21
13
39
48
1
24
-14
16
43
5
51
38
76
55
26
66
72
21
22
50
24
44
21
52
86
50
51
27
11
59
1
25
19
24
50
16
25
9
13
52
53
28
22
16
52
68
25
35
8
38
59
37
-1
28
38
60
33
29
28
-1
-5
51
37
59
22
22
26
71
153
211
107
1
-104
-11
-54
-51
50
-20
22
41
1
53
22
-33
39
19
37
82
3
51
60
53
43
44
17
0
81
75
124
6
3
48
0
-4
-1
3
-8
38
13
48
-7
54
10
39
12
7
113
212
173
71
-26
-61
-34
9
-3
60
8
-1
74
51
36
26
43
-18
33
6
38
-27
49
11
57
27
23
54
18
9
43
50
42
55
3
28
5
44
50
0
19
60
40
1
45
26
59
55
18
20
59
33
22
57
24
26
32
39
10
16
28
9
-7
60
64
22
29
27
50
97
40
75
5
34
12
64
-30
-8
17
24
35
7
60
12
58
72
36
22
43
65
57
43
75
101
50
44
1
12
21
-12
-4
7
-7
-60
4
-36
36
16
17
10
41
80
64
37
11
100
172
83
49
11
-18
-29
40
-6
21
-10
13
4
12
49
54
48
-40
54
44
2
17
26
36
-13
6
26
-13
104
153
17
196
202
120
-36
-44
-106
-133
-22
-13
-13
-42
20
17
-11
53
28
72
97
56
-6
12