0
27
34
7
44
58
19
21
-36
65
37
-40
37
65
10
5
80
-38
39
22
5
81
11
56
27
-5
50
59
23
72
9
-17
35
24
60
53
-22
42
-13
5
21
37
-4
25
81
59
23
27
50
-5
56
50
-2
2
26
101
25
35
38
66
18
35
-13
53
75
34
37
28
76
39
8
49
20
49
41
5
69
36
4
1
20
82
50
20
18
28
101
26
-22
36
7
22
75
70
3
68
41
22
28
59
23
68
-7
28
41
2
25
23
22
40
80
100
41
32
20
1
42
12
21
11
10
38
44
37
12
21
48
40
57
53
42
-7
89
-24
72
41
53
50
44
27
-2
26
41
40
54
59
-3
75
25
26
26
24
-21
50
-13
-41
40
27
5
8
44
45
4
6
20
52
1
68
58
4
97
-17
23
24
57
2
54
73
67
50
0
0
45
18
97
24
56
37
41
-4
44
57
90
32
-29
8
70
51
54
57
-4
35
41
0
9
38
-56
2
8
-22
73
39
18
68
24
25
52
72
20
93
133
115
42
69
-68
-10
-20
13
-72
81
48
-28
40
42
26
35
-5
52
28
32
4
53
37
54
18
40
36
10
33
36
54
76
48
72
57
19
74
2
-5
48
50
86
80
152
123
129
59
-37
-44
-44
-60
-55
-34
-53
-21
-12
16
85
86
27
49
81
102
138
128
113
0
-24
-54
-102
-115
-46
-41
-58
13
28
-17
51
75
42
102
23
16
57
77
36
48
98
51
-9
73
20
34
-12
35
28
71
11
42
37
37
73
76
40
40
25
11
32
65
23
-6
-35
54
59
34
58
8
103
38
70
59
74
-13
37
8
70
60
37
13
6
39
5
50
9
-8
60
17
25
55
59
66
23
42
72
38
86
56
35
26
13
39
32
8
64
24
58
49
33
39
40
22
8
24
27
35
49
9
58
24
39
49
-6
55
65
60
21
-11
88
40
28
19
21
25
39
5
17
-4
25
64
50
3
42
56
32
24
43
51
3
-23
33
89
86
60
89
9
3
9
-10
57
6
22
34
20
39
51
13
26
39
5
66
56
36
-7
50
17
58
34
-5
35
104
65
4
27
33
66
6
43
42
13
38
59
21
32
59
48
29
36
28
5
57
-2
6
44
50
57
44
10
48
3
24
27
25
27
38
33
2
38
34
39
40
51
24
23
34
24
75
24
33
43
22
32
59
22
38
19
-5
67
32
37
42
37
5
98
36
34
33
27
50
4
2
42
45
21
33
56
51
53
35
19
-23
61
8
35
16
25
45
34
25
20
37
2
21
20
12
39
34
45
33
19
37
51
-8
16
65
-6
28
37
28
37
24
18
21
65
6
43
13
-10
68
36
44
40
1
48
-8
60
35
36
12
50
10
68
36
25
36
80
50
38
39
33
-12
58
20
19
21
16
50
64
29
4
88
6
-11
12
65
-17
60
40
33
-2
-3
71
27
20
-11
84
107
-6
1
19
34
21
17
18
25
20
118
35
38
82
7
-65
43
19
137
27
8
37
-8
23
-45
89
64
24
18
99
-36
-36
-10
-3
60
82
49
-34
87
6
33
-6
45
96
-52
-13
112
58
21
182
37
38
19
108
40
70
-55
43
101
-13
23
101
6
-34
36
68
33
39
-22
84
12
104
70
121
33
16
96
85
44
-42
27
55
121
-46
0
76
-1
37
16
56
70
9
1
-49
90
59
-10
-44
115
120
11
-20
53
25
69
50
-51
9
88
90
49
2
156
82
-33
19
56
41
24
18
-41
55
37
74
-27
60
25
72
55
64
26
93
60
27
1
1
-12
38
22
-3
57
40
48
17
38
90
-19
33
29
-49
66
97
-14
-4
3
59
25
68
-33
53
48
-2
173
11
-23
32
147
-30
76
48
32
9
137
11
18
43
12
52
59
35
-33
23
27
42
90
51
7
-34
-42
56
112
20
29
16
-26
118
28
-28
27
-27
70
-8
27
-82
35
-21
55
103
-7
21
133
39
51
66
21
-10
132
0
88
23
83
53
74
20
59
119
52
5
55
107
76
4
50
-74
60
84
-21
35
-7
-7
-35
51
-29
45
-22
10
54
1
118
-2
18
25
59
25
-1
-17
8
-38
-10
60
38
40
68
36
96
12
-6
-10
36
-41
34
41
55
24
-25
-2
35
-38
102
28
19
32
12
43
-4
66
28
7
34
35
69
34
93
96
-1
115
38
24
20
-17
43
24
3
33
54
-13
74
3
6
89
10
52
66
45
19
41
-33
88
12
40
-3
0
45
69
-20
32
97
80
-13
49
-14
130
86
39
74
33
-12
-21
99
76
33
70
9
54
70
54
-44
67
-10
99
10
75
-13
19
1
-9
20
50
21
103
32
37
-25
-1
91
17
-9
68
22
60
68
6
83
22
-4
21
-11
85
66
44
50
48
12
1
22