0
32
41
-6
1
38
-39
29
34
51
-3
48
18
3
50
-1
-19
49
60
38
-5
34
6
57
44
54
17
28
35
18
52
39
70
58
20
8
-35
24
35
17
65
34
34
11
-12
56
34
34
4
65
86
34
44
1
-24
2
19
13
-5
37
54
45
71
81
27
36
25
49
6
40
44
23
91
48
28
54
40
12
-35
42
38
49
69
18
-8
29
40
64
28
1
5
8
20
-2
39
33
48
44
18
74
17
36
54
50
53
3
27
21
4
-4
13
4
39
25
-4
28
7
16
10
11
-8
45
52
53
21
61
66
56
-4
-55
-19
3
38
18
6
41
82
49
53
23
57
34
60
42
26
21
29
65
51
-2
66
40
45
6
32
61
-24
89
45
27
40
32
25
43
18
18
35
25
26
99
40
67
75
48
39
-13
37
26
7
57
59
52
35
32
28
3
45
80
80
24
27
13
35
21
2
41
21
27
100
93
58
18
-13
-36
-33
8
1
-20
-38
7
64
12
33
39
41
58
54
48
57
12
28
-4
65
21
38
38
42
65
77
48
6
17
6
4
3
43
17
59
1
77
6
35
36
12
-22
41
23
55
26
-1
51
-9
33
81
82
26
28
22
61
17
64
21
6
22
27
39
43
32
-25
7
38
33
59
48
53
33
84
-1
4
24
40
52
20
36
12
-1
40
50
38
42
48
42
56
-2
69
32
-1
48
72
27
23
28
32
53
24
26
39
34
-14
12
83
-5
49
81
53
64
42
-22
33
19
-29
-37
-36
7
37
7
1
18
56
105
35
-2
-18
26
-6
53
68
10
100
73
64
40
29
76
48
36
33
22
112
50
34
1
11
-2
75
9
65
-20
25
23
27
1
42
53
13
19
35
35
80
99
-2
73
51
29
27
49
18
37
0
12
8
17
44
91
69
22
18
58
34
16
22
51
10
52
96
0
25
98
28
39
22
2
-5
41
35
54
50
8
55
57
70
24
53
12
13
49
22
28
33
54
80
57
44
71
24
66
21
3
13
-17
87
43
69
41
68
-7
36
-1
16
38
37
21
17
67
49
44
21
54
24
23
-39
182
288
208
27
-49
-126
-90
-44
-71
-55
10
13
-6
72
-41
-8
145
54
27
54
21
23
41
-19
18
81
21
-17
42
-11
-13
-1
84
40
16
34
25
34
36
-4
-23
59
89
75
2
39
10
9
1
44
10
16
18
55
1
35
35
-3
3
23
7
82
84
-2
-29
135
-9
-17
26
-34
76
36
68
18
72
48
20
8
51
45
-5
67
75
70
6
21
37
-3
-3
-39
57
44
87
27
-8
39
6
-7
66
34
106
99
19
-37
37
85
83
9
21
-21
25
0
56
34
55
4
-19
-71
128
12
20
16
18
117
19
1
22
81
12
27
39
105
-34
-20
52
97
83
69
12
97
66
5
-24
0
51
40
-42
33
9
-2
2
23
38
36
65
42
4
42
-7
73
28
70
72
-65
34
50
-13
16
34
19
-20
2
152
67
9
53
-3
65
5
48
45
109
-26
12
92
-39
48
114
-46
33
88
54
11
84
9
-2
85
-10
27
34
27
-27
68
39
-8
-38
-35
12
16
0
7
50
28
6
13
66
-5
24
71
-5
28
-8
59
131
58
17
25
72
89
32
29
52
-11
115
55
-12
-24
43
103
11
13
28
-43
58
35
8
22
34
58
10
0
-14
75
18
44
51
84
36
26
26
23
8
72
29
41
83
71
18
52
42
-14
-5
35
21
51
19
72
-28
9
37
-43
21
38
-12
54
21
26
40
76
-25
17
41
-25
35
-21
3
89
-42
72
76
29
8
20
57
82
3
72
48
16
40
50
-24
25
59
37
-6
-23
72
26
83
24
-58
44
37
40
35
7
75
33
50
66
-17
19
69
45
21
38
41
26
68
1
70
-17
16
25
22
48
-36
37
27
64
65
-10
96
41
3
60
36
21
100
29
38
-3
29
41
27
11
57
8
35
0
53
-7
-1
64
91
34
5
-13
88
39
3
38
33
-35
40
-19
8
50
23
27
36
41
53
80
27
53
28
-3
51
9
0
58
25
45
9
23
-4
32
88
52
68
56
11
68
24
60
53
3
-49
-5
84
64
24
32
45
12
9
39
20
7
87
77
17
16
33
13
42
48
36
17
37
10
76
-9
6
54
42
-11
36
-4
42
49
33
55
24
53
11
27
58
0
-20
21
67
3
40
109
56
21
10
5
57
28
-13
-3
-18
66
73
42
-7
68
42
4
35
33
56
-18
19
74
34
115
23
61
35
48
26
-7
61
38
34
1
28
10
1
56
20
76
58
65
-35
40
52
18
64
49
54
11
86
34
25
4
-7
-40
89
67
99
-25
10
42
17
4
35
24
50
35
80
35
70
11
77
-1
-8
18
40
59
17
67
22
56