0
10
24
8
27
34
56
34
28
58
64
17
-23
17
-17
86
61
36
40
72
27
18
13
67
48
42
32
53
18
36
11
43
9
18
109
130
-6
28
56
-18
-65
4
3
33
42
6
38
43
44
29
-10
105
12
26
87
68
7
25
36
34
23
43
19
19
54
-25
72
-13
40
23
19
35
84
-9
22
80
-8
2
100
59
18
0
45
40
61
26
-1
36
37
106
52
16
68
65
-26
22
-29
25
50
54
56
36
7
59
37
-6
51
9
41
70
27
51
20
22
41
56
65
19
49
53
39
50
41
68
10
37
22
85
43
56
24
18
-3
7
41
-20
73
55
56
60
-4
39
4
68
51
1
16
34
-27
90
34
18
36
-8
-12
129
3
60
43
50
55
166
147
77
41
-39
-103
-72
-87
-66
-34
19
24
2
33
3
4
22
61
56
-11
28
84
58
41
58
12
7
17
83
22
66
27
20
28
33
-3
44
26
52
55
21
61
73
28
7
53
-7
42
32
-25
34
82
41
-19
70
54
10
40
107
26
26
28
38
-19
21
7
28
34
83
80
53
44
16
5
-23
58
58
-27
24
33
-9
-2
-28
73
32
49
49
39
67
33
64
51
93
116
84
196
197
194
163
82
90
4
-25
-65
-44
26
-27
-61
-68
-59
-217
-302
-275
-285
-189
-68
44
-9
69
76
185
153
160
134
133
104
65
40
25
86
39
35
25
1
38
20
67
39
27
43
36
0
54
58
66
53
48
25
69
38
53
42
38
17
8
28
56
19
40
6
64
-20
1
-7
26
59
24
39
38
33
11
25
50
59
41
33
22
13
34
45
22
16
54
28
10
37
68
20
69
65
114
49
11
58
50
27
49
54
-34
96
39
114
16
-8
70
66
80
54
-6
-57
-44
21
-18
13
39
12
60
11
56
-17
76
-8
55
1
18
116
-61
-4
-39
-18
12
39
18
57
33
-3
57
65
23
-7
-40
-12
17
17
20
73
26
9
52
-13
44
49
-13
59
40
69
28
13
49
42
133
96
83
-10
48
-5
8
-2
43
0
50
43
-13
4
60
13
25
56
-5
77
8
40
26
5
36
34
48
27
42
55
34
27
33
23
66
59
-25
42
51
37
36
42
6
-4
-100
55
66
10
64
69
83
71
32
86
75
56
48
-18
44
-20
-11
167
57
70
-29
-9
55
33
53
44
173
25
39
-11
23
107
80
32
-34
-9
-33
10
5
-23
-36
36
11
26
33
2
81
53
-3
67
59
16
37
1
39
32
58
97
40
39
18
-2
81
51
20
81
27
48
57
21
-23
-7
82
23
40
73
33
22
28
-6
-1
1
10
97
35
41
29
24
-5
26
25
17
121
39
89
28
59
-41
-26
-83
-54
10
34
32
54
185
23
98
-8
196
86
-18
153
102
-153
177
-77
-68
10
172
-22
85
39
102
-1
-83
35
-6
-298
-104
327
312
-58
17
34
-34
133
53
49
120
-134
138
16
-13
51
-3
70
13
231
-93
234
-19
-54
-27
7
32
-119
103
-10
107
-29
73
-22
106
116
-220
40
236
74
74
-102
8
59
152
33
-132
16
134
-10
-5
166
97
-56
-33
54
84
6
-9
157
-34
-17
3
55
11
-66
273
32
-25
35
54
-18
-98
1
42
76
57
97
82
28
21
-29
-45
60
-1
48
38
25
52
-24
49
26
77
70
-8
-26
25
6
40
69
41
-30
49
12
-46
60
37
-39
-46
67
-13
93
10
-4
148
-13
16
-70
-9
29
97
-20
-107
67
120
81
72
-35
-65
85
50
17
5
-59
55
53
-60
65
168
-18
53
140
-1
9
3
-24
-22
-22
45
23
133
121
-69
44
41
-23
57
33
12
-18
25
52
-6
32
35
27
56
-17
92
17
82
18
-7
178
-59
50
-69
152
81
64
35
16
41
71
149
-61
87
76
5
33
150
32
76
0
-23
1
-9
66
22
54
66
-24
-39
67
55
38
-67
85
-30
-25
137
55
86
53
49
-56
-22
-13
12
18
71
-5
-50
-2
55
-53
106
-2
18
-56
51
-38
-5
132
48
89
7
-14
-12
67
28
74
119
42
54
57
-6
99
-81
35
35
-109
41
108
65
-11
26
51
-70
32
-22
113
22
114
25
40
-3
17
16
-5
-25
-13
81
156
100
-24
50
48
-19
85
-2
28
-8
-25
-13
166
106
-39
71
-7
-84
70
-26
51
53
48
97
22
19
23
36
155
3
8
0
-9
-2
65
93
-18
22
104
73
53
-34
66
80
16
-67
57
83
101
-69
86
53
21
80
75
6
-29
98
8
52
51
91
57
-42
57
33
34
60
61
42
55
-123
16
66
40
59
16
-6
104
38
67
101
-33
-77
172
77
17
27
100
-5
55
-3
-25
35
43
45
186
10
53
58
39
42
53
55
-8
-43
69
23
26
-39
1
56
2
56
57
50
103
17
-18
134
67
48
-23
8
0
86
68
3
-22
117
-62
-37
104