0
27
67
13
26
54
37
13
36
84
44
20
-27
41
19
8
59
32
12
1
55
25
50
83
-1
56
80
4
7
36
89
12
6
48
42
40
71
-17
-4
50
28
9
42
50
81
66
28
-2
34
41
56
13
59
7
27
27
26
72
-11
10
42
5
9
34
17
42
54
16
12
18
42
43
56
27
12
24
56
34
45
6
20
41
18
27
38
52
45
7
20
87
66
54
51
35
-5
0
26
24
66
34
48
41
35
5
38
-5
20
4
49
65
61
32
42
41
12
6
128
9
73
67
1
0
52
27
26
50
21
12
35
17
57
35
23
61
-29
27
19
58
45
54
26
26
44
-9
-26
2
18
49
64
59
24
17
35
-13
56
-5
18
23
28
32
-11
48
59
12
48
16
36
33
27
25
39
26
59
18
58
41
29
23
57
-10
5
39
26
58
61
49
98
16
33
86
24
36
3
13
2
38
21
22
29
64
18
20
3
-6
-6
32
-1
16
7
33
16
-6
40
10
2
12
49
48
58
50
17
11
64
24
75
45
59
10
41
5
-18
25
-8
67
56
32
16
66
74
50
13
27
40
16
7
28
48
53
41
32
-3
34
35
39
42
25
41
33
19
53
48
23
53
22
20
-19
-10
28
9
43
59
21
25
19
35
48
8
32
57
59
57
25
5
7
43
52
6
-40
49
44
17
0
-2
32
37
50
12
29
37
13
66
25
53
34
20
25
59
52
70
13
-30
11
48
7
24
25
67
21
-2
-2
26
38
26
25
35
67
53
70
73
54
28
23
64
40
27
34
19
12
71
43
50
50
28
52
59
6
9
40
60
33
28
36
-2
55
24
10
8
18
66
67
54
22
29
10
35
1
57
86
17
36
92
74
37
27
49
-2
-1
25
-18
50
17
35
52
9
20
28
48
18
26
51
5
33
24
52
56
75
107
112
92
5
-44
-10
-33
-45
-11
-1
55
9
22
36
12
69
25
33
4
49
32
54
6
48
55
73
53
68
40
23
11
68
53
52
4
6
45
20
27
12
68
49
20
54
37
59
9
5
17
27
9
9
-11
66
43
-6
86
17
49
19
8
28
70
42
49
52
33
13
136
160
68
43
4
2
6
-1
7
18
54
32
9
6
33
38
27
56
2
36
53
7
-27
-2
-3
19
90
19
55
44
2
-2
36
50
20
4
82
84
89
48
18
5
2
-3
52
7
67
7
44
13
57
26
80
12
10
-5
18
24
32
40
53
22
-4
17
76
85
-20
25
-7
121
80
21
17
-2
13
9
-10
-36
125
72
48
32
-5
40
17
58
22
41
36
51
49
43
29
59
37
27
48
-6
16
32
54
39
-8
49
84
149
13
3
-24
49
32
27
-9
8
36
44
98
52
35
36
81
32
8
50
25
17
-19
25
41
13
28
68
21
7
8
17
44
-35
75
85
90
-7
-9
19
33
29
70
37
9
5
24
6
67
43
27
69
53
49
4
16
65
7
38
38
27
-7
74
80
38
36
-37
58
2
56
44
5
17
55
60
51
34
106
37
37
98
128
-40
20
-25
1
-1
24
49
32
38
56
38
4
22
-13
64
-34
34
69
8
39
0
38
-26
125
96
16
28
8
36
-2
-24
55
75
-7
28
13
27
37
81
8
3
44
1
-2
0
25
55
26
57
50
41
32
34
32
33
39
44
38
54
29
37
81
16
37
36
68
7
51
21
20
11
-37
12
42
66
34
2
9
56
59
59
28
32
18
34
38
51
49
20
34
16
11
12
20
17
22
68
86
124
117
112
-9
-99
-83
-104
-89
-41
25
-44
5
-5
40
17
-4
49
23
49
35
70
54
87
52
91
60
29
4
58
42
70
58
20
-1
36
-7
71
18
57
55
13
66
86
97
13
44
6
-14
-36
38
5
48
5
41
27
-10
-3
74
33
72
64
11
64
97
-5
51
5
19
28
1
52
37
54
13
75
55
28
-24
-13
3
52
-4
52
70
56
12
44
38
27
2
50
29
68
0
35
57
41
25
54
38
34
32
-8
24
35
74
53
-3
27
0
48
-10
-5
34
52
38
3
50
18
-2
55
65
32
8
12
40
27
38
38
54
38
3
28
49
-23
-3
90
-28
60
10
-9
10
16
2
7
2
53
5
36
45
69
56
38
17
69
28
33
56
37
35
73
29
22
21
37
49
44
28
56
28
34
87
7
48
0
55
8
16
25
59
25
11
54
117
4
22
91
40
17
37
9
22
4
42
65
6
49
41
32
49
56
9
16
18
34
56
4
21
45
17
65
59
36
28
27
27
25
21
16
1
16
44
59
56
11
33
53
43
28
89
23
57
44
-4
-62
40
-1
22
115
-30
99
18
60
26
11
2
54
32
-7
81
-12
-53