0
48
29
25
-17
28
56
21
23
35
56
53
32
80
5
0
13
28
55
27
33
19
32
12
-3
8
53
16
2
37
36
-18
17
66
98
42
12
-23
19
113
23
26
44
61
103
28
17
26
80
53
38
74
50
22
-40
-130
-83
51
27
54
37
66
106
35
42
45
33
73
38
49
48
40
40
13
11
57
91
43
40
6
38
44
1
35
44
57
49
-18
38
34
-27
42
38
28
48
-21
69
52
5
32
48
59
41
16
3
11
22
85
35
-17
37
4
49
101
10
84
25
42
58
7
50
9
18
40
54
10
19
59
81
-1
24
9
55
67
32
34
29
-19
24
44
45
88
50
20
52
9
42
40
82
41
42
26
-22
4
49
51
29
44
-9
21
42
37
21
-9
38
24
12
43
67
56
57
50
-17
18
45
20
1
59
43
44
12
21
52
-4
2
6
-4
25
-2
7
25
5
7
68
84
69
76
54
51
-1
3
-4
66
16
42
18
26
23
22
1
84
36
38
8
98
55
18
28
1
75
23
25
1
-4
36
39
67
42
-56
-4
26
-6
91
51
53
-4
26
33
29
27
-18
22
61
9
-1
18
23
26
4
19
54
22
54
36
82
34
26
-12
70
8
73
57
108
24
66
27
13
64
-9
19
-11
40
26
39
22
44
26
22
32
34
64
50
40
25
19
27
27
16
42
37
12
40
51
23
-6
24
42
24
35
5
29
25
80
33
13
17
8
32
18
-13
38
80
71
7
9
-10
83
74
9
27
-7
36
39
20
32
12
-4
98
51
28
27
10
49
60
27
60
-54
43
55
0
32
29
-8
-19
49
35
2
85
-2
82
7
38
60
22
20
44
70
56
17
-2
40
33
83
34
45
53
23
37
-5
41
10
27
4
33
37
41
57
20
36
21
-5
54
58
45
-1
11
55
20
74
33
40
32
18
67
3
86
19
9
83
44
8
65
4
49
55
73
20
41
22
25
29
-9
38
25
26
12
60
44
38
-25
72
20
12
58
11
27
64
64
10
49
-20
92
49
21
53
-4
36
36
18
39
55
0
52
56
27
51
39
21
48
44
11
18
13
36
10
81
38
2
23
48
35
25
32
33
-33
35
81
25
39
29
3
43
32
27
52
52
16
43
85
5
55
43
6
17
36
45
37
40
18
49
4
20
83
39
25
26
53
12
3
27
75
41
33
-7
41
69
43
16
60
4
27
45
20
-6
60
34
36
28
84
6
65
35
-11
48
29
37
2
29
26
27
54
17
68
41
41
56
29
24
8
18
-10
21
17
40
60
6
37
50
21
-10
16
-18
65
83
40
38
16
26
41
25
2
66
21
59
28
20
36
19
53
18
58
34
28
52
56
58
20
-8
7
3
21
13
36
11
37
37
-5
16
60
59
40
44
-24
92
57
25
32
43
42
36
4
25
2
4
27
11
67
32
48
-5
26
40
26
7
24
26
57
44
75
20
5
22
24
43
57
28
3
28
0
74
36
44
65
33
54
36
36
34
0
13
35
48
44
58
23
42
40
5
34
28
39
-13
2
28
83
53
22
12
17
55
-14
40
57
43
32
87
17
42
-3
-22
11
38
-5
19
51
49
67
43
84
24
26
48
17
-1
9
35
43
64
20
16
25
35
-7
48
55
69
10
40
-9
64
12
24
54
49
21
41
28
35
54
38
24
23
38
55
49
1
40
25
38
44
44
3
-1
34
1
36
54
48
20
20
42
19
56
45
2
11
19
29
44
10
8
28
35
21
19
0
54
7
23
32
41
6
-2
54
55
43
71
17
21
51
16
9
-11
-26
43
28
67
-17
69
10
67
26
66
11
28
36
39
45
45
33
25
41
41
52
18
21
22
28
-9
55
50
35
48
50
28
17
-3
59
56
98
20
58
-2
36
-36
21
56
60
49
10
37
-9
33
-4
33
16
55
40
61
43
68
82
-18
-43
43
21
23
59
26
48
-1
32
11
37
20
44
50
83
48
6
59
13
38
11
84
80
-12
77
33
58
36
41
17
55
40
51
-5
11
24
77
65
1
-5
45
37
7
55
11
27
60
76
41
54
19
22
12
50
16
35
40
97
8
74
19
39
-13
7
0
1
17
58
-24
67
-3
52
41
21
-12
37
12
1
58
-1
17
28
-5
58
-17
43
27
54
29
49
25
7
28
35
28
6
53
82
38
25
73
66
17
32
40
-4
36
57
4
65
19
57
32
-21
0
10
54
13
40
70
57
24
37
54
12
7
34
49
43
60
-9
8
43
80
18
43
8
54
-8
17
34
38
22
84
-9
41
-8
49
0
37
37
51
53
18
57
45
-6
28
19
-21
32
48
109
45
66
19
-22
10
6
35
53
22
-29
44
132
12
56