0
-118
106
59
197
-138
48
180
39
54
36
-170
27
45
80
172
8
4
117
-106
-38
-46
-26
-54
74
-17
17
96
330
-1
35
55
69
-69
18
12
-26
-55
4
-199
-116
2
-51
-88
27
65
-6
-9
-58
24
29
4
-25
9
0
-55
-54
-40
-90
-53
60
44
103
22
112
17
58
101
219
213
48
-18
-37
-38
33
34
45
22
-71
8
-22
34
132
65
40
5
-18
-14
22
34
85
50
22
40
6
-11
-59
-25
40
44
58
-27
39
73
54
51
28
35
24
6
103
64
11
29
-3
81
58
59
-20
39
-36
-38
59
57
69
74
101
65
60
57
43
16
57
11
55
76
48
40
-27
20
86
84
72
42
8
26
4
42
99
108
40
28
13
40
20
-10
171
129
29
11
-35
-28
2
2
28
24
54
55
104
40
27
59
48
8
85
44
2
37
44
-2
34
-23
39
48
27
58
20
41
0
20
50
33
22
32
28
38
16
7
10
54
65
81
57
27
58
59
-7
6
39
92
-22
-41
-8
48
33
84
103
64
69
33
64
55
33
22
35
34
68
119
168
77
0
-11
-19
-10
41
-23
2
53
151
135
118
114
-22
-61
-92
-102
-123
-55
-39
-17
6
7
64
25
68
60
32
33
73
43
12
59
83
64
67
65
76
139
154
224
185
162
64
-102
-170
-201
-142
-134
-85
-3
-1
41
64
55
19
52
71
77
84
40
44
3
66
23
49
65
86
40
40
17
41
8
-1
34
71
59
69
44
50
3
18
-1
60
43
73
71
50
52
16
1
10
8
11
40
48
-8
59
25
43
33
33
44
-3
68
-17
16
21
20
42
40
26
37
13
7
44
26
-6
12
39
35
42
39
3
44
29
39
27
8
35
40
54
3
-45
11
-5
61
18
33
42
36
18
45
24
51
50
48
56
35
4
27
6
52
17
42
9
17
57
32
51
73
73
20
-11
-4
11
21
0
41
24
38
33
48
51
58
67
51
11
37
55
52
5
49
23
80
28
54
49
-6
18
39
21
3
41
37
34
32
37
66
55
48
32
89
165
282
294
74
-44
-189
-149
-92
-73
-12
-44
43
3
49
-52
21
32
11
71
82
66
50
58
2
16
44
1
10
44
38
11
57
5
67
40
28
40
21
83
55
56
35
21
13
3
37
50
37
13
74
13
57
27
54
-9
53
37
48
75
-10
23
27
4
49
42
4
34
2
42
50
26
54
42
-27
43
21
43
16
43
17
24
32
27
26
33
73
40
29
19
40
-21
18
72
58
69
-2
23
8
73
34
57
16
24
27
19
2
25
3
6
67
24
68
50
8
40
18
32
49
60
71
28
55
49
59
23
23
37
24
34
-21
-13
65
28
-3
25
34
50
65
35
3
-6
23
27
83
56
18
26
51
24
25
5
29
26
17
28
40
53
38
60
5
61
23
38
42
33
23
20
-12
38
52
82
66
59
18
-6
26
-10
21
74
37
18
7
0
32
67
65
25
20
-5
54
38
48
27
-3
108
88
65
76
1
-17
6
34
-5
22
55
39
36
22
22
4
50
88
107
168
164
147
135
140
40
-39
-68
-132
-85
-88
-77
-54
-65
-9
18
27
54
28
64
32
44
2
53
26
53
147
102
163
60
28
-43
0
-35
41
10
45
35
57
53
-5
18
28
20
34
64
21
37
20
24
32
58
34
2
4
-40
44
44
56
70
60
42
-4
36
18
43
40
20
74
10
43
44
66
-4
34
1
36
39
35
-19
10
49
38
23
39
56
39
18
11
55
28
41
25
54
41
-2
36
91
38
36
35
43
26
52
56
52
55
19
25
82
-20
39
0
-3
22
36
42
41
38
22
43
55
54
-41
11
49
41
36
69
-49
-27
35
13
67
34
36
5
18
60
18
25
-4
64
40
72
12
-25
107
-11
56
25
4
73
70
27
-5
34
4
49
42
67
4
58
23
33
-20
42
22
35
23
26
28
42
48
13
55
-6
-17
8
73
60
54
3
44
-11
26
21
7
19
68
85
3
51
49
26
2
17
4
21
41
34
20
29
33
74
36
48
43
28
44
54
6
38
2
0
33
-6
32
101
49
24
9
39
27
0
40
42
61
19
59
52
42
42
25
16
40
22
43
42
-2
35
19
10
-11
50
37
51
41
27
-14
40
38
44
73
41
18
16
44
19
-3
24
42
55
2
2
29
-4
-7
52
26
22
36
12
52
25
17
18
173
73
114
82
23
-93
17
-4
-36
-17
9
5
49
40
61
19
-7
124
11
33
-68
118
88
59
-25
54
-39
-8
54
-19
3
36
38
18
11
-6
90
10
112
41
34
83
97
-71
96
-3
-13
-10
32
-46
74
-58
-23
89
293
193
179
137
313
167
84
161
53
32
132
36
114
96
-114
170
8
85
9
-87
99
8
12
-27