0
34
66
-13
71
2
12
33
22
50
54
100
17
44
4
5
55
58
33
88
66
36
21
28
41
19
-27
-17
8
16
36
19
20
54
28
42
85
35
70
23
-7
-12
37
38
32
43
89
59
24
2
22
9
39
34
69
-22
18
57
12
17
41
26
28
49
82
41
55
10
73
105
17
52
8
21
16
21
-7
-93
-7
42
82
64
19
-13
26
9
112
77
59
39
54
33
23
6
-20
41
73
71
54
48
-17
3
73
32
18
24
58
3
-9
58
52
81
24
39
49
59
-40
7
55
48
9
44
23
11
42
29
23
69
17
11
18
73
39
60
21
53
-2
80
27
32
51
42
12
52
29
58
-10
7
18
17
45
6
49
38
24
19
36
-2
-27
66
61
12
33
29
50
69
12
-5
50
60
-24
-28
65
52
19
41
16
32
22
28
-10
2
23
37
37
29
16
25
90
104
87
45
22
4
-45
33
0
24
9
-17
-18
-34
11
11
51
48
67
40
57
38
48
27
33
24
51
16
34
75
24
-1
26
64
-8
75
33
41
11
13
12
36
33
49
40
69
52
67
24
40
18
56
36
26
24
17
60
28
35
-7
59
18
35
48
1
-5
26
68
28
58
28
44
64
38
37
36
-11
44
40
68
35
9
3
102
150
26
-2
6
23
-3
9
4
-3
6
53
22
49
27
9
-5
20
21
16
6
43
43
25
3
53
36
57
43
45
26
45
8
32
32
19
5
92
80
43
-9
50
-9
0
32
55
25
40
2
28
43
18
42
-17
6
52
74
56
89
72
41
6
-17
-7
60
21
28
23
19
12
12
28
13
6
40
0
55
21
53
35
53
25
56
11
53
35
17
68
-2
66
57
18
16
32
40
54
26
16
42
68
12
25
33
25
-6
56
10
-29
-26
48
32
33
-8
-4
9
26
81
21
51
-12
71
53
43
38
7
24
28
35
33
20
45
41
51
39
52
33
19
-6
33
59
-4
18
44
54
3
-6
56
8
43
52
56
28
-2
49
76
41
19
64
10
53
54
33
53
17
-9
75
34
48
42
10
20
56
65
19
2
-13
52
42
7
58
57
-8
38
-23
-12
1
24
-25
53
37
-27
83
24
65
24
-40
91
81
19
54
-51
100
1
32
38
76
84
-22
103
37
92
32
124
323
-12
16
17
-41
-49
-94
-150
-54
41
89
97
13
136
60
104
-105
106
-3
128
49
99
253
18
-109
-98
27
165
-35
90
98
97
108
39
20
-180
104
-20
-97
130
98
-24
-77
87
181
202
-23
24
58
48
-1
34
-3
7
28
105
80
135
-38
-13
18
185
107
28
-34
7
140
-33
10
-70
-3
64
8
51
18
85
45
-53
-29
-2
169
75
-50
102
25
65
65
164
21
84
100
48
50
32
77
160
113
197
70
214
115
183
80
215
113
-77
28
76
-22
71
50
-55
146
-44
-12
-120
97
34
60
39
52
137
61
3
9
38
-26
-62
-34
103
33
33
-8
-3
136
57
106
-5
27
-26
-76
83
-12
-17
-10
108
-7
67
81
68
-26
68
55
61
-17
-3
141
1
-2
-72
26
69
1
59
-33
52
69
11
34
-24
11
-26
133
44
2
-22
7
-1
59
80
7
59
114
10
-18
41
-10
-20
96
124
3
-83
40
96
39
-41
64
-27
34
75
-8
73
-9
101
-11
-6
13
42
43
-1
26
115
4
20
59
61
-92
12
42
73
40
-1
-5
42
-42
53
40
133
44
52
-21
4
18
42
102
-6
29
42
28
10
53
-4
1
123
87
-24
122
53
39
43
-25
11
55
2
153
73
11
50
-24
40
23
-69
34
-9
-66
100
-55
-27
-25
10
18
22
23
82
22
10
-5
36
39
55
55
-1
-52
66
213
103
9
27
-21
67
35
17
97
18
42
27
18
75
116
-35
35
28
12
57
21
40
18
80
36
-8
23
98
-45
65
-8
58
-50
-25
55
48
69
-19
48
108
-44
128
54
-28
65
70
-49
56
39
32
76
4
43
68
43
53
-4
41
128
-37
-108
-6
17
-21
40
-9
-59
106
83
72
123
3
72
-25
35
97
-45
-8
-28
103
116
13
75
107
-20
-49
29
58
64
-7
51
-25
-5
81
-41
43
-39
42
44
37
23
12
27
44
34
96
-106
-22
8
100
-22
-85
60
26
220
5
33
74
140
81
92
20
-18
33
-36
12
58
40
68
81
108
54
44
25
19
155
-17
90
96
12
45
34
-5
4
104
-20
-17
-28
76
32
58
129
20
89
1
16
-28
10
84
101
34
-51
56
76
140
-44
45
0
27
0
21
-21
44
-10
32
-25
6
87
-11
18
0
-11
76
70
55
52
99
44
-24
-25
65
100
35
-38
70
28
21
-55
76
69
-17
6
185
-72
116
90
39
58
-42
-29
74
-57
24
21
5
35
65
7
-19
69
34
36
172
-4
85
-12
80
-23
97
16
11
-38