0
22
12
21
66
36
16
81
41
43
40
34
96
-5
81
37
34
24
7
38
43
32
-1
11
48
3
50
77
21
87
6
20
12
61
4
36
34
-19
44
-4
49
34
59
67
44
55
39
73
33
40
50
21
50
21
39
-36
70
21
12
70
26
20
68
52
59
25
25
38
72
6
44
4
19
20
38
73
-20
27
13
43
40
36
54
13
24
13
10
34
41
35
1
56
35
32
36
73
24
19
28
23
-24
23
137
35
39
50
-17
74
11
-10
24
58
38
16
36
-7
49
0
-44
52
22
49
53
61
26
8
69
18
55
41
37
33
22
19
2
-37
27
37
-6
49
6
35
53
-9
25
55
39
45
43
54
41
70
36
56
32
57
53
28
-9
39
-14
73
32
68
65
-45
18
4
37
7
59
59
73
40
51
-24
19
-14
41
64
18
38
25
69
89
131
-23
-28
10
40
-18
10
44
34
76
-2
6
16
35
3
83
5
64
40
22
1
24
22
40
18
2
18
27
35
106
58
121
220
-42
-11
-18
55
-11
-33
72
11
83
-10
16
26
99
88
80
-18
38
34
26
64
-9
24
-23
112
51
53
71
42
90
56
39
32
49
57
41
34
22
6
20
24
34
34
22
28
49
12
-5
2
37
42
26
64
-18
41
18
34
-5
8
36
57
76
49
28
35
12
36
21
9
24
12
0
7
13
35
28
68
25
56
85
-13
-17
-26
35
-4
-18
67
-10
27
82
34
17
37
74
65
33
45
51
1
24
54
25
59
40
24
29
43
32
67
33
65
49
121
56
0
-28
20
-39
-4
-18
42
11
58
23
56
18
60
82
69
96
43
90
18
53
18
33
21
48
12
-6
18
-3
34
44
82
7
50
33
-9
40
44
56
17
11
-11
27
22
37
24
40
55
39
49
82
51
67
60
51
57
50
18
8
72
-7
24
2
52
40
37
-14
50
91
21
34
19
17
-1
48
73
16
25
49
7
49
55
26
67
64
41
20
41
49
44
10
19
20
1
64
44
39
0
24
58
32
-36
20
85
9
17
10
3
35
-2
53
81
100
26
19
23
87
33
18
22
37
67
39
53
29
-2
43
45
20
33
101
59
55
-17
10
-1
-38
19
57
5
52
49
51
36
-24
29
64
60
-43
-60
16
11
66
72
33
57
7
41
72
36
64
13
5
2
34
40
6
26
28
8
12
32
50
22
38
73
76
96
99
-9
9
-37
25
-34
27
34
20
-2
72
11
27
37
43
28
64
50
40
42
22
17
26
48
58
34
-7
74
27
58
-1
36
67
48
58
54
8
25
83
16
4
2
36
59
68
51
2
12
24
-56
-9
70
17
39
44
55
22
18
10
69
12
24
49
28
53
35
65
-3
26
-3
22
-2
33
32
68
26
12
33
26
43
3
85
29
49
37
74
65
52
35
24
19
2
10
17
57
64
17
56
57
2
3
45
32
33
81
-19
45
2
4
34
32
24
36
28
-6
81
18
80
36
16
-8
21
26
-26
42
12
33
74
60
21
9
1
-2
34
-4
74
32
-28
38
34
58
50
39
43
10
32
6
74
108
74
49
48
-18
42
-23
48
26
-3
34
-1
8
44
-17
68
33
6
26
28
16
-6
21
51
24
65
40
17
10
40
28
51
39
13
37
10
68
5
23
20
20
10
38
36
39
52
35
37
65
56
164
118
121
65
1
-39
-13
-29
-4
26
8
11
50
10
39
27
27
56
-38
24
38
5
24
11
5
33
16
40
21
42
59
3
16
50
7
44
39
56
8
83
83
64
33
59
5
13
28
8
56
22
13
19
17
-13
43
71
13
25
43
61
55
38
-22
91
9
33
64
66
12
55
27
33
71
26
21
48
18
33
59
65
60
9
28
9
39
57
33
70
32
0
-19
16
-7
18
52
6
44
64
16
11
32
20
23
64
34
42
25
45
18
34
68
21
32
-7
70
-8
43
68
54
19
52
22
91
37
28
43
38
-2
38
23
28
2
43
48
48
29
42
-9
2
19
7
-29
83
44
16
36
-3
42
24
-6
87
83
42
24
35
18
80
51
6
39
37
59
26
11
43
8
39
24
28
-5
56
98
42
56
9
72
55
-12
20
92
-3
73
74
13
2
51
0
80
37
33
11
-3
16
0
22
72
51
-6
65
40
60
54
8
8
34
11
-6
28
36
18
33
29
39
19
39
55
69
-29
36
-19
40
36
53
-2
18
84
39
23
11
34
29
6
33
16
53
23
-2
71
49
17
42
1
45
24
25
36
-2
44
26
44
27
40
50
60
59
103
116
134
118
87
91
32
20
-28
-21
-98
-122
-123
-59
-84
3
7
33
35
54
89
39
70
41
43
56
4
48
83
74
19
35
34
42
52
25
29
59
-3