0
18
24
18
4
17
67
-3
23
21
9
29
-56
107
67
10
-60
32
25
39
56
48
68
43
60
43
32
32
29
-23
18
37
75
64
16
21
22
-1
48
35
39
51
58
21
8
37
54
66
1
42
9
10
42
19
23
23
48
34
24
-27
41
55
28
53
48
4
-40
10
-4
64
54
37
18
-8
34
21
21
41
73
72
33
-1
37
18
52
50
98
-6
6
48
9
11
9
52
41
44
49
70
23
-9
90
17
27
26
56
43
43
18
16
19
36
25
17
26
28
-5
48
21
57
48
21
22
9
37
58
25
41
34
52
35
42
35
9
44
75
39
45
42
40
82
27
20
24
-2
38
17
28
6
64
7
50
44
68
12
12
38
8
11
33
40
26
56
50
76
33
35
1
17
57
-5
-8
85
11
24
26
36
36
10
3
11
12
55
27
8
40
59
76
9
20
48
51
5
34
-8
-10
-9
25
17
11
-28
71
64
-6
-13
9
16
67
40
27
41
23
50
65
23
84
27
27
10
16
53
57
0
1
0
53
88
28
40
0
43
71
33
39
18
34
40
37
38
-28
56
68
50
6
40
21
21
33
13
-42
-5
58
25
60
-10
25
13
13
86
55
5
32
43
35
33
18
28
2
64
60
40
6
8
35
28
11
26
6
-2
54
-5
26
67
68
28
36
22
50
12
58
26
8
10
58
-2
32
52
21
21
6
58
22
51
45
56
40
84
23
66
-9
33
40
21
29
25
51
43
19
2
5
73
21
39
71
1
56
26
29
-3
-1
21
41
23
41
26
18
16
73
54
19
108
52
8
50
101
27
50
20
22
-18
-38
41
2
0
3
8
37
40
-8
51
16
32
44
40
-3
-7
40
10
64
53
23
60
41
53
36
18
52
65
22
42
29
56
54
11
35
21
19
42
28
32
55
38
28
6
51
28
20
28
32
-10
20
27
11
40
38
59
37
23
40
82
11
58
48
17
20
19
32
4
6
4
84
27
99
6
41
90
70
18
20
32
9
28
-36
1
33
-7
20
38
61
42
73
33
4
36
32
3
-2
4
73
36
51
44
64
40
28
71
21
4
35
5
-4
56
16
87
6
13
37
32
102
24
43
-19
17
24
26
45
25
8
38
59
39
49
38
17
12
34
76
2
52
26
67
37
25
34
27
3
59
1
3
39
48
38
44
52
22
12
42
19
25
26
29
26
51
42
41
-3
-20
29
44
20
80
6
28
-5
50
0
40
5
83
-4
12
40
85
52
-13
-3
18
48
36
71
42
25
57
12
11
25
24
25
38
19
39
33
45
48
27
41
-20
22
24
69
56
44
51
36
41
41
67
35
33
24
69
57
20
50
22
-11
5
44
36
3
16
48
33
32
42
2
35
49
64
29
49
-24
-2
37
49
-10
27
-4
40
7
65
36
60
56
10
-6
43
28
69
26
48
22
5
36
26
9
41
64
26
42
27
4
21
16
104
49
51
-17
0
27
17
44
4
50
22
13
-13
18
55
24
48
50
38
17
57
35
49
25
10
22
43
53
39
32
25
43
57
24
39
28
37
49
13
4
34
38
13
55
26
-20
49
28
0
-6
21
64
42
54
38
3
71
42
61
42
48
23
38
40
-8
25
1
-3
25
19
44
60
34
8
13
-11
43
34
48
39
1
26
50
2
38
65
17
44
89
86
64
0
22
34
50
28
60
34
41
-21
55
40
20
57
41
25
21
48
6
33
58
26
4
28
0
53
13
26
17
54
23
72
51
56
44
5
4
70
21
81
28
32
25
49
35
5
21
10
7
28
36
5
11
34
27
75
32
-18
40
-2
55
23
20
23
37
75
-13
16
56
12
36
29
89
28
-22
29
7
37
64
16
7
72
23
58
66
41
2
32
-18
44
18
-6
22
27
71
5
35
39
25
68
163
65
74
56
-6
-21
-76
-17
17
23
37
-26
76
102
56
49
-18
56
64
48
41
58
2
92
76
-2
-2
34
52
38
42
9
60
-6
48
64
17
48
64
117
82
22
-25
-4
-2
-3
26
20
53
38
-22
1
-18
49
76
27
19
55
50
11
52
-18
55
10
41
72
-21
58
43
37
0
-28
35
101
-3
41
23
36
40
21
80
22
11
-23
41
6
20
57
29
-14
58
16
23
85
43
83
44
18
33
4
40
10
55
6
29
35
60
20
11
53
65
82
41
-11
-10
76
25
18
32
13
-2
56
41
27
22
0
36
56
25
70
-19
4
-9
-3
17
-11
75
44
60
27
56
48
48
0
-14
33
18
23
27
41
8
92
38
107
83
-34
32
-42
11
54
64
58
13
9
38
-11
4
50
17
21
29
36
53
74
23
99
90
-9
4
26
13
1
88
-7
48
20
21