0
-146
-109
-36
-67
-6
23
53
101
135
86
150
123
40
2
73
71
25
43
52
22
77
41
17
0
-6
34
56
50
7
39
41
54
51
25
49
-11
80
23
43
55
60
80
-34
34
70
29
64
58
26
18
-1
51
-42
44
20
49
12
40
32
8
44
-9
71
59
28
67
7
25
38
58
36
-1
9
8
25
55
24
11
45
42
28
-2
58
-9
35
32
10
21
-34
34
71
17
50
3
11
-10
36
39
38
48
32
68
98
12
38
9
24
42
-3
34
70
19
20
-25
-6
61
2
41
81
-12
38
10
86
3
-1
38
75
9
0
36
5
58
40
23
-13
56
43
105
22
44
37
54
56
60
83
4
6
88
-34
39
75
38
-35
17
4
20
88
29
39
5
100
22
18
37
-12
7
-26
67
-28
34
164
103
37
7
-6
-5
57
18
-7
23
-2
2
18
27
22
9
32
34
48
89
28
96
74
83
-21
20
-11
70
5
75
17
26
8
32
67
11
16
10
-27
-6
44
7
-2
39
83
67
16
25
10
33
37
11
40
28
50
25
49
69
51
86
4
92
80
101
12
-5
-84
-139
-100
19
6
128
112
-27
24
54
77
42
100
81
91
60
-21
-53
45
74
37
70
115
-26
96
53
49
102
-49
141
-23
-4
-87
60
25
41
16
64
-67
70
16
24
-21
44
76
18
68
1
-20
38
3
44
40
2
58
53
3
38
123
-30
56
12
81
39
12
-7
17
70
26
43
56
27
19
59
-7
2
34
92
29
16
-37
33
68
54
8
40
76
-5
-42
22
65
21
53
12
96
43
33
20
57
7
26
35
38
7
76
27
9
20
16
10
35
56
41
20
74
-58
44
60
68
19
66
16
-60
132
42
4
18
52
17
6
44
28
180
40
102
2
-72
64
-2
41
-2
25
-13
5
21
50
23
57
66
75
59
60
-7
24
67
73
77
5
10
74
-7
12
35
-43
11
-37
3
106
58
5
10
-30
8
-25
-4
8
23
25
41
19
50
51
5
11
-3
9
141
45
20
6
24
-33
43
75
49
73
66
26
21
137
279
377
228
259
109
-84
-130
-179
-243
-151
-140
-62
-56
-74
-49
-6
-37
61
51
-36
43
77
-10
-3
34
4
120
16
77
55
48
75
37
89
76
40
29
38
20
0
26
19
88
-7
28
5
55
39
53
-3
64
23
39
-19
51
55
-4
84
33
-24
-29
-5
57
43
48
48
5
40
55
74
58
-9
129
8
88
41
53
-8
51
65
53
-40
33
17
86
-18
34
12
22
27
48
10
60
52
4
51
5
26
33
16
4
50
26
-8
9
-12
18
58
34
35
12
22
6
58
25
57
48
33
76
40
49
33
59
33
45
6
25
26
28
7
3
-3
21
29
58
0
10
4
38
22
-30
-11
41
17
-34
43
60
84
70
18
180
201
57
53
83
44
52
10
-13
-69
-68
-29
-3
-57
38
24
48
86
-7
21
72
106
49
92
75
40
8
28
49
-25
-2
4
67
-54
6
27
50
36
0
36
4
66
12
4
-4
43
18
35
16
105
18
28
24
69
77
58
26
86
87
22
38
44
39
9
25
45
1
48
49
17
72
27
42
-4
33
37
40
20
18
-4
17
55
16
43
35
24
19
1
40
38
37
76
-12
-4
20
34
58
34
-12
13
51
12
27
39
10
34
2
55
3
-5
11
56
64
-7
-9
10
10
12
73
60
25
-11
32
17
28
70
43
20
54
42
44
42
39
73
33
7
40
43
26
44
-6
72
4
53
17
48
34
49
44
8
77
84
16
1
22
48
6
24
37
12
59
53
64
43
40
37
24
22
52
56
40
28
7
48
51
-3
36
24
57
2
70
38
33
2
58
60
77
4
12
18
57
16
36
59
86
26
-3
57
16
26
17
48
51
-26
24
-1
-6
38
77
-4
52
76
-39
24
36
26
58
-3
16
28
51
39
-9
58
51
5
-35
71
37
16
18
12
68
44
2
73
3
82
39
64
86
23
23
48
70
44
27
72
16
55
67
64
-10
-22
86
42
34
42
10
70
80
26
36
-7
26
48
25
8
56
13
-8
26
44
27
29
23
2
52
29
11
-5
24
38
10
75
10
38
29
-2
5
-1
23
49
-17
48
20
12
61
4
7
49
7
67
57
41
8
21
43
25
55
53
56
43
33
50
49
32
3
25
16
74
25
34
50
21
23
23
34
66
84
43
-2
43
-13
44
-9
50
17
35
42
53
3
21
21
9
34
33
21
19
1
28
105
37
-10
6
70
19
38
35
25
50
61
17
7
53
65
3
49
67
17
19
44
-6
58
17
12
49
28
92
42
-1
51
40
42
76
-2
23
10
49
40
24
3
19
33
48
34
40
44
37
-8
-3
49
10
34
53
20
22
-3
22
-10
73
27
50