0
83
83
12
32
5
42
38
27
10
4
75
22
-67
74
49
41
49
24
40
11
-18
72
18
65
29
28
57
49
20
72
20
38
54
32
18
7
58
13
39
11
44
18
10
13
76
0
24
-2
4
5
5
6
50
44
75
39
49
-28
11
87
49
65
24
39
-2
1
44
23
24
65
17
0
20
50
12
38
58
45
60
60
33
43
-1
18
26
3
16
20
41
-1
34
59
36
34
16
34
8
41
-17
11
21
19
43
25
76
-3
27
40
-22
35
49
22
19
34
60
16
54
32
2
40
55
91
24
18
67
-12
40
41
24
41
41
69
28
21
26
33
54
-1
33
20
51
66
-1
55
39
23
5
22
69
42
35
48
6
40
68
34
21
-5
71
16
29
23
39
32
55
44
17
0
27
24
68
43
38
10
44
51
49
26
-26
4
37
18
36
19
17
69
42
48
66
68
36
38
25
52
53
11
67
53
116
124
136
129
55
40
-67
-123
-130
-83
-57
-34
-13
-20
18
33
42
44
57
40
74
71
39
21
45
32
22
53
33
37
56
44
11
65
34
6
23
51
37
27
52
17
36
4
28
38
57
10
9
40
7
36
66
33
18
32
-13
55
50
-6
4
8
40
13
28
48
35
42
23
-3
34
75
28
59
43
21
38
22
54
-27
58
19
22
28
25
36
39
38
26
50
18
51
67
33
38
20
28
-7
38
67
40
41
27
10
43
10
7
20
45
29
10
27
35
40
51
19
33
11
-17
41
18
-26
50
10
43
35
28
19
50
32
13
82
12
16
5
12
44
42
40
32
60
33
65
-4
29
32
58
32
59
24
59
20
22
41
53
0
5
20
5
74
16
36
12
37
10
24
42
67
11
49
26
21
23
17
33
59
35
8
32
33
23
64
38
54
67
52
-14
5
11
49
-7
26
81
50
60
32
41
12
44
59
28
67
50
28
8
73
49
26
28
1
-13
23
12
-22
-1
38
24
48
27
33
59
68
48
10
13
34
69
-13
38
9
-21
-4
32
32
21
25
42
83
23
13
74
6
6
40
12
11
36
25
43
41
19
33
21
-23
23
55
22
18
64
44
91
53
51
163
117
32
8
2
-6
-18
-21
-3
82
3
49
55
-3
74
19
29
76
33
8
50
28
57
66
56
11
4
16
8
20
4
55
33
25
-4
35
59
21
57
32
1
37
23
25
42
27
9
48
26
57
51
1
49
64
17
23
5
36
50
61
33
8
39
49
53
-37
99
12
4
40
-3
34
49
42
8
28
102
1
-4
39
53
4
42
64
48
65
18
43
19
35
3
24
38
-3
26
19
44
52
29
12
33
43
40
48
57
19
-6
27
34
0
1
76
36
37
75
9
37
81
55
2
-10
36
12
49
5
-2
25
5
28
12
-5
11
64
19
38
64
-11
10
-4
8
37
9
82
32
25
44
81
201
124
6
-24
7
-25
-10
5
185
157
160
49
-26
-55
-12
-52
-53
-73
8
-2
67
50
52
81
106
72
8
-10
-4
-10
52
4
86
5
41
69
20
2
49
58
40
41
66
90
28
17
7
22
37
67
7
38
34
4
49
24
43
32
50
56
9
12
-4
24
19
-7
56
10
50
51
56
28
51
64
71
28
28
7
42
33
-25
60
45
54
8
5
144
88
70
-12
-21
-11
-61
-36
10
37
21
48
59
43
23
71
56
18
41
-26
-8
25
-13
34
45
20
19
67
33
56
64
39
17
16
18
-37
39
48
43
40
24
36
22
19
-18
49
34
58
26
50
2
73
40
65
-34
1
28
42
39
33
40
3
28
7
12
58
40
-12
16
13
25
42
12
50
39
42
40
36
65
25
28
36
34
26
22
27
17
44
44
42
64
21
9
53
-4
9
10
-4
2
27
54
54
37
2
40
11
0
18
34
-5
38
36
36
41
60
0
57
18
9
48
57
48
38
27
7
59
-20
26
16
44
53
12
52
42
49
42
6
7
27
3
32
53
43
19
-37
64
11
25
38
25
41
25
48
59
34
8
57
41
54
70
53
34
-5
17
23
42
26
56
12
51
26
39
18
25
55
28
5
23
35
39
21
54
-18
4
59
26
-8
-18
16
11
75
84
34
24
73
12
60
59
4
38
-1
2
33
42
32
44
32
26
34
33
87
12
6
28
-5
76
65
56
28
56
16
-18
-6
34
3
29
-11
76
21
29
8
-3
81
24
118
22
3
49
76
58
33
77
86
16
-10
17
-6
28
7
22
41
35
48
76
3
19
18
43
55
61
3
50
34
54
45
41
57
-7
-3
25
-5
4
37
50
52
5
44
4
-9
91
43
36
48
19
71
21
28
44
4
-4
-3
36
23
72
40
24
39
25
2
39
52
16
27
-27
43