0
-36
104
-19
32
88
-6
101
36
25
25
-20
-3
86
12
-1
52
33
-5
49
-73
65
27
4
71
41
28
34
10
9
59
48
17
7
38
-13
25
-20
72
53
82
37
-41
102
-82
55
52
45
99
55
-12
-13
12
75
61
48
-33
120
37
10
10
-14
24
5
2
59
28
66
-38
108
34
35
18
109
22
71
6
18
8
36
-18
25
25
26
-55
28
104
-5
29
44
73
-9
-42
38
25
67
10
56
42
41
38
60
-26
80
-4
22
17
28
168
-44
33
72
61
6
8
-7
59
20
-7
-22
102
-12
86
2
91
-58
97
66
12
75
64
-26
58
29
86
-2
9
75
9
44
3
24
6
35
10
29
-49
24
9
44
135
32
85
81
-18
50
41
21
56
53
13
20
2
38
-11
82
-2
33
83
23
-8
87
-4
22
11
41
35
38
-51
22
80
-12
64
53
58
48
-23
10
57
-12
69
43
-33
163
18
24
36
26
9
76
-6
25
-17
70
-1
131
49
-8
76
56
24
1
17
83
68
23
3
105
-2
51
54
-20
112
28
74
54
99
-5
-25
36
80
21
4
-6
86
38
11
5
29
36
55
90
27
-25
81
70
80
8
28
-20
18
61
27
-11
-21
57
59
39
-35
68
4
54
20
93
7
9
27
57
-8
24
45
80
28
28
-7
121
24
39
7
20
19
9
57
25
52
3
-46
85
8
75
-41
-4
28
40
35
-24
71
83
37
53
-12
42
55
-22
24
49
8
64
27
-2
18
58
5
-11
23
20
85
92
44
128
-19
108
2
11
24
51
-8
81
-22
4
34
100
67
42
-1
26
75
56
-26
64
-36
38
43
55
58
24
-10
7
65
33
20
12
21
28
26
108
7
36
-38
48
27
66
3
41
50
-3
67
16
23
2
84
91
34
99
35
44
68
18
-52
-17
69
49
0
-7
27
23
29
28
-9
25
33
42
11
-11
38
-49
-38
-11
27
11
96
-11
87
50
19
51
-7
25
53
-7
55
24
57
-41
26
26
49
38
75
42
1
6
89
21
1
12
49
56
-8
19
-70
91
56
-8
64
57
32
-17
101
38
-2
11
60
18
0
12
-19
25
7
37
53
-2
7
50
59
6
-27
3
37
16
75
22
7
81
26
53
-2
92
-9
42
1
10
39
8
45
20
20
-26
81
20
7
-1
69
37
41
4
-4
77
-23
53
33
65
32
5
67
82
-17
69
-28
26
-9
28
-11
26
8
61
44
-54
24
42
-14
-5
-52
6
-10
73
-40
44
29
91
69
2
5
45
87
40
58
25
53
29
49
28
96
5
74
-56
74
51
27
11
73
44
76
44
40
-41
23
8
-33
25
72
-10
54
35
59
-3
32
34
38
133
1
51
40
39
36
38
61
24
1
85
5
59
52
17
-30
11
-61
93
-2
76
11
128
35
-22
42
40
6
-22
16
88
20
12
6
52
77
5
-12
39
106
-27
42
72
-43
80
24
-4
12
87
-5
66
5
60
-3
48
64
93
-36
52
43
148
105
145
25
137
23
82
28
42
4
-53
183
100
-2
76
52
-122
-136
-189
-101
-243
-167
-210
-125
22
204
36
194
327
-24
39
113
70
35
42
212
170
33
-26
164
56
72
-5
118
161
26
-19
-76
41
121
138
80
188
34
-6
-3
43
-24
-51
-28
-24
161
11
-39
5
-23
22
36
56
-88
149
85
56
-12
155
67
56
-39
3
116
132
-71
80
-24
3
-23
17
72
39
69
58
61
42
-23
-14
-55
9
156
-6
23
25
71
74
11
32
26
54
98
20
66
44
28
16
83
72
35
70
13
-9
2
-52
20
98
84
102
20
-35
-92
-27
-21
-2
29
27
87
75
58
41
64
54
26
48
38
10
75
81
45
84
2
89
54
-35
-2
59
38
54
33
113
-8
22
-5
-37
38
19
28
29
20
19
11
40
12
81
40
26
40
27
123
-39
77
104
73
44
-74
4
9
57
52
45
86
12
153
5
92
-27
18
22
-24
-12
10
64
12
40
20
22
53
-30
-19
39
20
-7
67
25
50
2
-27
36
48
17
39
21
28
20
29
11
16
-36
-57
44
-42
50
4
26
12
-6
27
-1
20
9
60
42
56
76
56
43
54
83
82
4
56
8
24
17
65
59
35
56
132
107
60
48
-1
-2
2
-10
10
26
88
7
2
-2
-7
-1
60
52
53
23
25
44
-45
8
61
-6
38
23
48
41
24
66
76
21
4
39
52
13
-10
48
-18
6
80
20
10
70
9
35
20
64
38
8
36
26
60
17
51
59
41
48
57
43
28
24
23
4
-3
-27
40
48
39
21
26
60
-5
35
35
8
57
60
32
28
18
54
66
52
25
35
16
2
88
40
67
48
64
18
-3
16
40
66
54
12
10
13
42
-4
71
44
17
76
55
29
73
40
44
10
56
44
40
44
33
49
51
18
48
-9