0
-13
26
32
35
22
45
12
21
48
0
43
32
17
21
0
74
13
42
52
51
49
18
35
-25
-12
11
21
64
70
38
3
45
36
22
39
37
85
51
60
55
67
55
28
69
41
22
35
5
61
9
36
-8
69
6
43
21
20
-25
36
65
8
12
16
18
44
58
34
20
58
36
8
26
-3
56
-21
26
54
5
1
9
213
135
26
-13
-14
-2
-40
26
29
32
17
3
6
64
38
5
-4
45
3
39
12
48
26
13
27
44
25
48
67
-13
20
19
81
34
49
11
137
87
9
-33
-22
3
10
19
49
13
26
40
44
40
59
25
7
18
9
23
50
64
54
71
73
37
50
50
2
116
57
35
52
-3
45
22
11
57
25
17
17
-18
-3
83
54
55
72
2
56
24
17
21
37
4
65
39
6
70
53
51
27
2
21
40
57
-2
71
27
98
106
135
80
28
-18
-72
-60
-99
-13
70
189
114
-5
-51
-91
-25
10
16
72
28
60
42
-23
-86
53
60
98
70
82
61
100
88
85
87
44
7
-24
-30
-2
-7
26
12
37
107
116
284
81
9
-34
-52
5
52
-18
-5
16
-10
20
82
49
89
25
19
2
40
6
34
51
57
-38
-5
-26
58
74
25
83
48
-7
37
117
44
6
6
43
-5
21
18
-2
64
96
-1
35
26
22
18
55
24
53
-4
57
24
23
84
26
23
54
28
60
32
45
67
-14
26
52
49
49
65
61
19
23
18
18
41
19
53
0
9
-11
16
27
11
44
42
50
48
58
12
70
34
73
19
25
0
17
26
12
-5
102
36
-2
37
41
-21
43
38
17
48
21
58
-4
25
20
70
84
-4
32
25
52
2
51
37
43
5
12
74
50
29
19
21
73
65
-8
39
33
28
74
25
22
61
26
27
2
55
-5
34
4
44
-10
58
29
55
10
-9
45
23
19
16
26
49
-5
22
-28
92
27
66
44
27
35
2
33
59
41
50
10
6
26
57
25
-4
9
11
76
24
76
61
55
70
55
87
9
-30
-40
-50
-21
36
20
-12
-10
-40
49
11
2
54
26
34
18
49
27
80
6
3
8
36
2
55
52
43
53
39
43
54
7
33
64
87
112
193
134
169
32
-102
-105
-101
-104
-73
-55
-23
-1
32
56
64
40
51
69
50
83
53
41
73
10
32
59
38
17
59
5
34
48
-5
53
22
37
16
57
5
53
-5
26
64
8
96
4
69
25
38
28
23
-12
8
39
35
23
57
52
-9
51
48
16
1
12
24
85
11
41
-44
28
35
10
34
42
3
32
2
2
25
85
16
-2
54
45
35
-6
10
11
38
-4
-3
87
21
50
36
16
52
41
33
48
75
38
57
54
-6
-18
12
50
24
9
12
38
17
18
23
2
26
33
20
41
20
11
-20
11
48
57
49
-7
69
48
40
-23
83
51
35
107
83
41
72
52
43
27
36
22
-17
11
38
20
27
21
40
-21
82
104
57
16
59
18
9
49
-3
41
-25
8
1
12
71
42
51
36
41
-1
6
39
13
72
27
8
72
73
24
24
7
5
66
24
61
34
12
18
10
-20
54
61
8
12
16
-7
39
11
-3
72
88
33
40
10
25
7
10
53
16
66
23
-3
18
-6
3
41
-1
4
65
4
1
75
70
1
53
43
-19
48
-11
50
57
74
2
42
26
24
5
4
69
-18
35
9
4
-9
2
43
92
0
49
23
42
44
21
23
60
66
56
60
53
54
35
17
54
-8
35
21
22
6
26
16
1
48
28
41
36
7
20
11
-18
33
-8
64
72
12
19
43
4
10
52
27
39
4
55
83
41
26
25
25
25
9
42
17
57
-10
6
9
34
86
22
67
28
26
19
-18
45
19
20
48
70
60
24
2
39
50
87
76
18
24
17
27
-20
-1
16
44
-2
18
50
35
80
17
81
100
16
19
28
13
50
37
74
-11
23
33
34
19
-2
51
40
22
26
43
40
32
0
44
56
33
68
26
20
32
38
32
57
45
26
25
45
43
22
24
45
36
10
17
13
34
22
0
105
18
73
7
11
25
74
26
23
17
25
25
67
5
98
3
1
88
35
34
13
27
-13
58
41
2
-5
48
49
57
-18
-10
10
2
42
9
12
26
53
116
37
87
39
-34
-19
-21
13
-27
22
19
24
106
90
104
91
8
-33
-27
-2
21
104
182
88
11
32
-33
-2
32
22
44
51
87
19
-7
57
-22
20
33
48
56
27
56
7
-17
25
16
-19
83
68
85
20
-9
17
55
19
53
5
11
12
100
97
44
28
5
16
48
34
28
21
0
-37
42
44
35
0
68
-4
29
12
72
68
42
32
68
7
18
8
24
3
218
216
216
296
29
-19
-145
-76
-84
-104
25
-12
6
24
17
-5
1
85
69
58