0
24
20
27
56
4
43
29
22
-19
76
42
49
29
26
49
-40
-10
56
36
23
69
9
13
61
48
22
16
40
33
77
16
43
52
58
41
21
29
33
51
21
33
67
23
5
51
42
25
10
28
-10
9
64
-23
36
3
64
52
53
9
17
36
32
58
34
0
48
-14
-2
32
32
9
26
41
64
22
33
51
-14
87
34
20
5
4
85
53
20
49
11
17
98
26
37
10
37
69
28
-67
40
61
43
-26
12
24
34
20
5
9
28
29
49
36
3
36
58
64
38
7
36
55
48
16
-22
21
18
22
26
32
35
21
50
55
18
28
36
41
3
37
52
50
2
1
-18
49
43
12
21
57
71
43
44
32
25
-9
-1
36
72
19
27
44
33
58
67
28
21
37
52
33
32
38
-8
29
68
36
35
28
-8
59
58
40
80
49
43
36
70
75
-7
-6
25
27
61
18
13
37
-1
66
19
38
54
-3
20
49
44
50
28
57
11
11
37
49
10
-23
38
29
40
5
37
24
51
-5
53
10
56
29
9
48
60
91
33
22
23
-38
24
42
57
40
58
20
23
9
23
27
-4
54
3
113
74
-8
48
32
25
25
34
17
72
22
10
35
43
53
32
52
8
52
36
50
52
34
56
23
3
23
3
33
35
11
11
28
40
-7
8
11
58
34
64
7
-5
27
58
-4
10
54
60
16
26
43
-21
11
44
32
9
1
35
64
76
24
53
43
5
45
28
58
58
72
11
27
57
23
-1
51
36
28
54
-33
37
21
32
22
81
12
-3
49
66
6
17
39
25
21
49
-3
23
9
105
38
44
-26
27
80
60
25
35
32
-6
74
69
34
29
36
9
17
50
54
-5
61
26
48
65
85
21
18
72
5
74
34
44
48
37
7
23
75
44
17
49
16
4
26
58
64
37
12
28
76
45
17
43
29
40
74
50
53
-42
-1
55
36
20
41
53
-1
64
25
34
49
39
27
50
-4
33
-17
32
51
20
-5
55
-28
24
68
16
51
8
58
40
58
12
26
20
26
40
45
39
2
69
48
0
64
36
-8
32
-2
23
17
34
64
40
49
53
24
22
10
22
8
-4
17
18
44
44
19
44
34
22
65
21
38
38
60
33
73
25
9
26
9
68
41
12
17
26
11
49
32
56
8
23
-34
57
33
6
20
22
71
71
25
24
43
70
22
42
22
80
26
85
4
44
48
3
9
-7
35
48
12
36
58
35
50
8
70
13
17
27
24
29
-5
34
-8
59
56
21
45
43
17
56
26
26
49
10
-4
10
81
25
57
61
50
-11
5
10
27
32
68
20
37
-41
58
36
29
57
4
19
36
38
81
-23
-26
19
10
75
33
44
28
57
37
-2
28
-3
52
16
38
33
18
64
34
12
32
52
-4
39
48
45
68
52
34
42
40
39
29
40
-5
55
32
26
56
49
48
37
20
49
25
10
29
-20
73
7
40
52
48
28
12
49
22
40
-38
-2
22
10
104
27
27
19
-1
22
55
25
10
64
41
37
-5
36
53
9
73
28
50
100
77
16
12
8
81
33
27
-49
-4
96
70
61
-1
9
8
6
21
-2
20
1
36
16
69
68
20
75
-7
48
48
28
43
8
33
25
23
-7
19
-21
35
22
22
1
32
40
28
-13
4
0
83
13
28
66
43
34
83
28
220
152
-18
7
11
-9
44
-86
-21
35
53
48
26
-35
108
71
9
72
-43
26
106
6
3
122
99
183
186
53
-54
-5
-55
-60
40
-35
-65
38
17
24
32
-5
7
105
37
-12
-7
-27
56
19
16
3
51
25
44
67
4
17
53
100
32
-1
9
1
71
64
23
42
25
34
6
33
57
10
-45
3
-58
22
-28
55
89
65
38
53
90
56
76
51
8
23
12
32
17
21
4
73
22
58
67
18
17
23
53
19
39
43
27
43
9
13
67
26
53
34
-1
12
19
39
32
85
76
32
23
58
-6
16
32
-21
12
67
104
101
56
-10
34
3
10
-34
0
27
1
-33
11
32
67
53
36
4
22
3
73
37
27
29
25
36
4
1
10
85
35
-10
44
19
21
35
9
80
70
57
27
25
53
8
34
40
-4
10
41
53
29
40
24
45
71
51
21
-26
37
17
29
69
-26
83
60
27
70
18
24
17
11
20
-9
57
52
35
36
17
1
5
65
38
24
51
64
52
12
3
22
38
25
4
35
40
54
38
28
32
13
23
11
-4
35
60
12
18
21
59
49
33
25
42
17
-1
58
16
66
20
56
41
37
17
16
-22
17
40
32
48
73
57
28
20
27
3
-26
0
6
22
-7
57
41
21
42
13
56
65
61
12
23
20
-2
32
34
61
23
3
13
3
70
25
39
13
16
55
23