0
39
6
23
18
27
60
8
26
54
27
7
41
54
11
33
28
90
36
37
21
43
27
84
57
50
22
-18
7
11
5
-3
1
13
24
49
57
42
19
32
68
36
5
81
8
26
59
73
70
36
26
5
56
4
27
-7
26
65
29
81
22
85
21
6
28
4
-1
32
16
38
10
19
39
39
-8
28
44
41
-10
21
5
18
43
28
35
18
18
35
34
54
20
4
49
22
17
43
43
7
27
40
-33
12
10
43
58
20
66
42
-10
-1
17
40
27
86
44
36
89
160
137
106
7
-9
-45
-26
-55
-42
-21
2
-8
2
24
69
55
-18
0
90
112
84
73
20
-13
29
27
45
55
-5
45
36
89
35
-14
-11
25
71
27
38
-17
33
68
48
18
19
-13
-29
-2
-17
-28
-2
34
25
35
52
24
71
50
32
17
67
22
72
87
9
35
19
49
44
58
19
25
65
80
3
72
58
41
41
-24
16
-4
-1
12
34
-3
21
53
24
81
66
42
24
40
25
48
3
23
67
32
26
41
7
71
11
27
2
34
21
33
19
24
28
60
22
11
38
28
12
55
40
43
36
0
20
42
13
-8
24
7
42
25
12
19
51
-10
42
23
56
76
-23
41
60
71
6
41
21
-6
60
54
43
21
33
26
27
74
80
49
5
28
-9
11
92
104
40
19
9
56
82
40
19
87
29
53
-3
70
24
40
59
96
65
1
-10
67
66
11
9
42
25
17
11
51
5
59
1
18
41
1
59
74
36
35
9
28
8
34
44
39
4
10
19
64
41
74
17
25
91
58
18
12
-4
-18
32
32
37
58
-22
37
-9
11
9
39
17
32
24
3
-5
42
22
61
20
50
37
41
-6
-19
17
44
28
-20
38
36
26
56
20
88
106
121
155
42
-27
-38
-9
36
38
102
92
129
4
-52
-12
1
4
25
54
1
-5
146
85
52
-25
55
-3
26
103
104
76
6
82
10
-2
22
-4
4
65
37
19
-6
57
21
56
44
51
39
81
59
53
65
59
86
-8
-3
17
-7
22
12
21
69
11
27
-2
-26
53
-19
21
32
64
81
23
66
58
65
71
56
36
32
27
70
35
26
37
19
53
24
36
17
6
9
40
39
-6
13
9
37
36
-14
26
10
26
20
32
53
56
48
36
-20
83
12
69
21
25
6
25
28
17
-3
29
39
18
57
10
2
80
52
235
154
112
-27
-52
-94
-52
-37
20
9
-23
71
3
42
26
23
17
51
4
-6
10
-19
39
45
51
102
67
54
51
40
51
8
51
5
35
43
22
55
24
61
11
16
73
6
65
42
53
91
49
-5
36
16
-9
48
17
35
20
9
27
37
5
44
55
85
-24
-14
3
18
51
-9
58
27
53
52
34
67
65
9
3
43
61
-37
19
71
9
28
90
-12
96
43
43
2
81
18
88
131
37
-26
3
35
34
-27
4
-74
53
33
58
81
53
10
24
33
39
57
2
12
9
-33
-27
40
41
27
36
51
22
6
24
9
27
64
51
27
36
32
36
17
2
13
123
16
52
36
64
85
22
36
16
7
37
10
4
37
20
37
38
88
50
24
57
34
92
42
-11
21
49
28
-5
6
33
40
64
37
44
9
51
51
48
20
77
39
26
33
22
75
7
23
35
77
55
22
37
18
61
60
48
-17
2
44
-24
10
2
76
32
50
23
45
89
35
9
27
80
26
23
-6
50
40
60
57
38
-8
33
54
22
11
35
-5
28
0
11
34
19
28
28
-7
19
85
65
91
35
1
10
64
18
76
-19
50
21
18
80
8
-5
71
52
29
60
6
23
64
41
43
33
18
2
60
21
34
34
7
66
39
45
58
49
20
37
53
23
0
23
18
42
-20
49
56
-1
57
32
52
66
4
35
3
18
33
19
-10
64
9
40
25
21
41
1
42
39
44
26
51
88
-4
54
21
44
23
27
23
51
20
37
44
42
12
33
32
26
39
3
22
18
17
20
27
55
19
42
25
54
49
50
48
21
22
38
-5
20
16
69
54
52
40
8
27
18
39
41
56
50
52
27
10
28
6
11
50
36
21
-9
-25
6
49
24
49
-3
27
11
50
12
50
27
39
21
29
28
-2
-13
38
22
52
-19
5
25
48
58
44
58
37
23
51
25
18
22
12
25
102
18
12
22
10
54
58
19
37
69
26
7
12
65
56
34
18
2
-7
99
-6
44
22
66
7
19
49
67
58
56
56
41
80
41
12
39
76
41
0
16
49
85
29
17
48
25
-6
55
23
37
57
39
23
-3
-1
-6
44
22
42
73
44
56
19
32
44
17
16
32
54
-2
0
20
53
39
19
23
18
8
43
38
10
49
37
22
20
48
37
41
-4
34
35
65
82
70
-29
-13