0
34
51
9
20
56
52
92
32
64
-7
49
26
-10
20
43
23
41
72
0
37
5
42
44
55
71
51
-4
-14
5
43
7
4
0
42
28
36
66
32
65
64
53
34
44
10
36
-17
55
-20
16
28
24
22
71
6
28
35
-10
34
34
34
32
48
39
33
42
24
70
17
42
34
12
42
16
56
22
65
17
68
20
23
37
23
42
5
24
34
12
53
9
86
148
44
64
-24
-2
-94
49
13
0
7
7
21
59
60
-2
45
37
54
69
91
1
82
100
17
24
34
23
72
35
67
27
70
19
20
9
32
28
25
25
10
48
72
2
28
38
48
8
20
41
1
16
97
124
210
152
139
44
-4
-122
-108
-113
-107
-51
-13
7
-10
40
51
54
53
68
64
32
76
26
76
20
1
55
52
24
37
41
56
39
38
11
39
41
25
39
33
12
27
41
37
18
21
-11
12
9
33
36
17
24
51
91
12
24
-40
-6
19
22
58
0
33
-11
23
36
102
70
76
49
55
41
28
85
35
26
22
76
34
50
65
24
68
7
0
37
16
11
48
89
74
20
60
53
28
-25
29
39
29
53
12
39
35
35
28
50
23
18
27
-3
13
27
42
-2
26
18
21
6
20
70
77
4
-23
11
3
-41
52
36
26
26
85
42
34
45
43
18
81
49
55
38
48
54
16
27
6
3
19
60
19
114
16
8
45
18
34
1
71
77
9
11
69
55
33
-2
17
22
44
24
81
27
33
41
11
-4
-10
51
76
8
6
52
7
-20
36
66
59
59
60
-19
75
-17
25
35
19
23
3
23
1
56
69
4
18
2
23
-3
2
5
21
33
53
25
56
72
40
66
6
21
16
51
24
48
36
82
45
26
-2
-8
16
82
70
25
72
35
16
36
52
-20
6
18
34
52
69
87
102
73
49
93
113
136
114
19
16
-88
-38
28
-26
77
64
84
-2
21
-29
21
40
-18
43
12
-9
0
-34
-34
-20
65
81
122
35
80
33
35
34
29
35
44
40
3
34
8
172
89
122
25
-28
-34
-33
6
3
44
18
-10
16
-3
35
27
-1
38
1
27
69
75
41
36
76
65
12
53
-12
-36
26
-72
-19
80
52
44
-13
69
92
38
45
33
45
52
54
75
56
-4
8
-6
-17
1
84
60
90
8
-55
36
103
55
6
68
66
-10
-10
19
80
41
4
-18
50
24
0
55
80
41
35
54
-6
58
-5
12
151
97
68
55
35
-73
40
-21
66
48
-104
85
40
-40
-29
26
56
-18
-8
27
35
-3
10
74
-10
21
40
26
48
57
43
48
3
5
25
10
40
3
55
-3
27
125
218
332
42
-81
-68
-75
-41
-29
77
24
-1
8
28
17
-23
49
73
89
39
8
129
83
36
-1
18
7
52
18
39
-11
-36
10
8
22
19
9
69
66
39
12
17
29
23
33
34
32
53
-13
8
35
-39
-5
20
34
-13
44
64
73
28
33
52
56
69
53
44
35
50
27
52
50
33
20
9
23
1
5
90
57
6
64
28
-2
18
45
40
11
52
17
48
34
86
45
18
10
54
23
-7
42
7
18
0
59
53
71
55
21
20
64
12
10
-35
4
72
-10
34
58
7
-4
37
44
4
54
36
10
20
43
6
-2
81
51
11
18
39
23
37
55
53
36
8
6
-7
28
43
51
70
8
17
22
67
-23
-1
89
23
66
75
37
2
-1
54
19
42
83
66
52
49
29
50
42
43
25
-7
-5
-6
16
20
90
17
21
49
38
18
40
40
57
20
33
64
45
36
32
48
82
42
24
27
69
13
-20
41
11
37
32
65
25
21
53
36
9
28
29
13
26
60
1
2
65
38
23
-29
20
40
74
35
2
80
35
11
48
52
28
52
12
53
34
42
35
-18
39
25
33
66
48
3
6
18
50
53
20
75
33
36
64
55
20
35
32
22
3
18
33
36
44
36
49
-12
13
57
-7
38
41
55
42
18
41
-7
-14
19
41
17
5
5
42
53
51
55
64
27
40
-2
8
49
21
54
17
35
9
11
22
3
55
-5
39
8
52
16
66
24
59
-13
37
73
43
58
50
35
23
17
56
18
38
39
-6
22
21
49
23
38
9
12
17
18
9
34
26
8
38
16
43
33
49
3
9
20
33
55
26
59
87
76
59
58
20
26
52
68
-19
61
19
13
57
43
0
51
48
49
33
7
38
27
35
53
32
34
38
48
41
38
70
45
10
38
33
3
53
37
5
-1
3
16
1
39
10
4
-8
28
24
20
3
32
16
25
49
54
16
-11
27
38
64
40
80
66
24
16
43
-9
43
24
25
7
-21
20
76
35
-14
24
10
22
40
17
57
53
72
64
5
26
57
39
35
-1
39
44
49
20
24
102
16