0
150
-7
-20
115
37
-97
-22
40
165
-44
16
151
1
73
58
75
-8
75
-9
33
-26
54
16
104
12
76
37
-29
17
16
-24
118
69
136
-4
-18
50
-21
75
12
28
12
117
-3
-7
9
-27
104
76
-9
-65
7
103
86
43
26
164
88
-26
53
28
-38
6
2
-22
115
-33
-3
128
85
-43
37
138
-18
80
68
118
71
-13
10
121
76
33
-37
0
83
99
7
59
18
89
-33
41
37
-34
51
3
12
96
7
58
-12
89
3
54
122
-61
161
99
-36
-3
-109
102
56
68
5
-92
64
148
26
53
-84
-4
-43
-9
104
139
-18
101
-17
-9
92
108
-113
59
-26
53
-5
70
36
-23
169
-166
10
80
-28
-19
70
-22
76
37
-24
-41
146
8
-70
25
96
-2
53
-27
-27
51
32
10
87
85
58
24
-35
146
-34
102
33
6
-39
70
-56
4
4
55
22
10
83
-52
-22
29
141
-98
-52
99
-5
106
6
49
11
87
99
69
72
-70
100
-20
131
72
97
24
-56
86
138
72
-28
-17
38
73
35
12
116
-57
50
100
166
-39
13
138
-24
21
96
67
122
56
145
0
42
-97
-60
144
108
84
128
-126
21
101
19
9
122
96
-76
-75
-78
37
61
25
83
55
-71
33
67
61
17
-36
50
-34
-12
80
4
-70
185
33
39
45
9
71
39
-36
71
16
52
-1
8
86
56
22
-18
-85
87
91
2
85
40
-42
145
56
-30
1
53
80
116
183
-85
-22
-9
27
42
81
-2
-33
26
118
3
-70
80
8
-66
-26
-7
8
11
104
90
-30
60
8
120
-9
-18
53
93
38
-38
119
1
16
81
54
-29
86
101
115
-68
35
6
105
82
87
-17
89
-69
18
-29
92
89
36
129
57
11
1
20
68
98
-22
57
-90
128
41
48
-28
113
53
52
64
80
41
83
-5
97
-2
-51
43
-50
-25
86
-1
116
7
-9
64
3
163
128
-4
-56
69
-46
19
91
16
-1
41
-5
-28
-77
131
177
26
-5
128
56
-43
57
-13
69
-54
33
32
53
38
40
71
4
48
-9
32
-17
133
114
-45
65
-12
116
146
13
24
26
-26
52
38
73
21
-67
122
-50
52
24
114
-76
133
5
74
134
7
11
27
-44
-37
50
22
44
97
64
51
84
68
-2
-4
17
24
40
-71
53
23
49
56
68
28
76
-151
58
48
108
-52
20
-26
208
-13
59
32
12
-29
41
144
88
-53
6
-7
82
58
-14
16
120
54
-3
42
-7
-30
-18
-14
66
19
84
-25
44
1
82
57
99
16
-29
80
8
16
90
20
-26
27
128
-9
-28
86
-36
69
-38
105
3
49
27
118
-56
4
77
71
-25
52
105
-55
-17
-23
-37
97
66
18
2
71
90
98
135
48
-117
120
72
48
27
49
45
-29
34
-8
-36
16
96
17
113
150
-17
-5
89
43
8
13
122
56
-23
96
86
34
65
67
65
-67
68
145
41
17
40
107
136
75
-33
22
2
-1
40
-125
85
16
92
60
7
101
-90
-42
33
156
-82
23
44
48
-45
-38
120
-57
65
-11
26
85
106
-33
-58
-9
67
54
16
97
-129
84
37
43
91
-44
49
74
57
102
-129
180
34
32
52
-5
104
54
56
75
53
69
-62
115
52
18
19
-117
54
74
-34
-3
59
3
84
74
36
29
65
144
-92
45
-45
103
29
72
-7
11
89
41
42
-28
40
70
-49
20
-11
74
-7
53
67
10
27
96
-2
117
-65
-121
40
72
-25
20
165
77
-22
-29
71
51
-54
-1
161
36
3
-62
137
122
70
6
70
107
-129
88
102
-18
120
16
10
120
-21
-28
20
121
132
-83
-55
75
-56
100
106
1
7
-76
101
-6
113
67
75
121
-2
153
13
-14
57
-37
25
-107
45
-81
-137
89
65
25
23
52
41
180
96
-109
19
153
20
53
-98
32
72
202
83
-56
25
20
-51
71
21
64
73
1
116
1
-39
32
35
-26
24
4
-8
-11
65
16
43
-44
-81
162
104
11
54
98
-56
4
-28
60
60
122
-13
-42
-25
-29
42
82
146
-23
43
108
-102
115
98
-40
29
-18
112
80
66
16
17
2
-29
136
-65
44
-20
25
34
-36
55
-19
-9
134
92
-107
33
-34
49
1
25
-43
66
-40
4
67
-33
139
97
36
-129
90
9
-24
-22
80
-29
-20
114
48
20
-62
55
97
42
-4
102
22
80
104
-73
59
19
-19
1
41
-58
18
-20
135
42
98
-66
-19
145
131
-22
56
134
146
39
27
64
17
121
40
6
96
-37
97
71
39
25
166
58
6
-25
59
1
51
8
45
114
-66
129
43
35
51
53
17
18
40
-8
86
-34
51
69
11
38
21
58
68
-88
73
41
37
-6
56
-9
44
133
-51
-17
89
88
-51
154
-75
41
35
102
37
50
100
124
-21
-40
18
-8
119
-53
33
50
-66
12
-52
169
-3
64
-7
128
-52
88
73
69
20
67
-4
40
-23
-4
122
2
92