0
-83
42
77
155
69
-7
48
102
56
70
11
53
229
220
52
-2
26
6
116
3
-38
-17
-74
-145
-161
-173
-181
-50
-132
-35
-54
-37
-18
16
6
27
77
71
40
18
-6
74
-65
38
55
6
13
43
-29
-1
18
50
32
-12
32
11
33
71
29
36
64
25
28
1
33
56
102
64
73
124
38
21
-5
18
58
-7
56
43
49
-12
73
23
73
42
76
80
83
-12
118
56
52
54
40
104
-20
18
-9
-40
43
-7
37
80
11
26
60
-17
150
93
18
90
24
72
43
-38
-38
43
125
-72
-35
-90
38
5
29
-99
160
212
56
35
59
59
36
-34
59
41
21
-67
76
55
-11
58
53
102
-3
178
72
66
178
58
106
33
120
68
-19
84
41
-43
150
-13
61
-23
-2
22
25
24
59
89
53
-44
162
68
38
-5
-73
89
42
77
169
352
160
234
165
118
53
83
129
155
-4
130
97
72
-38
122
-18
-46
-46
-123
-10
-133
-71
-158
-74
13
-62
26
-4
-37
-13
-13
71
-22
-17
27
83
97
18
-25
93
12
163
58
42
-53
70
59
35
28
8
42
-44
82
7
17
51
41
25
25
65
-4
22
124
18
29
20
-25
119
27
32
-13
11
22
-4
34
-20
20
43
35
61
21
52
50
74
-21
-19
-10
17
52
39
18
16
41
35
74
3
9
20
67
8
-37
114
9
44
73
64
73
21
23
54
21
-28
-38
-56
-24
21
89
38
69
53
65
85
23
10
-57
1
-19
60
59
84
68
81
10
83
61
77
4
-5
-3
58
54
4
-22
17
-54
21
24
9
-13
12
103
48
39
3
100
8
59
19
-5
3
42
0
29
42
22
38
92
35
24
26
54
20
-5
144
149
97
1
6
-59
-45
-24
-5
23
60
96
44
24
13
82
13
67
54
-22
100
169
42
1
-26
-25
50
26
37
9
32
52
26
-13
54
42
35
60
28
53
28
69
44
9
9
27
-28
52
-3
50
52
59
25
41
49
-7
56
37
71
21
-24
25
25
53
23
56
26
40
18
6
20
42
59
27
7
-17
67
11
69
-5
64
48
42
-5
64
130
60
-13
-25
-22
-62
28
-14
-10
6
36
38
37
37
83
1
27
57
55
16
-7
50
67
40
70
36
55
10
8
35
51
80
20
-23
-37
-44
-35
-44
-42
58
41
11
29
24
71
33
32
42
45
32
34
18
-10
43
23
21
57
11
9
12
10
43
8
26
20
26
9
70
-7
42
87
37
36
40
72
8
48
55
-6
54
37
34
7
45
34
65
59
85
-8
49
20
9
57
-10
23
36
29
32
106
81
8
37
16
53
64
-1
-5
12
42
60
21
82
4
19
36
-6
67
38
35
48
36
67
51
28
98
103
60
50
0
-17
-54
-33
12
9
33
40
0
-20
136
104
16
16
36
7
24
24
2
23
32
12
51
10
17
42
41
35
13
86
50
21
55
-6
-6
36
26
41
58
81
4
-5
9
-1
54
7
40
42
71
29
82
42
23
43
68
22
-8
34
42
-4
25
81
73
37
45
68
18
45
109
48
84
35
-27
16
2
27
36
132
23
32
25
2
23
43
49
22
25
52
22
21
56
-26
32
-6
66
40
-29
48
8
45
35
6
24
-17
24
53
-19
65
16
4
28
45
21
56
69
35
65
29
52
45
66
53
2
19
58
41
35
23
51
93
4
2
-1
-9
35
86
35
18
42
-6
33
44
41
-11
48
39
53
40
64
-5
29
77
17
39
-18
-9
27
52
23
56
10
57
43
40
13
68
48
19
19
19
-3
57
35
34
32
-7
6
44
32
13
27
48
25
64
24
64
18
21
-9
21
26
64
40
69
12
76
-8
27
33
38
-5
66
5
28
48
34
82
39
6
8
75
22
-1
48
26
53
10
49
11
-34
81
29
16
24
37
23
28
12
22
35
44
-11
22
23
2
9
32
6
52
76
40
53
69
34
35
26
40
20
25
-5
33
-25
-19
3
36
12
60
-7
41
66
39
16
23
25
49
-9
7
48
51
25
19
20
39
35
67
34
44
60
43
57
27
102
40
25
39
5
9
38
9
11
81
23
20
20
-6
38
28
21
33
56
20
37
6
28
28
17
51
45
43
69
54
26
80
93
27
3
-43
-14
8
25
2
10
53
33
59
69
34
58
44
25
51
7
21
59
-12
34
38
53
49
43
22
54
29
18
32
16
27
17
24
-20
23
25
43
53
42
-8
35
52
40
34
5
36
36
36
-3
26
52
32
20
25
40
33
29
48
34
48
-5
18
81
37
49
50
55
60
16
64
-5
42
41
0
33
38
22
50
60
-21
5
34
65
2
32
18
35
40
29
29
9
54
64
34
34
34
106
59
48
51
38
34
88
11
12
35
20
12
27
71
65
-20
19
13
1
3
22
4
70
24