0
32
32
27
60
16
50
76
26
57
1
8
-4
50
32
1
-6
26
104
29
49
28
7
37
54
26
1
1
42
57
33
20
22
49
37
18
66
26
69
33
-2
40
73
39
11
28
9
51
64
-10
25
60
54
7
10
19
25
27
5
40
38
22
21
43
18
22
32
45
40
32
18
38
50
5
27
68
17
52
29
4
2
1
44
51
6
48
22
39
24
27
37
66
72
5
17
9
18
34
32
24
85
8
21
39
25
52
45
24
6
-22
34
19
12
38
40
19
59
12
22
-8
20
22
54
91
-19
11
44
22
26
32
-20
8
35
-7
-26
6
19
32
27
10
67
38
57
64
73
-3
64
43
41
13
10
84
23
42
59
37
3
-20
12
19
-9
56
11
55
-19
54
-43
-13
35
27
19
43
43
49
-18
56
6
81
38
11
82
25
39
5
34
48
51
43
24
49
38
22
41
32
12
36
41
77
26
24
41
39
52
-2
23
55
56
69
26
28
72
20
50
8
56
-1
27
28
51
-1
29
36
27
-14
42
64
53
4
39
37
52
53
16
12
32
-3
33
-13
12
27
51
16
3
17
12
37
61
28
26
50
21
37
60
-13
10
48
55
-6
52
1
54
60
27
40
38
40
51
9
28
40
50
41
54
25
59
60
119
-7
50
22
49
50
28
21
35
32
64
-7
80
68
65
26
5
50
55
19
35
13
25
26
81
44
-1
12
52
42
32
45
13
36
24
24
37
11
41
35
24
87
32
7
37
20
38
17
7
34
17
-65
-23
67
24
60
56
57
58
38
43
7
56
36
17
56
21
0
43
61
71
25
41
21
28
6
29
50
22
25
64
20
43
74
52
22
24
84
16
55
39
39
-28
41
59
6
8
22
53
41
66
86
-4
-5
1
74
17
50
-18
18
17
49
11
55
12
22
8
23
99
70
9
83
43
39
7
44
-21
21
38
43
54
8
18
44
24
25
48
39
32
45
5
33
21
-10
55
83
27
43
36
6
21
59
42
60
37
32
-6
10
68
67
69
39
-7
34
25
55
21
54
37
21
27
-4
29
17
18
20
12
22
34
36
53
36
-8
41
38
25
8
50
38
42
24
17
45
11
37
53
49
34
4
57
18
24
-10
54
71
42
-5
49
2
9
7
-2
26
18
37
43
-1
-1
22
26
24
-19
10
28
-5
42
36
37
17
72
16
32
49
19
37
-22
10
9
16
42
18
53
61
36
68
42
37
33
21
-8
60
35
29
18
33
70
36
11
7
-9
59
20
74
-2
25
-20
-10
75
33
64
42
76
-12
73
37
27
12
27
36
65
18
39
33
24
54
68
19
38
16
25
48
43
21
65
60
55
25
40
24
26
38
24
29
-24
20
52
35
48
37
24
40
44
59
7
-7
66
22
81
20
7
22
43
44
55
73
2
6
33
51
49
40
28
22
22
4
52
49
25
-5
61
52
50
20
54
68
2
2
2
68
16
56
-3
72
44
48
64
9
44
16
65
6
26
3
48
45
56
33
23
39
3
67
10
20
71
16
99
80
36
50
4
39
19
66
-35
49
8
53
48
8
43
80
51
25
4
38
3
53
57
24
-18
28
51
-11
34
37
23
26
74
33
0
4
20
41
37
1
0
24
26
19
-7
-8
41
-1
-3
43
28
42
7
36
17
40
22
49
25
42
34
36
24
77
18
0
20
67
48
9
7
-17
43
36
12
57
33
21
4
41
58
42
25
28
49
59
43
26
69
26
25
2
-10
32
54
51
37
25
16
16
59
51
25
17
0
23
58
19
24
53
73
53
17
54
51
23
72
-14
20
5
9
9
33
22
-18
38
35
91
32
24
26
37
-3
-8
-8
-23
16
41
58
-5
7
6
41
81
32
35
50
25
55
39
43
4
-33
50
29
10
-20
17
44
28
8
21
38
64
40
56
22
53
32
23
22
41
8
112
42
81
19
23
12
20
59
20
72
71
6
34
-19
42
2
32
32
5
22
22
72
0
38
24
36
-6
67
21
42
43
3
24
18
54
42
58
18
56
0
43
-5
42
52
16
53
72
35
22
19
12
98
34
-2
45
38
-25
4
54
56
69
39
18
40
69
27
42
-3
33
75
20
-11
33
52
0
-13
21
70
151
10
116
1
67
-21
-25
58
2
-46
-25
-19
2
89
10
36
92
52
8
-17
3
107
72
-9
-22
39
81
49
4
45
-6
88
6
35
19
80
60
18
9
39
67
40
5
22
-13
4
55
55
35
32
68
4
0
28
21
36
17
19
69
69
-19
51
-25
33
20
22
-1
32
19
54
52
73
12
28
40
26
44
24
25
24
52
11
2
48
75
-33
23
20
-20
26
81
49
-11
48
23
17
28
38