0
44
40
18
-2
9
72
-20
87
55
-21
38
55
-17
26
96
58
6
21
55
71
77
72
83
93
41
-6
1
-20
-20
-68
-18
3
-38
26
-8
12
12
28
35
19
65
70
29
19
17
75
42
26
44
36
81
67
49
55
39
7
23
120
113
40
26
-4
-28
35
36
12
6
-2
6
93
32
6
75
26
43
32
10
65
65
0
25
-4
56
52
41
40
-23
58
87
-2
23
-11
16
12
41
54
22
1
-4
53
38
-12
9
32
28
43
32
41
27
53
32
107
113
87
23
24
-46
-13
-10
-1
1
17
36
26
41
34
10
9
52
38
35
34
55
56
11
25
57
35
38
16
51
11
-25
40
56
60
60
37
43
21
16
17
10
38
60
66
44
54
37
33
20
17
22
37
56
21
7
22
23
18
-13
20
23
49
66
58
72
42
32
58
29
75
87
53
35
36
27
20
5
16
49
49
26
60
21
20
5
3
-34
23
12
29
57
48
49
53
19
23
10
67
34
10
68
26
106
37
28
20
-13
-2
17
45
85
73
73
60
18
44
25
50
17
17
-33
26
8
23
29
-20
0
35
34
23
-18
-12
12
50
8
38
52
18
33
-4
36
38
43
84
65
82
40
25
-2
13
-24
34
44
68
35
34
39
58
-1
21
39
-3
27
6
23
3
43
64
37
-1
32
58
20
8
33
32
28
64
38
-13
-19
27
33
77
73
112
7
6
-6
-34
-20
13
3
32
11
19
91
54
48
12
25
52
-13
9
85
55
-10
43
0
-5
-5
20
16
2
-17
-11
-1
34
28
70
9
13
52
4
10
4
18
35
43
57
8
40
38
64
24
50
9
88
38
12
0
23
-12
35
38
44
51
20
32
98
54
-21
16
11
40
2
64
-7
-1
25
32
69
12
27
45
44
100
8
55
24
50
55
59
34
-22
27
57
55
42
42
13
37
38
25
27
64
19
44
24
6
3
35
43
0
49
24
54
40
43
43
38
8
25
38
49
27
26
51
10
37
51
27
35
49
42
16
20
21
32
33
-14
-34
53
45
39
10
25
37
7
67
40
22
53
11
39
23
57
36
25
32
74
51
-9
34
19
56
39
35
6
49
33
48
39
42
60
8
50
3
45
25
43
69
38
35
8
23
-7
19
73
48
42
25
41
52
16
-10
-10
52
36
82
53
16
39
26
12
6
65
35
32
-19
68
43
55
42
53
24
-8
-2
8
-19
12
27
61
35
25
52
59
21
65
40
5
41
71
38
59
41
24
17
55
22
17
24
34
-12
27
22
32
25
28
51
64
37
44
23
23
36
9
39
58
-20
25
23
12
52
7
-18
57
41
115
16
36
20
7
36
36
54
34
36
58
56
36
64
28
42
2
34
-14
23
27
20
27
35
38
-2
52
18
24
50
8
32
71
37
37
3
50
59
6
23
12
17
20
85
42
27
-9
24
56
23
24
49
40
12
41
44
6
36
42
13
-4
74
2
-13
42
34
49
80
60
44
13
35
18
-2
50
49
34
23
20
29
6
39
2
24
45
37
21
21
58
43
22
43
26
18
19
38
56
49
52
34
-9
24
51
61
13
28
25
3
29
99
21
37
13
17
38
6
26
0
-13
34
53
6
34
35
25
20
-12
55
75
37
1
28
45
36
18
5
2
35
-18
49
10
64
23
6
87
61
1
38
37
45
50
32
27
45
41
25
35
61
44
20
18
28
40
2
59
5
44
22
-17
98
54
26
17
36
56
50
13
21
52
41
7
54
17
-1
27
40
35
83
72
1
3
40
52
6
13
41
39
8
20
7
25
9
34
22
66
21
19
2
50
33
-7
82
57
53
25
26
21
10
33
33
2
17
53
42
-6
21
50
11
45
52
21
19
19
74
42
10
20
41
52
35
-2
67
35
27
-3
26
48
41
48
33
20
53
65
44
42
20
58
57
39
6
-23
29
3
27
8
4
54
27
37
42
80
19
32
20
33
52
33
-1
6
48
54
-3
-11
71
56
39
23
52
10
35
36
17
34
44
39
-4
6
11
53
5
-1
51
60
42
57
17
24
59
-5
26
12
57
48
49
-3
5
54
40
5
38
57
58
23
29
-25
53
58
42
26
33
55
45
37
41
56
56
23
6
52
16
8
8
33
7
4
9
35
60
3
-10
61
82
28
34
-8
12
48
32
40
24
13
10
9
59
19
27
67
-9
8
75
35
1
12
33
29
27
9
65
17
25
60
27
55
27
34
57
44
13
-6
7
52
34
-1
20
32
12
42
0
28
-9
57
1
54
49
26
53
-3
35
36
33
17
36
8
25
57
21
53
3
4
7
44
26
32
20
4
53
17
48
2
6
37
40
20
28
28
-1
18
13
67