0
3
4
3
10
37
42
-34
6
72
35
34
59
39
80
0
2
8
33
39
72
24
28
55
34
7
44
24
42
58
4
10
44
6
45
34
27
21
24
19
20
38
3
33
66
59
11
43
16
22
-6
38
60
32
72
35
25
40
41
-30
68
-4
54
10
106
106
59
37
51
-40
7
53
18
24
22
45
88
20
23
9
36
59
11
39
54
-11
24
19
59
53
53
22
9
18
22
21
10
24
-45
24
22
43
92
0
36
34
25
-7
27
58
35
70
59
17
59
11
5
52
45
59
5
16
29
9
8
16
1
-8
42
50
11
19
-6
65
8
40
39
41
21
32
35
17
36
5
32
29
-5
2
68
45
-6
39
4
40
34
16
21
38
56
-1
17
36
33
54
45
59
11
20
23
25
68
39
37
29
8
58
45
20
16
-8
35
39
12
48
66
39
32
27
50
39
74
28
42
32
27
34
1
21
17
22
27
4
122
3
-2
-33
38
60
43
20
58
10
11
37
50
7
60
33
36
19
34
41
51
16
57
27
49
25
37
65
13
22
1
8
0
19
6
4
71
23
92
36
71
55
33
57
38
60
58
54
49
38
91
195
105
3
-10
19
-41
-1
-6
8
35
-2
41
20
-19
52
35
38
7
57
58
13
25
6
16
25
57
65
-5
48
18
40
36
42
34
12
72
-1
64
8
17
93
69
38
40
19
40
44
43
72
106
83
53
-5
-46
-42
-22
2
-29
10
38
12
34
2
35
55
-3
20
39
24
69
22
64
22
42
26
43
-5
56
68
34
-7
43
36
23
60
76
38
45
60
72
18
18
21
23
48
26
44
13
81
82
50
45
21
17
24
74
83
26
36
-44
37
-3
28
56
27
-6
25
26
58
57
28
32
24
-12
59
4
29
49
32
52
-29
61
24
13
2
35
20
28
37
-2
-6
4
29
28
5
43
42
36
55
7
3
12
53
28
27
49
32
16
101
8
35
28
22
38
28
16
21
22
40
-4
39
1
38
53
32
58
69
55
57
-11
-1
60
-2
54
49
20
19
34
36
35
17
23
50
34
-1
7
17
34
9
64
5
23
40
18
148
9
7
21
-12
48
42
3
-9
16
66
1
12
106
56
17
18
12
38
33
6
23
1
34
60
21
-10
33
5
6
65
58
37
33
34
49
27
11
37
29
8
69
24
50
42
24
25
39
32
22
3
10
6
25
26
40
36
-3
9
6
57
60
7
55
34
74
28
53
20
2
12
-20
70
54
11
23
28
16
44
49
7
5
35
52
57
59
42
25
20
35
36
18
48
83
4
59
17
5
39
56
11
49
48
26
26
21
4
36
57
24
-10
27
43
54
52
24
13
37
16
25
-20
12
40
25
32
-26
32
57
49
38
49
36
40
32
19
33
45
26
29
36
28
76
25
40
-5
21
25
57
50
12
23
32
19
68
36
18
49
71
20
-29
60
37
50
16
18
41
32
5
54
55
12
24
0
60
25
18
18
8
25
35
65
36
48
39
38
49
42
57
17
21
43
10
52
54
36
58
6
38
32
68
-52
24
84
57
42
38
25
37
18
20
55
5
7
65
53
36
7
-1
70
50
4
42
58
27
37
5
93
56
38
76
72
13
36
11
33
33
3
21
-4
67
35
29
49
66
32
49
60
81
82
-14
9
-9
97
8
45
69
16
-18
48
33
90
55
5
20
-18
17
-5
59
67
7
67
41
44
20
40
52
-3
42
42
28
39
12
-10
35
23
19
89
21
34
-13
18
54
55
41
53
29
42
37
29
6
21
17
-2
41
54
54
9
25
59
19
56
43
44
26
17
-18
54
-9
48
90
71
26
-23
2
-9
13
13
38
45
42
28
52
69
41
68
10
87
64
80
74
38
5
-26
2
-60
-27
-22
65
35
22
44
22
91
37
24
66
67
59
13
12
41
-2
26
-5
16
44
32
34
26
29
25
-20
-22
81
10
18
43
43
5
39
26
51
33
9
29
-7
49
60
36
23
38
32
56
9
81
59
16
48
7
16
6
52
64
48
22
42
48
33
26
29
17
11
17
17
51
44
35
52
33
28
43
60
39
23
35
44
-2
2
35
56
20
59
23
66
1
38
-11
52
41
68
80
-25
55
76
45
39
35
16
6
7
5
54
54
-7
20
53
13
64
6
43
67
65
-1
5
24
13
0
29
41
58
19
53
36
52
22
17
32
39
41
55
43
-4
11
49
16
34
4
54
44
50
44
11
7
37
66
39
55
32
7
-30
23
25
17
36
25
25
37
24
68
34
36
38
67
27
71
-29
2
81
7
28
7
42
22
52
57
35
52
36
25
27
34
50
54
51
11
34
0
-10
60
27
41
35
29