0
-2
32
6
-7
18
43
-41
38
25
65
32
-21
48
8
39
37
28
9
38
11
27
42
51
74
22
43
-26
85
73
34
1
24
11
24
-2
39
27
45
38
74
45
8
27
24
7
27
12
25
12
66
56
36
43
48
48
49
57
43
21
39
38
-2
-4
40
6
8
-5
37
-5
32
42
32
40
49
55
13
36
40
19
24
71
5
41
-6
4
18
24
29
22
57
22
34
32
65
22
-4
19
65
50
20
19
26
39
48
19
27
33
25
3
33
33
1
52
53
80
52
64
34
9
17
23
48
18
38
20
27
12
8
22
71
25
50
24
-27
13
103
53
16
4
11
36
27
16
43
49
72
52
32
44
-11
38
76
11
39
42
21
18
49
11
21
-19
86
11
48
40
21
3
27
35
33
22
51
83
85
51
8
10
20
42
34
42
18
36
26
38
38
28
25
42
10
5
7
39
49
49
37
9
44
27
20
6
9
40
43
53
66
11
32
8
52
42
-1
32
43
71
70
34
35
22
39
16
37
9
56
51
34
51
17
88
100
61
44
-19
19
33
24
16
-7
18
59
12
6
27
19
0
33
39
35
19
27
59
37
54
32
36
-3
36
42
6
-6
32
39
54
10
17
12
42
21
41
43
56
44
34
52
70
20
7
53
65
58
48
19
25
6
27
36
-1
3
39
16
68
0
25
20
18
28
45
51
59
12
27
36
7
-13
41
52
44
60
18
32
6
49
17
65
2
24
41
39
9
20
37
11
21
59
53
3
23
21
24
17
25
70
61
98
103
121
109
83
-49
-39
-97
-66
-8
-14
41
33
75
27
36
35
60
19
21
43
25
44
33
39
70
36
76
48
43
56
36
61
21
24
6
41
16
84
24
17
55
86
42
24
-3
-22
64
35
37
57
37
102
35
72
51
71
86
77
75
88
39
58
-25
-54
-99
-91
-53
-22
-5
35
38
29
39
35
28
69
16
67
59
40
21
113
99
134
124
121
101
53
-11
-137
-85
-55
-65
-7
22
18
-3
49
43
19
67
61
26
48
59
24
54
64
57
10
55
0
17
-17
24
38
0
25
10
44
28
86
43
-13
66
5
29
33
33
34
39
67
35
57
44
-5
51
10
32
66
6
-3
32
58
57
51
16
8
-19
53
69
11
32
60
44
22
12
48
61
-23
106
21
16
29
9
25
25
101
5
49
92
2
12
33
52
-4
23
18
6
22
24
27
21
33
36
24
26
-13
69
52
44
33
21
38
32
8
83
71
18
39
49
9
36
25
16
42
8
-8
12
3
19
20
59
32
64
9
56
49
39
56
53
-29
51
32
-3
32
25
-20
59
8
36
68
72
20
34
65
6
18
-11
59
34
11
18
42
36
59
26
27
20
2
35
24
55
56
22
25
13
44
9
48
9
42
37
19
20
49
34
-26
45
32
51
50
49
24
4
17
52
10
8
12
33
19
-3
0
59
65
23
55
0
54
57
68
12
32
-9
40
37
13
44
74
33
28
-3
72
60
-5
107
54
22
21
16
-6
33
65
56
40
40
33
28
21
34
43
55
34
34
39
5
3
59
18
-3
18
27
40
48
24
39
18
20
68
51
53
32
21
40
32
32
-1
0
50
52
40
33
4
40
25
41
64
-12
36
10
26
34
-1
-2
28
-14
20
16
27
9
44
-6
-8
113
68
43
10
61
36
50
38
21
64
71
4
43
1
21
7
28
2
56
42
48
27
1
-10
32
72
52
21
42
83
35
-3
-12
50
20
45
-7
89
26
32
41
26
27
5
19
42
29
60
48
44
48
50
-17
17
21
33
57
-5
38
24
-5
1
50
41
35
28
17
28
-11
23
17
32
39
72
41
0
42
17
50
52
7
38
43
16
45
20
16
38
80
41
20
9
-20
23
11
23
36
-6
73
75
49
26
11
21
37
-4
33
17
-7
21
39
27
61
52
58
22
45
69
6
13
27
29
35
-2
21
59
-4
106
67
23
44
20
42
50
21
4
3
39
1
49
39
67
51
23
4
59
50
40
12
48
23
8
35
38
8
48
52
52
-40
-38
64
86
49
28
10
-1
9
16
39
114
36
-3
33
18
-5
25
29
17
44
38
8
71
10
3
-2
22
69
21
23
54
33
3
22
64
23
19
71
-21
86
58
44
16
80
67
-17
11
12
6
64
17
59
24
20
83
1
51
20
43
38
44
36
58
59
33
65
6
56
17
33
12
16
39
57
54
35
24
52
65
25
20
33
32
49
37
54
39
64
22
17
58
35
7
-17
42
38
39
22
22
38
43
74
24
22
11
10
43
37
33
74
36
3
39
32
11
9
53
25
35
16
2
20
38
9
35
37
24
5
19
21
19
68