0
22
33
10
6
49
59
18
26
67
13
81
19
1
12
-13
35
12
48
37
29
75
-13
41
69
43
24
39
39
45
36
35
8
20
33
20
23
64
1
44
72
26
23
1
23
52
55
35
70
44
4
35
44
40
27
50
57
57
6
16
13
38
22
39
44
27
35
27
26
58
19
19
28
72
49
28
58
7
9
20
16
24
37
58
70
54
17
72
25
40
117
26
7
40
13
18
-24
56
70
39
58
60
39
91
43
29
17
3
-29
25
41
40
70
44
18
55
24
-12
25
28
129
81
81
134
85
44
-56
-70
-91
-93
-60
-40
-9
28
16
99
73
114
92
119
69
55
32
102
41
70
65
85
61
92
32
23
-8
106
52
44
4
-22
-54
-35
-62
-21
24
-24
-60
85
77
100
69
87
7
9
72
123
67
43
38
-18
-55
-37
-137
-231
-294
-317
-392
-267
-123
-40
231
508
418
217
-14
-146
-164
-70
-54
-46
43
97
87
102
103
140
59
-7
-29
-34
56
77
-11
81
48
92
106
-66
28
104
32
40
42
176
91
38
125
133
60
45
45
-10
41
68
21
53
150
48
73
49
43
0
25
50
65
25
12
28
52
74
48
11
65
6
20
113
66
-1
32
45
-122
86
81
28
73
44
101
59
20
72
87
4
16
-77
5
19
11
-43
23
68
5
-4
69
34
80
92
68
81
86
113
161
108
132
-12
-87
-53
-85
-122
-58
13
84
154
220
234
33
-116
-133
-137
-76
-35
23
41
27
60
9
55
89
10
69
41
10
93
29
55
55
53
36
50
-29
27
32
19
39
39
21
32
37
39
-35
-13
41
-3
28
17
20
43
8
50
65
49
24
17
20
9
55
38
55
-7
41
26
59
28
82
37
58
50
21
-17
39
34
71
40
26
50
26
170
242
133
41
-43
-41
-78
-57
10
-19
56
5
5
11
3
55
5
-14
48
34
12
28
18
26
77
-5
58
32
55
48
21
-5
11
4
18
-10
33
33
60
10
-5
83
45
52
89
5
57
-23
84
52
23
50
-10
0
-2
12
-2
13
24
18
34
72
7
35
23
39
-6
53
41
5
66
-2
19
18
22
22
27
59
48
72
-1
36
42
96
21
33
40
-19
18
37
56
55
65
17
38
20
32
-3
51
61
18
40
23
12
12
39
10
76
20
-17
51
6
27
34
75
-3
-28
67
74
76
48
22
1
-5
65
67
61
-4
-11
0
49
60
48
102
44
33
24
24
40
90
49
29
10
7
44
20
-17
10
43
59
65
-17
68
22
10
-21
19
20
5
53
41
2
28
55
85
-100
29
45
57
16
5
58
4
26
73
24
10
-26
113
20
90
-27
57
22
50
18
19
43
37
1
42
41
72
34
56
5
27
66
48
7
11
39
-12
-11
22
6
60
38
-9
-12
39
35
89
25
8
51
-9
35
1
38
40
49
34
56
23
18
20
-5
3
49
58
10
101
33
38
49
-9
39
73
83
48
82
119
96
153
187
132
55
-68
-180
-120
-104
-65
-33
56
6
48
123
72
32
44
4
16
2
12
27
-26
48
33
41
75
54
74
-1
81
26
25
20
71
86
27
45
-10
7
32
40
29
41
4
36
35
6
45
10
96
43
26
39
19
4
34
57
-12
19
12
16
39
10
43
10
51
60
51
41
60
108
58
37
25
8
-6
0
29
-25
-4
-18
-9
8
22
73
10
13
-12
-20
-18
37
69
19
19
66
43
59
2
32
24
43
52
8
39
2
25
21
5
68
38
27
8
50
6
64
28
52
32
37
51
5
38
44
51
113
176
163
182
70
-84
-147
-151
-85
-55
-43
-18
39
20
81
75
41
48
68
96
20
80
39
52
60
53
41
17
-66
53
25
21
70
-8
37
17
64
36
64
50
11
59
65
66
65
60
10
26
5
52
24
87
43
66
3
-5
20
28
48
32
59
109
59
90
35
-3
24
22
1
8
-1
38
27
38
32
23
-11
6
7
16
13
2
49
50
-27
-19
66
58
34
24
43
59
40
1
75
68
38
44
59
16
3
-10
28
25
9
42
5
23
21
23
17
7
52
18
58
24
50
70
27
44
18
7
-2
-3
24
82
36
48
48
18
56
68
2
39
52
4
-9
6
36
43
37
54
22
7
8
40
90
54
53
16
27
45
50
19
16
32
55
17
11
37
-29
23
16
45
39
55
44
-4
22
28
33
3
4
11
23
8
27
-20
25
34
87
24
18
99
54
37
80
35
96
33
-21
28
-21
18
23
24
32
39
52
32
58
-5
58
23
10
25
23
26
18
37
50
-8
18
23
39
41
99
34
66
59
19
83
26
-23
3
43
19
21
18
5
32
52
49
50
66
55
52
60
48
90
2
-1
-49
33
2
-3
52
39
5
59
44
21
11
20
17
8
87
12