0
28
57
52
26
35
57
37
16
34
2
52
2
51
85
28
41
-21
43
-18
26
68
68
43
27
49
34
75
33
65
40
20
26
-6
2
33
3
64
43
19
74
1
80
53
34
7
26
23
32
70
-4
25
-10
32
51
37
18
32
52
50
42
72
-5
4
11
5
58
18
54
39
45
59
6
11
6
11
34
12
45
52
69
80
26
43
91
73
17
49
26
59
48
3
34
11
12
67
0
38
0
41
82
33
2
80
1
70
64
8
-5
17
25
17
65
25
-33
-5
-12
-21
4
-7
1
3
68
22
82
34
42
24
58
53
19
35
28
50
29
99
54
80
34
35
58
58
49
76
84
50
73
58
44
9
19
39
48
60
48
27
19
39
24
10
12
36
71
44
83
40
-40
10
11
28
56
29
26
13
59
3
11
4
50
29
-3
4
36
-4
6
24
37
10
11
60
18
17
42
20
37
6
32
24
44
44
22
25
18
19
-1
12
56
2
2
29
-23
-22
37
32
22
41
-4
76
39
36
17
72
48
16
19
27
22
34
53
69
84
34
33
48
104
64
40
-6
33
51
35
-7
40
38
40
60
35
53
6
37
1
35
34
60
65
22
12
36
44
32
21
-9
59
1
56
44
81
34
69
58
49
-4
-40
41
49
43
56
72
6
-4
102
3
37
74
23
11
27
-19
41
-20
18
53
76
-7
50
44
34
36
-10
13
35
-30
40
22
81
9
58
57
44
52
22
45
35
-12
45
28
23
18
40
17
41
35
83
48
52
90
28
103
42
23
36
26
36
42
48
40
52
21
60
39
69
25
34
24
32
-7
65
51
43
-2
7
65
-7
52
34
6
0
6
-2
38
21
43
52
3
-13
45
56
33
45
18
2
-2
55
35
29
4
25
41
53
45
10
-10
35
-6
-5
8
26
2
86
70
107
24
42
57
34
12
-8
26
34
7
4
3
-3
22
26
48
49
44
20
16
10
24
51
60
5
92
26
-10
55
39
25
-27
20
38
49
51
25
-13
26
60
72
36
-17
-1
-1
40
52
50
36
49
44
36
-3
6
65
37
32
28
39
44
41
24
42
10
50
39
28
-8
58
33
16
48
6
-21
37
48
38
25
-5
19
-3
33
74
43
71
66
37
0
25
13
28
27
28
17
39
66
6
-25
38
21
75
60
61
80
16
57
36
4
24
48
50
4
49
-19
40
-7
-13
12
44
41
112
61
-2
70
-2
21
41
-12
16
54
32
13
1
22
23
36
32
27
89
-2
21
28
0
41
43
41
35
23
69
5
44
10
55
82
43
5
38
38
27
38
22
55
17
34
17
1
26
36
25
41
36
10
33
66
37
27
40
52
17
58
41
22
53
37
55
18
7
11
21
26
19
53
41
32
32
8
8
-4
52
27
45
26
65
-1
44
-8
19
84
25
4
-24
33
6
0
33
27
56
27
58
-25
20
64
50
57
49
12
7
54
28
-13
0
16
23
26
13
13
5
-12
25
39
16
72
13
59
17
37
18
2
114
138
55
7
32
9
-2
41
39
1
38
61
43
-35
48
50
42
36
11
34
75
44
18
40
42
82
8
1
0
9
48
7
17
54
44
43
32
59
24
45
42
39
49
34
80
48
28
8
16
-12
5
67
38
32
86
52
-18
56
69
124
105
-18
37
41
90
52
23
69
42
103
24
-2
71
-5
-13
17
61
44
-11
45
66
34
29
25
54
21
58
28
18
88
36
26
20
53
-10
60
2
51
69
50
-5
19
34
68
35
-18
28
42
25
69
48
-18
-20
67
64
72
32
-20
65
-18
-23
84
16
34
76
-26
12
40
40
24
41
-33
42
4
35
-35
-30
8
-55
52
-72
84
119
50
59
76
88
93
74
-2
25
17
56
37
6
43
10
81
8
48
73
-18
25
34
18
68
-28
24
36
55
98
151
146
50
-118
-5
4
-21
39
19
20
41
37
49
67
39
103
-40
29
181
50
-29
129
-70
-58
26
96
-19
1
-36
60
-3
-18
-6
123
3
-6
39
77
87
-7
34
-86
97
-29
18
8
51
50
-49
155
180
71
11
58
145
-28
96
76
33
25
-20
60
68
38
10
4
139
76
-5
-6
26
-7
52
19
106
53
50
52
4
96
-5
29
-1
134
3
-40
113
26
3
16
59
49
-11
-24
83
-4
37
29
100
24
103
26
90
-42
12
65
131
-40
304
156
241
184
188
171
77
39
-46
-35
-104
-151
-84
-125
-337
-311
-279
-220
-136
-25
27
92
105
96
121
80
140
148
134
114
88
93
121
53
87
50
9
28
21
83
36
74
37
67
35
43
-41
19
92
40
32
21
50
3
18
67
-43
43
19
-10
49
6
38
80
52
23
-12
50
28
37
48
44
-13
42
65
26
16
-3
23
49
10
40
35