0
119
121
91
93
57
116
60
42
83
11
50
71
6
50
38
50
74
38
5
40
42
38
39
71
26
-2
-11
61
36
3
40
26
20
64
133
179
152
179
97
65
-71
-151
-177
-34
24
18
57
55
83
55
-26
1
-39
-3
-18
-40
4
9
74
66
39
19
40
58
26
55
89
20
17
23
40
73
59
16
20
54
4
25
17
29
49
-24
41
18
35
90
40
24
0
24
49
22
17
8
2
80
43
-10
-3
27
57
53
38
56
12
23
23
29
35
56
43
38
42
-8
50
36
26
-11
10
56
1
32
16
-12
10
20
-20
42
18
34
-21
0
59
39
76
49
28
3
20
25
67
-3
8
44
35
34
53
7
48
36
37
96
74
67
56
57
-11
27
34
60
17
52
27
43
5
17
56
52
19
-18
51
33
19
23
-22
59
2
29
10
3
36
12
45
-11
57
59
18
44
22
68
12
39
18
4
19
4
17
40
8
57
25
66
75
83
9
9
21
33
74
-9
52
69
3
18
50
-4
8
-3
24
72
4
22
20
19
24
18
56
1
13
24
2
33
58
1
43
68
42
74
19
7
-20
-3
26
25
34
23
29
75
18
40
93
107
49
5
19
18
3
37
69
16
-6
43
41
53
9
70
20
80
-8
-17
68
64
-11
17
48
44
16
13
-10
24
50
28
81
57
43
12
26
35
60
96
107
5
-33
-27
80
58
57
38
-41
2
-28
72
18
20
69
34
59
8
40
1
161
67
39
50
4
4
21
20
-7
19
106
-7
27
58
-40
3
21
21
80
43
41
-3
147
84
51
65
3
-21
-17
25
81
4
67
26
3
51
5
52
54
24
65
67
28
-7
44
37
1
42
54
56
19
-19
43
16
27
32
18
42
90
-23
45
69
73
57
109
42
12
22
43
57
43
88
18
4
-2
-2
58
-13
-34
8
41
67
22
26
64
36
37
67
12
100
48
65
-117
-131
-26
-3
59
11
99
140
52
1
-53
29
49
-2
55
-11
-25
-55
-59
150
112
-33
53
-25
-2
7
67
18
-26
17
26
49
39
41
9
17
49
27
-9
0
57
34
54
-1
71
22
-1
11
-1
4
19
54
72
51
24
54
7
21
37
20
27
18
104
39
32
10
34
25
13
7
9
54
45
1
2
59
49
39
24
7
45
76
7
-13
53
-11
3
28
41
24
57
48
38
2
71
18
39
48
1
21
24
21
1
22
51
73
40
-8
66
57
70
-20
52
55
35
57
82
58
8
81
3
10
54
0
27
50
21
57
6
12
36
7
48
-9
58
40
22
66
40
28
55
-12
37
68
56
27
58
65
56
-35
19
35
45
42
18
-17
12
52
70
41
66
48
10
32
20
27
50
3
50
48
6
0
71
44
54
39
41
38
8
45
68
43
72
42
40
34
35
75
48
51
41
-4
26
54
34
59
50
66
12
-17
8
4
29
34
28
-19
16
51
58
39
83
32
21
41
1
56
2
45
7
43
75
32
36
-18
45
44
40
9
23
-2
22
6
43
2
55
49
38
54
2
12
-12
35
76
53
49
70
20
64
41
41
-11
85
44
8
41
66
24
-12
-5
39
58
40
22
50
17
57
12
36
37
59
26
60
34
32
96
48
12
19
71
76
65
41
13
33
32
26
27
39
39
4
51
37
58
50
44
4
40
36
26
38
28
10
7
17
18
54
37
2
51
26
13
8
35
50
17
2
16
41
21
56
8
-9
35
26
11
37
52
69
8
-7
-5
48
16
74
69
-53
60
6
98
6
-36
56
34
41
37
22
12
32
66
83
19
-3
45
29
37
60
52
9
34
64
48
36
60
75
8
35
39
21
57
-36
24
51
96
41
6
-13
25
17
39
23
-13
39
60
25
52
48
35
40
-8
16
40
-9
12
7
27
50
35
12
83
44
43
28
-29
-3
54
65
54
43
2
41
3
29
36
17
51
7
51
28
-2
36
48
17
-3
27
99
57
67
66
5
-7
42
39
12
10
39
10
60
45
8
3
115
27
39
34
26
-1
10
32
20
60
39
33
35
-5
43
24
35
43
9
4
32
33
-13
50
5
13
91
74
56
27
-12
-2
2
11
25
10
17
12
41
-17
65
55
58
42
20
18
104
18
13
-2
49
16
10
22
42
44
52
16
41
33
45
52
59
57
19
21
28
3
4
29
23
16
43
35
57
43
48
24
34
58
26
8
8
51
5
23
19
12
76
48
61
39
40
2
43
83
52
18
67
26
23
28
11
18
53
28
80
56
34
9
32
25
4
70
-2
50
23
43
20
44
34
27
82
57
18
44
9
18
-4
8
40
-13
33
33
11
38
19
35
5
22
43
54
69
41
192
74
10
-23
-17
42
-2
1
45
50
21
1
21