0
0
0
0
0
0
0
34
18
1
24
66
129
120
71
-55
0
36
0
-24
19
19
50
39
49
32
4
27
7
0
26
34
38
17
11
58
59
77
21
29
7
25
21
29
38
41
7
-4
18
52
29
22
58
28
85
26
-25
42
-25
3
6
68
54
65
48
32
22
49
32
42
45
41
56
-1
165
-13
4
21
20
-17
215
225
113
33
-78
-68
-73
-8
-25
6
-45
-7
-21
39
75
51
22
-6
72
44
2
50
11
41
57
72
43
72
72
51
48
8
42
66
11
-12
-6
-7
-13
7
11
54
18
27
-6
34
17
40
-10
89
-14
55
50
17
22
40
35
48
16
-3
17
-1
36
38
36
37
72
85
24
7
40
17
24
12
-21
2
16
19
54
23
54
5
54
28
34
60
26
45
60
29
56
18
18
12
55
43
12
38
76
-4
3
18
-8
45
26
53
41
22
5
39
35
27
67
8
52
-5
43
43
-22
57
36
10
16
16
52
33
43
-1
10
10
50
36
39
-1
68
-10
38
28
48
7
27
27
10
42
26
0
57
40
8
22
0
53
58
16
13
41
17
35
23
25
41
26
45
5
56
11
66
70
51
36
87
-12
41
42
-13
7
65
17
-2
-12
51
3
68
-7
57
32
64
8
11
50
5
38
53
25
65
70
12
44
19
8
16
40
33
12
40
35
8
58
33
65
0
9
21
38
35
20
57
44
24
32
22
25
84
42
34
-5
66
-1
19
2
17
52
-8
23
20
85
21
11
81
17
13
64
48
32
3
35
-6
33
22
119
40
10
2
84
42
20
50
6
38
37
2
-3
73
64
-12
35
87
33
108
42
65
23
38
44
44
17
28
-25
-13
24
4
25
48
52
86
107
3
7
9
50
64
21
24
17
2
5
-23
40
73
43
48
7
16
39
20
51
6
27
20
85
102
20
2
27
3
72
3
4
27
-28
10
-6
21
35
22
48
49
3
38
3
33
53
64
23
36
82
26
7
19
51
-4
-3
49
81
-6
42
68
5
150
65
51
7
70
97
17
3
51
23
48
35
43
-9
60
20
8
-17
52
52
25
9
4
-28
-9
86
38
100
-27
-2
56
69
-7
38
56
156
-43
74
35
74
-21
76
97
-2
-58
-23
0
101
55
9
28
20
74
19
64
-19
144
-21
-5
80
55
16
85
20
101
-6
98
68
76
16
-40
-36
75
70
45
-21
41
43
16
54
-37
97
-59
10
49
76
140
117
61
-2
2
21
120
40
54
56
-42
60
-41
117
25
-20
27
29
88
53
-11
-5
-1
9
44
27
64
5
64
70
44
17
120
16
24
52
51
122
59
117
9
-33
41
-3
40
36
45
34
54
35
26
2
-21
12
75
49
71
59
-51
10
82
40
90
58
-40
-19
44
80
36
42
-10
24
9
124
6
10
22
21
-4
-2
-1
-2
76
108
-44
8
72
98
54
-5
91
-67
49
26
98
52
38
74
16
8
21
-21
89
44
-4
41
29
16
17
26
59
40
10
33
17
36
49
52
7
35
57
-12
16
86
-4
69
-44
-39
59
88
-10
19
6
96
-13
37
-11
22
66
-14
42
1
54
9
35
33
4
21
6
83
45
85
-3
32
90
42
5
89
-25
61
-9
24
18
0
37
3
19
33
12
114
-5
28
25
33
24
23
40
35
-3
18
45
80
66
-25
7
17
123
48
32
-26
38
81
32
1
69
88
16
-12
85
29
29
-13
10
0
32
48
59
38
1
86
51
4
-28
100
53
18
9
43
55
71
43
36
43
6
-59
-3
-5
80
24
24
20
26
26
37
18
64
23
81
57
56
101
-24
10
12
84
4
52
33
52
80
-10
21
16
-23
219
230
66
26
23
-57
-29
-36
-57
85
-17
41
-34
40
-18
-7
10
33
74
35
66
13
55
69
56
3
-22
69
8
-4
58
72
71
24
17
117
-6
34
25
-1
5
29
33
49
48
-38
70
40
34
16
44
113
20
-22
66
50
48
81
5
17
33
1
40
27
-44
85
68
18
16
20
38
-27
48
-1
33
45
17
66
45
25
76
21
66
36
7
-30
50
39
19
51
69
34
44
68
-2
55
22
17
-5
87
-4
72
64
21
-13
10
-13
60
-38
24
35
26
4
-13
7
75
5
88
75
35
73
58
65
44
49
40
1
80
36
-2
11
60
24
64
18
59
49
-11
57
48
85
40
0
-61
-58
50
28
6
19
43
25
44
-36
65
35
8
20
88
53
2
56
36
-10
2
4
54
88
29
70
-8
48
7
51
53
86
27
40
21
50
34
51
70
-13
11
40
5
-22
22
33
26
20
26
9
-20
52
52
59
-33
73
92
23
40
20
39
24
87
65
11
1
-21
18
12
124
18
41
-12
2
4
97
-9
33
-33
43
38
-4
-17
81
40
65
-9
74
48