0
75
81
35
9
67
51
88
-21
36
99
23
12
10
6
56
86
77
24
5
23
26
10
-21
20
19
-34
50
27
40
40
36
21
35
-10
-8
45
-3
43
-25
28
27
-10
73
42
48
43
43
42
57
96
82
32
7
39
11
-1
11
18
61
38
16
29
23
3
48
98
24
41
-14
11
82
56
21
38
5
19
12
54
48
51
38
21
82
104
289
258
44
-36
-29
-37
-37
-6
-6
28
-12
70
38
77
-7
3
43
22
6
-38
6
55
48
43
18
13
11
36
82
59
-13
49
27
17
26
27
41
44
39
42
53
27
43
36
37
20
60
-22
43
41
58
-8
45
9
71
65
149
10
12
16
10
-26
35
29
-8
32
41
2
33
29
17
37
35
37
34
49
64
39
9
12
39
68
8
-1
71
48
54
27
54
42
22
51
41
-11
-7
21
27
0
-5
-27
45
43
2
36
36
67
24
49
-7
37
18
16
21
-7
39
32
11
26
59
32
19
23
36
88
91
84
35
60
13
24
1
49
51
6
-8
-9
32
42
51
52
36
41
27
16
16
56
25
35
28
1
0
41
59
1
57
28
-3
4
68
39
58
27
4
23
43
53
40
69
52
26
22
39
29
28
24
54
12
1
4
18
38
16
80
68
45
-17
22
40
12
29
35
24
41
16
34
35
10
20
35
25
12
48
38
12
27
65
35
48
54
45
57
1
52
36
-10
66
102
71
16
24
40
32
64
41
-2
32
7
21
28
33
72
73
10
33
36
-10
7
11
21
37
11
1
54
50
21
42
43
34
25
10
-9
83
70
35
54
44
43
50
-17
28
-10
34
21
49
42
43
55
53
49
38
32
16
-7
1
36
53
50
25
54
54
44
43
16
17
40
38
13
11
11
-2
24
29
-18
60
4
23
27
3
55
32
49
10
40
40
25
1
44
48
36
34
42
-24
-2
11
77
52
24
65
65
24
77
40
66
-20
49
-6
27
12
-3
56
-37
38
50
41
16
69
49
70
24
9
49
49
42
64
82
38
32
12
-25
37
55
-6
64
44
36
28
-21
43
35
18
37
16
54
18
44
24
33
57
0
27
44
6
40
61
3
40
21
71
-29
87
19
28
44
20
-26
-30
18
16
18
16
67
23
-28
37
73
55
53
33
64
109
-2
9
-36
-1
7
-5
50
-3
18
56
17
28
-8
41
-5
38
76
27
59
0
89
53
36
32
34
32
69
60
54
6
32
16
58
8
52
29
17
28
22
7
27
16
26
51
67
53
-1
33
39
38
13
23
68
8
18
39
11
11
35
22
75
19
25
36
43
39
16
27
44
-10
21
28
38
25
74
51
13
96
84
198
72
12
29
-49
-12
-18
52
23
64
44
41
3
49
-1
38
21
56
39
45
18
67
32
3
44
21
23
6
10
35
38
84
38
93
38
3
25
35
41
51
-21
43
66
17
8
18
8
44
17
41
42
-8
-3
11
52
3
29
3
18
38
33
19
51
73
53
65
5
9
22
57
52
-18
16
-14
58
39
20
20
18
-17
17
19
50
23
41
26
22
65
35
53
3
16
32
51
80
2
27
29
61
26
19
33
25
82
10
37
83
10
25
51
16
26
18
29
52
18
-5
59
69
34
69
56
17
23
26
17
51
8
27
35
13
28
89
88
68
39
1
-23
-18
-5
50
28
51
18
16
34
-13
54
7
44
8
48
21
82
38
19
42
2
-18
33
12
11
6
38
-6
39
35
38
51
24
25
10
48
26
57
56
57
1
1
54
38
-1
57
51
58
18
-13
16
19
96
36
58
51
52
-1
27
8
44
44
-1
-10
5
-10
69
9
5
18
37
4
52
60
55
18
44
37
17
9
48
16
41
21
32
41
28
5
9
39
67
43
4
49
42
38
41
17
17
-2
50
35
56
18
52
-2
4
-4
74
65
77
76
50
16
27
-19
86
19
23
22
18
24
24
21
41
11
49
0
37
50
20
67
64
16
17
45
38
32
27
74
56
41
27
16
0
26
48
17
35
9
34
10
69
16
3
66
17
22
57
35
27
51
-28
20
56
33
6
81
-1
90
9
29
-33
53
41
75
85
41
22
26
53
29
35
19
13
22
51
69
2
8
0
-24
72
40
28
21
33
56
-8
27
56
36
50
39
11
2
103
112
60
32
-23
-4
-6
6
-20
25
-4
33
-17
55
66
57
44
13
22
59
71
26
90
37
41
17
21
-6
54
24
29
43
38
11
-7
55
32
20
34
48
58
43
22
56
21
37
29
5
53
6
45
11
52
32
-3
2
13
10
55
49
51
11
9
39
11
42
49
20
-1
75
40
41
27
-4
20
51
35
48
36
11
90
56
6
-39
74
45
49
51
39
48
35
5
44