0
64
52
33
56
65
42
12
53
49
68
9
53
18
72
50
41
18
37
34
22
18
10
20
76
70
43
24
54
27
6
-1
4
10
3
2
19
12
37
44
42
8
33
10
28
10
17
42
23
23
5
25
3
23
7
11
17
5
27
1
3
73
-13
24
21
53
-2
10
13
24
26
5
44
71
51
41
54
65
16
51
20
18
37
40
38
52
2
4
85
3
80
37
-22
34
24
2
43
67
66
56
8
49
26
18
51
48
65
-3
36
20
9
55
18
76
38
1
39
18
41
-2
72
12
39
64
71
38
-53
16
10
23
33
17
25
35
43
4
42
41
1
38
-4
60
18
75
67
39
58
27
34
-11
-52
134
54
22
-9
35
41
27
4
3
35
50
88
65
12
34
10
28
23
65
11
4
22
18
29
1
9
37
48
13
32
27
36
43
26
59
65
48
60
36
32
35
38
44
32
-3
17
35
39
44
49
2
60
48
20
49
59
23
69
25
-5
-2
8
22
8
-8
36
42
59
57
38
18
-6
34
12
68
37
9
40
54
5
16
43
4
17
24
65
76
29
49
43
40
37
57
64
34
23
7
21
34
11
-10
44
25
10
42
52
61
35
73
5
27
91
8
48
38
51
2
51
42
43
60
57
-26
33
-4
48
16
84
37
76
33
21
20
40
7
21
-5
16
68
12
56
49
58
33
24
35
48
24
21
28
23
56
-28
86
11
-19
-4
25
33
52
67
35
23
21
36
12
-22
-3
40
21
83
71
32
8
34
19
51
26
22
52
22
12
26
40
51
68
80
49
34
33
48
36
28
29
-25
80
38
17
36
-19
-9
82
43
28
27
50
35
-37
-13
38
72
35
53
49
24
-7
35
43
23
36
32
-14
6
-11
59
87
64
92
24
0
-34
6
2
22
18
58
17
2
25
48
22
57
28
43
60
57
28
20
24
6
-3
66
6
16
6
52
74
37
39
74
-6
16
6
34
100
37
64
4
43
-7
13
24
21
41
-4
69
7
27
22
42
16
19
12
82
36
20
56
38
16
50
136
131
42
43
1
-4
41
7
5
48
5
17
28
67
20
7
44
48
52
53
0
33
34
4
39
113
72
57
16
-20
58
88
12
16
64
-8
56
26
3
23
-26
33
26
21
0
45
1
52
21
32
72
22
37
81
20
26
19
7
56
120
150
72
-148
52
10
-17
97
-41
-55
38
73
86
115
53
124
-3
18
-2
39
114
27
-72
-24
35
33
-23
10
44
115
-6
24
73
40
23
39
8
19
19
49
7
-3
-24
48
41
36
70
35
48
23
18
48
53
69
20
56
18
44
42
73
88
57
38
54
23
36
2
72
56
59
76
41
-21
43
39
12
55
9
40
54
18
32
22
32
21
41
24
4
22
17
68
82
68
-14
-43
-72
-57
-44
-30
9
27
10
59
60
29
18
44
56
76
24
91
38
22
49
69
60
11
51
42
44
64
36
58
21
32
6
27
68
57
43
27
37
49
-5
41
44
26
42
42
-10
-43
60
51
35
70
66
54
37
10
25
8
13
37
90
43
36
85
22
36
72
11
38
24
16
44
8
24
88
102
0
20
9
52
65
20
49
48
24
1
58
48
50
10
2
25
1
22
77
29
80
58
51
64
32
22
-7
-22
7
40
6
39
49
23
24
72
40
43
36
51
20
75
19
98
108
164
122
89
-3
-108
-89
-66
-73
-17
-10
9
-30
40
28
25
40
42
56
114
182
172
288
235
35
-69
-138
-106
-121
-60
-36
-6
5
87
42
27
59
70
49
27
17
9
8
-4
52
77
53
17
52
52
81
34
33
44
19
38
-5
26
11
49
64
28
67
64
10
13
70
3
22
44
9
4
48
4
73
56
50
51
42
66
40
48
61
33
0
48
43
43
44
35
7
10
39
-8
7
36
54
49
-17
6
43
57
35
8
39
52
32
18
27
40
25
92
69
25
28
-1
25
-28
52
-5
36
36
6
35
34
40
25
53
41
4
19
35
37
56
37
49
16
28
21
71
49
20
10
27
40
37
35
-4
-12
-12
9
103
37
18
57
35
71
11
25
-33
-1
25
12
-9
-3
3
-5
20
17
8
12
25
57
49
29
25
71
52
50
44
52
22
83
64
40
5
67
49
75
19
74
55
7
42
44
36
57
-30
36
-6
35
9
35
5
6
9
21
57
2
50
9
42
85
19
39
43
40
7
32
1
2
39
42
18
-5
60
84
27
71
21
24
53
33
40
57
25
53
74
53
7
40
36
32
18
-38
48
5
52
8
55
51
27
27
44
12
20
66
50
41
-4
28
35
44
18
32
23
37
32
48
28
5
6
4
55
20
16
10
34
26
11
10
36
12
68
49
44
8