0
7
41
74
72
57
25
-4
-8
21
23
6
-21
33
52
61
34
-2
-20
11
85
19
43
34
22
2
70
23
35
48
23
-8
56
26
39
-18
53
8
55
44
37
-10
12
35
25
45
68
54
36
-5
24
2
9
44
53
139
201
176
154
97
-39
-91
-109
-98
-74
-65
-35
13
24
44
8
40
59
60
44
53
39
70
11
28
39
17
54
39
52
48
24
39
38
34
39
32
8
-6
50
3
24
3
48
56
60
26
11
60
12
17
34
42
11
2
43
52
36
8
57
35
-9
20
12
32
22
54
23
43
0
20
16
9
58
55
28
1
9
38
25
17
25
33
8
0
13
40
24
55
27
6
27
34
44
20
11
29
17
54
22
44
11
13
65
5
36
68
16
7
38
24
26
21
12
13
85
55
76
37
54
18
48
24
11
16
10
73
1
92
52
27
36
27
89
57
50
43
67
37
23
20
-21
-17
32
-33
-72
-5
-5
-25
-4
13
37
23
36
42
37
20
68
37
29
17
8
23
58
42
53
37
21
16
102
19
80
83
20
23
10
42
37
5
39
39
33
11
17
39
19
54
49
29
39
39
4
51
40
74
-14
36
34
48
0
44
36
39
32
66
35
37
37
10
24
-2
32
12
6
-1
53
-2
27
34
59
7
54
41
51
19
22
42
23
1
24
5
10
42
64
44
24
38
34
40
58
54
26
23
45
18
60
49
52
25
34
33
11
68
-20
33
53
59
43
19
11
54
-23
17
1
52
8
20
38
20
17
18
2
57
27
51
34
52
55
43
-5
43
-58
81
54
16
44
-2
9
24
1
3
18
40
41
43
41
57
77
72
21
56
3
48
10
24
25
26
25
54
16
88
36
11
23
36
57
16
33
20
41
-8
8
40
22
7
36
34
57
74
28
44
-2
8
-13
69
50
49
40
100
88
48
24
48
69
49
54
25
17
2
12
16
66
57
39
52
64
-3
22
1
38
9
37
-3
24
25
9
58
44
35
74
-2
37
50
4
76
-10
21
21
19
55
75
41
74
50
21
32
40
-2
41
55
36
29
35
-5
33
23
28
24
56
-9
23
-9
19
8
59
6
22
33
35
21
49
28
54
68
56
32
53
64
76
-1
21
4
44
51
49
52
21
67
-12
2
-2
81
7
60
11
51
22
34
52
52
32
-2
45
32
29
25
27
-5
20
29
12
57
-2
52
72
65
40
48
71
10
-4
102
219
134
16
-21
-29
-37
-38
-12
-7
64
7
19
27
34
20
18
43
48
58
27
76
23
92
49
20
42
18
12
-4
60
21
19
26
101
34
51
8
-1
70
17
32
41
83
40
38
70
25
24
3
5
23
33
36
16
39
24
36
68
21
32
51
49
39
10
-2
22
42
40
11
51
6
19
12
23
8
75
10
43
-30
56
42
43
41
25
37
18
24
43
7
74
23
37
-6
58
-2
68
17
8
16
25
51
23
57
75
65
8
12
67
77
32
54
20
56
39
27
66
28
59
12
67
66
12
19
-2
16
1
39
28
37
26
-2
53
17
17
23
35
22
22
36
32
-6
26
38
59
17
-21
41
18
54
4
59
22
37
87
69
-20
61
13
66
36
28
40
41
22
-7
20
41
-8
26
2
45
20
12
10
80
41
67
43
28
57
28
36
51
55
10
68
40
37
-2
27
23
-2
25
42
-2
5
7
50
68
21
43
9
34
4
28
72
32
12
12
25
12
26
61
24
12
41
26
38
43
29
-9
61
71
17
25
99
83
40
8
-2
-22
60
25
71
36
16
0
7
6
51
27
42
13
35
48
42
-4
23
33
38
44
29
52
-7
42
23
88
-12
44
25
42
3
26
59
9
72
75
18
26
-9
40
7
7
10
4
51
-12
19
67
57
54
58
7
-2
36
23
16
21
18
37
4
35
28
36
70
37
53
-6
33
12
68
20
60
-9
48
48
42
22
52
-1
38
2
25
21
13
39
34
36
60
18
-30
24
82
39
49
25
27
33
35
68
8
38
33
-52
65
38
44
18
68
19
33
17
41
39
65
35
18
-11
18
5
39
50
25
-10
37
59
24
-3
49
1
26
20
58
70
19
50
25
-3
56
34
40
34
25
45
23
28
10
18
3
23
23
16
59
7
36
26
86
8
38
8
26
13
37
36
-2
19
58
5
21
20
38
-2
-18
51
53
64
-7
36
2
3
40
76
83
11
27
-24
24
3
67
24
-1
12
55
44
67
43
6
24
39
45
33
44
-19
29
11
10
18
44
34
27
54
97
12
51
-4
18
-6
9
43
51
17
28
44
12
33
34
51
17
69
45
20
2
102
22
39
32
36
3
43
58
48
1
45
5
16
66
-1
51
5
35
41
70
16