0
24
59
26
8
38
82
89
45
22
36
32
18
35
33
45
5
-4
44
41
56
23
26
6
6
36
64
22
25
37
44
18
75
26
56
16
57
25
58
18
7
8
33
52
53
23
59
49
26
50
19
-5
12
17
36
55
40
32
58
32
22
9
-6
25
41
21
68
24
11
55
-20
53
-3
64
4
2
9
51
52
35
35
43
50
55
12
56
21
32
28
6
43
3
83
99
77
43
3
-12
-10
16
7
38
17
130
20
1
24
11
49
34
39
17
5
67
44
68
80
57
54
11
-5
66
19
51
42
11
24
49
-23
1
10
41
56
54
38
38
-4
57
75
27
7
21
-23
3
44
16
40
21
39
26
28
35
85
-2
61
57
44
32
58
65
60
44
84
3
-8
22
21
43
33
65
29
37
50
21
18
28
-18
32
35
45
35
11
4
12
44
52
23
60
-13
57
54
72
18
54
48
42
5
-1
40
50
20
6
33
51
53
-9
-20
23
74
17
28
77
74
51
38
65
24
-33
10
-6
37
10
53
75
57
22
12
36
40
57
37
40
22
41
59
-14
56
20
-12
40
35
-11
54
36
49
17
58
35
52
42
17
20
45
83
38
41
52
40
-17
23
33
40
5
55
56
28
-22
58
26
10
8
41
27
36
16
49
0
26
40
-13
40
55
38
43
9
37
67
102
22
24
-4
38
-17
5
-2
1
54
57
5
6
9
69
67
49
29
41
27
49
20
27
42
22
36
41
17
54
49
28
-2
19
53
70
32
-12
0
72
33
90
43
52
9
34
48
50
9
26
55
34
37
35
27
55
9
48
27
26
24
54
3
48
33
37
28
24
-1
23
17
26
11
27
25
54
60
21
-5
-14
40
49
48
22
24
38
59
60
43
40
23
-18
-2
-13
22
56
23
-5
26
13
49
57
20
51
33
68
26
12
32
83
-57
51
35
8
59
29
26
60
3
22
51
48
54
16
26
19
96
146
51
50
10
-58
-7
-13
33
28
38
2
16
17
53
11
16
-17
29
16
33
38
35
4
54
4
65
107
65
52
17
41
4
4
4
23
24
41
36
45
23
13
97
60
48
65
-19
27
35
58
53
25
26
33
-2
24
5
32
19
50
18
8
37
25
20
5
32
22
73
27
-21
17
51
-17
40
44
85
49
29
23
52
72
68
33
17
38
52
25
44
20
21
2
60
38
17
29
33
11
16
17
48
33
53
44
33
53
28
23
32
-34
1
43
42
65
99
26
3
35
26
-5
23
39
-4
50
35
8
49
18
13
82
10
36
7
52
7
51
16
40
49
37
38
22
9
67
48
28
11
27
25
0
41
68
41
64
51
57
41
27
44
28
50
23
-12
11
17
54
16
50
118
116
-26
8
-2
-19
-10
3
41
48
71
66
-18
185
100
23
-24
-3
0
-10
-11
21
60
44
-20
33
52
-2
-7
-4
20
72
201
156
21
44
-27
-7
-56
-40
34
-25
3
39
70
-19
104
21
105
41
5
37
41
37
-2
148
85
52
-4
-4
4
-9
10
0
10
39
25
17
36
18
65
72
41
10
24
-21
90
67
32
77
16
6
52
90
83
9
17
-40
8
34
-3
36
12
17
101
54
4
8
54
90
42
76
41
55
56
18
9
19
60
35
19
25
24
49
42
7
16
38
32
21
32
36
33
65
23
52
40
28
8
27
48
10
2
28
6
40
5
67
51
81
-5
71
-10
38
80
49
23
4
-19
-29
81
-33
16
88
24
-18
39
29
7
24
-20
58
17
84
-24
-3
84
16
84
27
18
45
51
27
53
75
130
22
81
44
115
185
356
-210
179
-115
-36
-59
-99
-84
-90
-85
-53
10
-85
-23
27
5
17
65
25
86
150
88
10
68
-5
70
40
51
83
54
25
48
65
42
136
43
4
24
-19
-38
43
21
-6
21
77
-12
38
139
52
10
51
32
24
13
56
17
36
100
88
9
42
65
50
28
50
52
33
-28
-24
-17
11
71
38
92
73
33
53
7
1
1
11
33
38
77
38
17
-20
109
73
37
11
-3
56
25
39
35
16
32
65
54
38
-6
-60
7
27
0
67
59
106
23
4
55
23
-7
-21
163
163
64
-181
130
187
132
115
80
54
-25
-92
-103
-20
-66
6
-75
-30
19
38
50
32
18
2
39
40
33
-6
22
99
106
71
-6
28
-7
-4
-35
42
-20
12
6
60
65
87
67
81
99
36
12
32
167
307
326
89
-145
-265
-169
-151
-123
-25
-35
-2
-26
41
68
90
103
66
45
21
60
60
81
45
45
-43
59
4
24
108
11
64
8
54
-11
17
39
75
26
51
22
41
-25
165
186
52
-41
-34
-44
-26
-43
-59
40
18
9
27
2
49
56
40
32
36
35
44
32
83
108
21
16
70
2
16
1