0
35
4
65
8
69
-18
39
28
-12
25
-7
34
40
70
35
-19
-25
12
66
7
17
2
65
38
54
25
48
17
60
10
28
35
35
34
48
8
28
-37
-11
7
50
68
105
8
22
64
-13
-3
59
75
1
40
-5
27
-13
64
86
20
38
60
51
24
52
67
35
8
26
41
17
-1
20
88
-6
44
57
20
5
35
39
4
-3
29
51
25
1
22
44
11
40
3
-2
24
7
74
34
65
58
49
39
50
54
43
65
41
67
34
54
29
60
10
17
44
12
56
42
40
45
39
34
37
28
22
28
38
9
66
26
22
28
12
75
16
25
-5
42
59
11
33
27
10
9
-8
34
58
65
36
16
21
65
43
5
-3
-29
92
51
18
22
-10
72
58
57
1
6
12
67
42
29
28
59
20
71
56
39
50
38
10
58
56
22
-4
3
24
29
9
16
-28
25
22
32
28
17
49
25
6
37
64
-1
29
72
39
54
19
35
20
32
24
20
56
34
25
35
1
36
37
56
84
22
44
-21
8
-10
29
-17
83
73
74
8
61
18
25
32
16
54
41
52
58
10
23
9
55
27
56
2
1
53
40
23
0
21
37
33
34
64
61
-5
24
-2
13
19
35
26
-23
20
99
36
2
48
53
42
6
-4
28
65
40
-23
17
21
19
3
93
42
56
40
35
-9
-12
16
68
-1
17
28
43
1
73
26
49
41
53
43
64
69
42
49
60
41
38
57
-6
85
25
48
32
32
-10
49
58
53
11
54
36
26
24
33
28
-1
24
10
9
18
22
17
9
4
90
27
20
-2
33
44
84
-17
59
13
35
8
42
37
35
13
51
3
35
6
44
67
41
44
25
21
8
65
7
49
26
5
60
-8
51
6
27
-17
39
0
8
40
28
32
36
-28
57
27
61
18
28
22
55
-5
-2
81
89
69
11
19
17
49
24
18
34
43
42
42
17
58
9
34
54
29
24
32
53
56
16
9
21
34
52
17
10
54
35
22
6
1
35
43
40
23
39
16
43
40
18
33
70
10
43
4
25
11
13
17
32
11
32
57
16
26
38
44
74
24
38
34
65
16
25
9
50
57
67
57
38
56
9
16
49
26
7
37
25
29
24
54
71
33
-5
-5
34
73
44
18
32
-5
19
26
-13
36
50
28
59
70
16
55
37
3
33
18
18
58
1
71
6
70
21
10
-11
35
-4
33
7
-10
51
33
69
52
39
70
33
48
28
34
28
72
27
56
8
36
8
20
-10
10
112
100
42
39
16
-9
12
-1
-41
40
35
18
23
33
17
54
24
34
36
13
13
25
9
51
44
89
54
85
44
42
36
26
60
33
-1
26
41
2
32
1
56
27
53
10
40
58
76
38
45
-37
118
192
42
38
-66
-18
16
12
23
16
40
1
26
52
48
41
8
64
36
56
7
34
24
54
59
39
37
12
25
40
24
70
8
37
19
10
10
9
56
42
42
36
-25
23
52
-4
21
37
41
28
22
17
76
8
38
-1
54
42
1
23
59
40
36
25
32
33
19
39
12
49
10
23
21
51
37
19
28
45
25
6
39
21
34
26
70
51
-5
-1
36
32
9
42
16
-4
20
55
40
18
22
4
11
5
74
8
21
43
21
27
17
5
37
59
22
44
32
28
66
25
34
25
33
16
35
18
34
53
-24
74
21
7
44
5
68
9
24
-6
16
85
135
104
54
48
-24
3
-35
-5
4
-4
38
13
51
45
10
81
39
53
72
105
42
32
28
76
53
7
136
156
-106
29
8
1
-33
16
44
20
-4
21
6
-2
43
44
86
68
51
27
10
3
8
-9
34
24
50
97
43
-2
42
33
28
74
13
101
48
48
19
-19
92
36
20
34
10
56
51
19
-30
-34
11
48
38
9
49
-3
34
13
59
10
43
-13
59
82
4
38
43
48
52
6
-24
76
89
-26
75
-14
-2
20
16
70
4
121
135
37
34
-76
20
17
-52
-11
43
75
36
50
22
36
5
107
-25
34
119
-35
36
48
68
40
32
49
-5
-36
34
73
83
11
61
33
44
34
37
6
18
11
55
68
6
68
23
22
32
56
24
59
70
13
26
3
25
37
33
66
-14
13
48
45
56
64
5
43
20
27
-4
55
44
3
92
6
7
-24
36
52
34
20
41
28
40
-7
-26
33
1
17
55
6
52
59
51
5
74
55
27
10
36
24
67
18
23
51
28
26
38
19
37
11
51
7
32
3
9
25
42
22
36
49
-37
87
43
35
55
39
28
22
11
88
24
57
33
-4
-12
-5
80
16
73
26
-8
13
91
42
67
34
24
23
41
20
27
19
12
43
36
123
41
19
44
-5
26
48
44
52
44
10
-60
44
38
16
24
29