0
49
68
-13
21
50
32
38
-2
43
84
56
98
154
80
45
-73
-78
-49
-66
25
7
19
102
150
188
129
83
18
-140
-113
-42
-27
-17
5
88
16
49
41
52
89
-11
49
26
4
57
13
28
16
41
22
37
-3
60
70
27
0
51
83
51
41
25
16
32
21
58
72
17
42
23
51
6
28
27
33
26
33
12
7
55
51
55
45
36
19
4
33
50
-4
44
25
56
13
4
45
52
19
11
-18
57
45
33
43
17
36
-22
48
0
52
6
25
22
29
22
7
38
33
-4
50
53
40
10
34
27
39
55
16
44
12
2
24
-4
61
-6
37
28
6
39
52
17
52
25
8
36
26
77
23
37
23
-6
64
33
68
44
69
58
34
49
-5
29
-10
36
11
66
68
146
168
203
172
54
-70
-85
-99
-28
-3
43
-19
-12
-23
21
-22
2
37
3
33
24
44
25
26
49
32
77
90
135
181
153
60
-57
-65
-93
-75
-18
5
40
49
82
74
23
-4
17
2
38
40
75
34
-2
65
-8
27
73
28
-23
43
16
54
39
56
-2
35
-8
55
52
36
25
54
33
18
28
50
9
21
38
10
57
68
36
-21
20
57
54
37
21
3
22
27
68
32
50
8
16
35
-19
50
52
29
72
16
12
1
57
16
25
21
10
43
54
8
-5
38
29
51
18
44
9
-12
42
60
44
23
33
-29
17
41
32
0
29
55
53
96
19
12
24
54
71
3
21
-39
20
38
22
74
36
20
60
50
18
49
10
11
21
7
41
60
39
42
53
32
22
74
13
22
26
26
48
7
-4
-27
20
26
41
34
-4
57
41
66
74
28
7
37
39
20
16
80
28
39
48
39
12
54
37
52
51
51
55
28
55
9
-2
-7
4
37
50
48
19
19
23
45
82
26
12
43
39
18
10
22
2
2
13
85
28
58
33
16
70
51
23
-21
0
-14
6
26
24
50
13
52
16
100
12
37
9
41
42
60
-21
6
10
51
34
26
42
27
7
16
40
34
37
58
18
-1
18
-2
26
-42
22
-4
42
87
39
22
84
65
37
39
27
19
36
44
-1
3
38
34
27
52
60
-9
36
43
25
28
-6
37
7
53
22
41
4
16
17
48
49
75
6
18
58
49
27
-3
-7
53
7
-24
71
44
44
61
40
33
-26
32
32
37
20
18
64
0
82
-3
37
24
32
38
60
93
17
33
28
36
24
28
55
34
88
12
48
6
59
-9
23
36
48
38
43
17
29
6
34
45
58
-10
51
-6
-37
17
22
54
33
60
48
28
60
56
22
11
44
56
36
72
20
72
6
4
71
17
43
54
52
29
38
34
34
27
27
-6
22
-7
-20
28
27
40
42
58
19
25
-14
50
27
26
58
39
48
10
28
45
16
119
170
164
88
99
-13
-68
-17
27
42
121
113
84
64
-25
-70
-124
-188
-164
-89
-39
40
80
89
-12
76
51
21
61
20
70
25
11
22
28
21
64
56
26
38
51
70
53
51
9
77
92
53
64
6
41
37
39
64
77
61
42
52
25
38
16
-12
43
53
39
35
45
17
34
9
20
55
36
60
-20
18
9
11
53
3
64
35
61
20
7
18
33
26
55
69
55
49
19
54
58
34
73
20
39
28
-5
-7
12
35
26
45
68
26
73
25
45
28
37
27
7
51
11
44
17
36
35
32
27
12
49
38
43
39
57
5
42
22
11
6
22
41
5
20
10
69
27
53
8
61
11
-4
20
36
29
13
60
83
56
35
41
55
23
25
36
39
19
18
53
27
35
38
12
84
8
51
40
1
58
71
18
-14
60
33
41
22
34
19
27
52
22
19
23
28
24
24
21
22
48
17
5
24
7
27
11
23
43
0
42
19
36
-19
68
49
5
34
17
43
49
12
37
26
37
28
20
22
22
38
17
45
53
6
8
36
57
6
17
27
18
29
17
45
7
28
3
39
26
27
1
93
17
22
16
28
32
28
7
58
27
65
54
45
44
1
5
64
8
64
20
40
35
25
3
18
9
59
23
48
33
51
12
55
70
53
16
41
7
61
25
41
34
60
21
18
-39
24
41
42
40
39
72
37
-2
24
13
-4
48
12
41
12
36
24
50
26
26
-14
51
29
36
55
76
58
10
38
20
51
66
35
42
-2
27
-3
70
76
83
-11
9
-5
61
56
25
7
27
22
43
19
26
39
39
48
-5
42
0
49
39
58
61
26
-3
17
18
36
21
51
41
29
91
72
123
66
74
57
-41
-83
-43
-68
-37
-44
11
40
67
41
52
59
70
49
51
48
32
33
48
0
12
41
85
75
56
17
41
61
56
19
-6
38
24
13
64
3
-5
22
2
27
25
38
32
8
71
42
-7
-3
19
71