0
38
35
-4
36
59
83
55
36
68
4
18
41
7
22
18
38
8
-7
33
54
29
48
40
24
1
23
64
39
26
44
1
-25
21
33
66
65
73
36
9
43
25
44
10
17
77
82
54
38
20
37
-5
16
22
-7
69
19
22
23
43
66
58
38
24
41
20
41
42
9
57
83
40
-12
16
55
29
41
19
-8
24
24
17
24
67
60
-20
19
39
25
7
57
44
34
44
17
23
5
3
-19
38
35
22
44
44
80
-1
21
35
10
21
19
61
34
92
113
97
85
19
6
24
20
21
25
-6
8
8
33
18
43
35
54
43
77
29
38
67
64
-24
45
41
-29
50
-17
22
-11
-65
8
49
108
37
28
9
-6
9
-10
-25
33
9
6
55
80
27
66
-2
-5
18
25
4
16
35
23
54
39
40
42
59
60
67
8
3
119
112
-5
33
23
11
25
-2
32
6
-21
53
20
74
57
69
103
64
37
33
12
43
9
25
21
11
53
53
54
35
26
73
4
68
20
49
5
51
25
43
37
81
74
13
64
11
49
36
44
44
11
33
35
50
41
27
58
25
36
20
34
17
50
51
5
26
0
41
44
24
11
38
28
21
32
41
70
6
10
58
3
37
-27
22
20
27
-11
4
36
23
52
28
49
41
59
9
40
-66
71
-49
43
35
33
-4
59
86
-6
96
48
45
24
1
-8
-29
36
29
49
27
67
65
64
37
58
66
27
16
34
-21
21
51
18
11
51
19
21
67
67
-6
-25
50
32
39
7
49
26
35
5
8
13
-1
43
17
39
20
18
32
36
12
24
68
26
-29
36
53
36
16
34
23
26
23
7
61
37
86
39
45
51
33
21
-5
19
33
41
21
6
68
28
42
60
36
29
69
53
19
69
34
97
35
41
23
40
45
18
17
-23
-6
-25
64
26
68
56
-18
3
11
53
6
66
21
35
25
72
42
65
38
49
33
2
51
20
26
45
51
11
12
-2
-21
35
35
52
20
10
27
5
32
8
80
68
57
29
-26
-51
43
51
33
-3
17
22
-3
28
59
91
98
32
20
-2
5
24
-3
-5
17
43
-39
7
57
76
51
24
66
24
112
84
48
60
-37
-51
52
-20
19
-11
56
10
57
-2
26
13
54
34
0
38
33
41
-5
32
8
16
7
27
3
55
59
81
21
65
29
28
58
57
59
54
59
32
44
53
43
25
80
39
-5
19
-2
55
36
38
67
-1
53
56
57
-2
72
38
25
48
50
60
11
41
21
8
-1
-40
-9
65
34
45
24
9
24
17
38
88
93
7
55
41
53
72
55
27
34
26
-4
70
48
-2
-1
19
2
44
26
72
44
-1
49
21
19
64
4
80
-9
39
36
4
24
52
13
-3
18
64
13
52
40
-21
-9
-3
1
39
-8
19
6
44
21
-7
34
76
55
19
52
20
-19
2
66
10
70
12
87
61
26
42
25
61
45
58
4
43
-7
66
76
-2
52
26
53
32
38
51
0
16
28
32
58
23
11
43
19
42
32
52
38
75
71
54
25
24
27
45
4
54
-23
-33
-9
12
29
-3
74
34
45
9
35
67
28
104
84
21
24
-41
-30
11
-36
38
22
36
33
20
1
-10
68
3
44
16
57
17
52
58
4
35
5
41
-13
102
40
70
38
55
-7
16
129
160
34
5
-11
17
19
-43
10
-7
65
12
17
39
5
33
32
37
21
25
16
33
39
19
4
41
27
42
61
-5
74
55
43
-2
21
-26
38
33
52
2
11
19
90
36
54
28
22
48
69
58
54
29
54
50
53
32
38
26
17
43
28
52
12
65
0
-1
40
38
59
-1
50
61
-2
32
22
38
4
36
29
35
55
37
8
17
34
0
40
25
69
1
37
27
40
7
32
32
50
50
54
38
58
-11
-1
39
28
75
44
17
52
3
6
7
-10
57
64
61
41
35
27
23
85
52
60
10
5
24
-3
27
64
11
52
28
48
67
29
23
42
56
40
58
39
55
54
17
8
26
26
18
35
54
21
33
35
40
39
40
38
57
57
34
71
48
49
52
40
29
25
17
49
38
20
8
33
51
20
-3
66
58
32
51
53
17
57
27
27
97
40
-5
36
24
9
24
25
71
37
36
8
23
-5
37
99
93
58
-13
13
-21
6
-4
57
32
50
27
71
21
68
3
-18
39
18
10
-1
-24
16
6
36
58
68
1
40
2
41
20
32
69
48
33
9
3
9
-2
17
26
21
21
9
39
36
53
58
-5
49
27
36
34
17
58
17
36
4
22
52
42
81
201
139
-14
5
-34
-14
-5
1
43
41
-7
32
-13
32
58
57
59
22
54
16
28
17
28
34
-3
60
22
65
2
57
11
51
49
20
5
51
18
49
52
33
1
28