0
29
19
41
23
60
-4
59
22
25
7
33
70
48
56
37
-27
17
57
39
32
34
36
22
21
22
19
-7
52
12
7
24
12
38
40
36
22
27
17
52
9
65
97
37
25
-5
-18
25
-30
-3
20
4
64
49
48
32
41
-17
82
53
-5
55
27
50
26
22
19
7
33
54
9
48
18
41
74
64
40
39
33
36
53
76
22
26
5
56
45
43
-6
11
4
28
33
36
11
33
42
35
12
32
3
35
33
33
51
25
56
19
56
16
48
29
64
39
32
57
87
55
33
0
17
54
17
86
-4
3
-17
40
12
57
4
97
61
20
11
37
43
16
32
28
-8
26
53
72
40
21
69
20
34
28
57
40
84
-50
75
68
4
-7
-61
-73
-77
-52
-12
44
102
100
68
100
20
43
50
34
40
24
42
37
7
67
124
257
257
115
-60
-85
-51
6
-38
-33
-7
0
16
27
-12
9
37
4
22
35
3
65
6
42
1
18
24
24
32
17
16
-10
-49
40
56
28
37
48
56
33
23
19
89
114
291
204
26
-61
-72
-37
4
18
-2
7
35
8
49
13
-1
39
52
-24
49
4
36
43
-5
18
55
7
34
-7
56
5
7
21
-7
60
64
26
36
49
53
11
28
29
-5
32
40
9
22
48
96
61
56
29
73
16
52
52
9
45
28
-9
7
-9
16
10
72
6
32
10
37
28
41
37
53
28
3
16
67
81
50
24
29
29
80
32
37
17
64
43
49
-40
-41
39
50
66
26
20
32
-5
40
48
25
34
53
3
20
1
68
54
41
64
9
59
-14
21
26
48
20
24
42
70
-5
50
28
57
-8
66
28
42
1
27
53
25
58
2
17
24
17
58
-5
32
2
22
23
38
36
60
28
-9
55
8
28
20
51
28
68
58
20
7
51
10
-5
18
23
68
-11
36
81
68
44
41
20
41
18
34
66
6
1
9
16
53
29
64
20
50
-21
-17
9
-1
24
18
-5
2
27
25
48
91
33
28
-7
52
34
70
40
58
51
40
-4
55
4
135
112
-84
-105
-19
-73
50
19
-33
65
21
3
22
37
12
84
75
118
68
-37
106
42
11
17
56
103
50
-35
102
61
4
-19
-27
55
16
80
76
41
11
53
40
64
49
36
45
66
137
-26
-53
-11
1
4
42
-1
5
25
-12
2
49
38
28
24
75
28
37
54
40
25
54
65
20
21
36
-18
27
0
66
9
53
56
37
38
58
44
36
40
12
-13
3
1
42
21
57
58
64
35
77
27
-26
36
-20
33
16
33
9
84
22
25
4
23
10
49
-18
28
38
26
80
44
59
42
16
2
34
60
22
-9
38
19
-13
39
71
53
25
37
11
18
27
-5
49
21
34
21
-25
131
118
40
6
23
-4
4
-8
8
1
27
16
37
8
54
40
52
7
70
38
34
112
2
40
21
20
36
106
41
93
40
25
32
44
16
36
33
-33
27
25
52
22
25
83
50
107
36
53
7
7
-9
27
8
40
5
13
51
-1
12
-41
85
57
12
29
-9
50
-6
57
-7
57
8
35
9
2
39
25
71
48
69
73
39
72
7
8
-18
38
24
28
34
48
12
28
43
25
27
71
19
9
33
28
-33
19
-58
34
82
33
8
36
56
25
56
26
66
24
12
85
38
18
16
113
146
54
11
-2
-38
-4
-26
4
73
0
19
36
11
74
52
22
48
1
17
11
50
24
39
49
48
16
-39
20
87
17
5
89
68
50
10
35
49
41
40
22
20
13
53
32
1
18
66
85
35
-22
-19
-9
57
51
0
43
49
-3
35
45
13
57
5
52
87
22
26
114
38
35
68
39
56
27
-6
26
34
16
49
-7
68
65
27
52
25
12
20
81
37
57
23
35
36
27
-35
38
4
50
16
45
-3
11
27
60
27
22
90
76
25
43
-25
9
57
19
20
70
60
-51
42
18
8
42
-23
42
3
3
1
37
12
66
2
9
53
38
-4
5
32
37
25
51
16
9
26
22
16
-8
59
33
10
5
33
32
41
59
44
42
8
27
49
82
11
11
54
32
48
54
41
-2
64
70
41
-4
37
23
43
-1
53
39
59
29
23
27
23
51
36
41
40
38
8
32
23
-21
21
12
36
12
11
23
59
37
53
-8
43
17
5
56
12
11
-12
24
34
38
77
34
35
42
43
23
23
60
39
35
37
-19
48
32
27
71
18
0
22
17
44
19
40
12
9
53
34
55
41
76
49
4
17
32
12
65
38
60
65
7
-14
67
90
26
10
12
36
57
115
29
25
2
34
13
10
48
48
36
-5
-3
28
41
19
58
32
6
35
25
80
-1
75
36
-6
56
-3
76
18
48
-6
18
18
-20
38
54
64
118
73
51
26
17
29
90
10
33