0
-43
9
43
17
19
27
23
58
-1
84
54
25
36
43
39
70
16
80
16
34
35
19
37
37
54
11
34
27
13
35
10
21
37
27
25
29
4
44
27
57
13
25
58
26
36
3
-42
6
42
52
73
68
145
38
28
13
-24
-23
37
9
33
33
39
20
10
-1
60
19
41
28
64
25
13
38
51
11
53
27
83
74
138
68
41
0
-8
-28
16
26
39
74
-11
32
35
41
33
11
25
50
28
35
53
22
2
4
17
66
52
67
80
9
40
12
42
57
64
64
88
58
28
57
8
12
71
49
50
-2
49
23
39
42
35
27
-4
10
-35
6
-26
88
12
40
-6
24
59
5
55
52
38
72
38
40
57
-2
39
49
43
7
80
11
-10
35
7
36
4
56
57
26
24
27
-11
57
16
51
48
39
37
75
64
52
67
6
56
58
17
28
48
7
-5
-5
4
38
33
8
49
53
55
19
-14
86
85
25
69
41
-2
-4
1
16
34
24
65
11
56
32
4
38
-37
17
7
29
56
22
70
37
9
52
52
36
37
2
54
51
17
42
29
35
27
60
38
56
64
33
32
70
45
9
-8
40
45
35
-9
76
37
6
48
83
35
10
76
34
39
39
75
67
-2
8
8
9
0
27
91
40
75
23
7
17
28
50
17
59
35
21
54
-9
61
49
40
54
34
39
36
69
59
58
43
28
44
34
83
4
2
24
64
-25
2
-10
12
18
16
8
51
9
42
39
68
-4
34
28
21
23
3
4
51
27
37
38
24
23
10
27
44
76
21
19
-2
57
74
64
68
7
24
48
80
34
-10
4
-6
22
52
26
17
19
28
65
43
-2
-5
19
34
64
71
60
26
26
22
44
42
25
52
34
0
-13
13
29
61
58
29
24
-6
26
21
36
73
37
34
5
-5
42
25
51
33
83
35
37
66
34
60
4
40
41
69
-6
7
42
8
9
58
5
-3
7
19
48
-5
20
34
23
42
20
42
43
21
8
44
12
70
108
-17
32
43
-26
18
-9
13
112
41
18
20
-1
25
-10
32
53
29
7
54
22
18
57
40
51
41
23
66
35
34
27
69
26
34
65
9
55
60
35
92
48
29
13
35
34
27
32
13
50
17
1
6
25
36
28
-5
-19
68
58
43
-22
37
27
2
-3
39
69
56
41
60
41
45
-13
92
1
16
41
11
56
40
0
-45
163
268
35
42
-60
-42
-28
-28
-1
11
-10
2
51
57
52
92
56
29
20
1
11
39
-10
81
99
25
-7
-38
51
36
36
35
17
82
82
2
20
54
23
56
-9
18
39
49
5
23
36
74
52
66
82
6
16
-17
52
24
123
48
21
33
103
4
83
104
244
186
202
140
147
53
22
-22
58
-33
-117
-10
-25
48
104
81
23
-6
-37
-37
25
22
-45
50
85
4
21
34
54
12
57
51
27
0
80
35
39
39
48
70
18
35
-39
52
20
-21
35
28
10
3
32
48
4
44
64
57
65
18
7
-5
12
57
43
50
33
69
19
50
-8
28
101
146
41
20
101
-13
36
65
21
53
-9
-9
-10
-9
17
-2
20
-23
-35
23
7
55
-38
84
-18
93
35
1
73
11
156
50
-56
-18
107
-42
92
124
66
45
74
8
19
-13
68
33
20
55
48
99
5
3
2
72
0
36
5
37
60
35
-27
67
-33
55
50
-12
19
18
-6
-10
10
42
-3
77
139
103
92
-27
-2
16
19
6
38
66
71
56
11
37
13
52
23
38
19
56
54
49
37
52
-12
11
11
23
85
0
26
25
3
22
50
18
12
1
75
21
57
7
90
72
-13
57
183
76
33
-3
18
36
65
-10
9
33
48
56
80
-14
-28
66
19
6
54
11
-17
-24
16
9
75
-26
-7
71
70
2
72
35
55
73
29
27
85
10
50
-13
3
43
0
39
24
58
38
50
-22
-30
64
0
71
8
74
2
64
73
18
34
37
8
69
50
42
80
20
27
54
33
23
71
12
12
41
28
35
53
49
-7
3
2
20
22
-8
27
19
40
52
19
68
45
26
33
24
12
52
55
36
108
-21
71
35
23
-5
12
4
16
4
40
60
61
60
84
45
0
57
34
28
9
45
33
41
37
32
-4
-2
-6
-1
24
-10
57
-2
21
26
80
18
38
19
52
36
33
0
34
17
51
64
60
89
101
35
11
-34
-10
-3
36
48
0
-13
25
49
6
27
67
60
42
18
19
28
37
34
0
82
13
12
33
-5
83
-3
21
-2
40
10
41
48
26
23
3
2
52
2
17
33
37
41
39
22
7
26
26
44
17
41
25
-20
50
77
65
81
38
55
9
53
51
44
38
4
22
10
22
27
17
19
10
22
11
43
-22
34
45
24
16
64
32
51
70
-5
34
11
5