0
33
69
3
27
17
27
18
10
40
38
25
75
40
42
76
51
36
2
-38
-7
6
52
72
34
6
4
19
-23
2
58
57
54
41
17
35
43
25
39
53
66
48
50
-4
3
36
64
52
87
56
40
45
13
42
56
8
6
13
-22
34
-7
40
33
32
-62
42
107
0
73
16
20
-23
32
-27
93
129
9
104
5
55
43
-13
2
10
-51
16
21
113
17
81
41
39
58
5
-1
60
9
6
-19
-10
23
-74
8
45
-4
177
21
97
0
145
28
-7
-24
68
42
59
2
10
41
7
34
58
50
-5
-44
41
65
-8
45
26
68
41
87
55
87
17
99
-18
48
42
8
-23
24
3
41
85
61
20
39
-38
-11
33
54
101
105
6
-40
-44
107
118
17
16
-36
21
-22
22
116
11
-85
44
1
-14
108
-167
82
8
114
40
70
-22
-10
27
33
12
58
43
58
57
88
86
65
106
56
12
35
4
72
12
9
-11
20
35
-24
4
-10
98
18
107
55
20
99
20
11
19
2
71
-30
6
35
50
51
38
39
-26
38
26
45
10
56
2
50
19
5
54
25
35
49
21
55
75
-21
2
-34
9
54
28
43
36
52
17
32
19
49
67
4
49
33
-3
39
53
17
70
16
20
40
-59
25
4
19
42
11
40
17
44
39
42
8
66
9
8
-5
8
33
10
9
5
68
48
61
-20
45
20
34
42
70
35
19
66
21
1
16
38
-28
38
82
40
43
19
51
35
34
51
24
35
86
18
38
34
51
24
65
12
35
58
12
38
34
66
-14
83
43
8
9
3
8
6
59
-6
64
38
50
-11
19
83
23
32
49
28
44
26
67
44
33
2
18
39
24
68
26
12
19
41
28
22
44
9
25
69
13
-11
49
54
35
51
18
19
65
-11
52
3
-1
7
16
77
50
26
36
-49
55
39
26
49
35
-1
51
-22
38
27
28
19
34
23
37
60
-22
-18
-73
71
85
-4
-11
-1
-12
17
-2
21
65
33
48
-8
97
25
76
21
32
20
37
5
-5
1
67
102
21
56
28
26
6
16
-5
-3
50
20
71
60
53
-14
8
-26
54
43
40
29
24
-34
18
98
68
26
18
-7
24
12
55
19
-6
44
32
21
66
27
39
49
24
8
-5
25
16
-11
27
57
24
-14
28
19
44
64
34
6
56
5
5
4
18
35
36
67
57
-11
29
17
40
45
6
76
41
55
43
56
23
40
28
21
35
25
21
-12
59
3
17
16
7
43
2
64
74
59
45
81
41
29
16
10
61
29
-22
6
37
91
11
36
16
7
57
40
65
21
49
65
99
51
74
58
34
39
42
41
28
23
37
-1
52
44
12
53
-2
49
-9
10
23
50
2
39
72
38
26
3
13
40
52
84
21
59
0
8
6
-12
60
55
45
6
44
1
22
1
7
22
65
23
10
77
81
42
75
17
48
55
27
25
36
24
-11
11
34
38
3
23
-6
52
22
17
-26
60
-10
34
23
52
33
25
19
-26
53
36
21
49
12
52
10
28
41
48
22
23
70
4
51
43
39
67
4
26
23
9
58
29
67
24
17
69
48
51
1
-20
18
16
20
24
19
28
20
26
26
-19
7
49
36
21
61
-2
54
28
39
5
86
22
22
35
60
42
33
26
38
21
65
19
54
32
7
59
44
54
2
28
44
33
55
32
18
37
37
28
48
17
75
-88
72
77
25
28
21
25
5
-26
2
5
67
-26
18
1
-2
32
36
-3
27
26
67
40
68
64
27
32
-6
33
39
16
17
27
41
33
59
38
85
40
35
18
13
27
44
37
22
23
40
51
-18
48
21
34
8
28
87
44
4
32
53
26
20
-18
25
97
-8
17
6
6
-9
29
29
67
41
20
53
44
42
24
-10
41
6
52
9
50
12
64
68
33
-2
70
56
21
6
28
-17
36
25
84
22
80
19
43
35
-4
66
34
20
-25
7
42
24
39
27
50
3
5
33
52
-1
24
66
48
70
40
52
48
23
-17
68
-9
72
39
10
24
28
20
33
28
66
22
36
39
48
44
48
12
37
39
45
32
37
26
16
21
-6
-4
11
13
39
8
39
64
28
-11
9
17
16
21
18
37
2
76
26
-6
68
-11
53
-23
51
-12
56
36
72
13
49
34
-8
4
57
69
53
10
25
55
55
43
25
36
42
71
17
27
52
48
33
10
-26
-11
37
0
38
74
33
71
32
35
54
39
-18
26
39
41
43
28
57
16
6
-14
49
21
60
88
38
54
29
35
23
43
43
4
6
26
35
-22
50
68
40
44
32
65
56
123
40
53
12
10
43
43
36
49
42
33
51
39
48
39
37
69
67
48
74
-7
17
17
39
6
52
1
52
24
59
32
-43
55
-1
59