0
-28
13
-2
22
0
53
-13
36
36
44
29
8
-39
59
40
57
49
21
55
26
26
-36
102
7
38
-18
56
21
13
-2
16
28
8
9
52
50
86
81
4
3
42
0
0
57
56
-19
61
71
16
25
-11
60
-2
34
-12
1
27
49
65
68
41
-5
88
45
39
-5
22
13
9
19
5
4
34
20
-4
6
26
-25
36
49
24
0
26
69
10
58
57
4
49
45
-24
-8
39
40
26
11
72
49
43
9
21
55
41
26
17
-10
84
2
8
21
20
43
5
64
19
69
-21
36
-35
12
-1
55
34
68
29
40
12
69
3
1
28
1
41
-12
73
11
38
73
21
18
38
74
43
-5
21
0
39
36
0
51
41
24
21
23
28
38
9
12
25
59
28
33
28
27
53
45
68
40
-6
32
2
68
33
-3
23
50
35
12
52
34
61
5
40
49
44
24
53
13
41
-8
51
26
34
8
39
35
1
1
44
16
38
51
73
-21
54
-5
66
-19
3
-38
56
34
59
18
-33
67
28
57
22
41
58
69
70
38
21
34
27
67
21
17
-33
25
37
26
68
23
42
56
43
28
39
-4
43
-8
34
84
50
19
28
17
53
21
40
60
33
26
28
66
53
22
-7
26
37
60
51
19
28
18
8
56
70
54
26
56
55
50
-3
17
52
40
36
7
54
8
5
36
25
24
22
35
77
40
36
42
39
37
44
35
-6
72
89
27
49
13
-2
-25
12
55
7
38
20
21
-22
28
13
11
70
22
76
66
-13
-17
12
86
57
92
35
58
71
23
53
53
76
28
59
21
13
25
21
12
17
18
-9
83
66
44
11
56
17
70
66
25
52
4
40
57
35
50
28
37
56
-7
28
16
26
-20
41
-36
26
1
2
55
54
1
24
22
17
6
57
12
69
33
58
36
9
3
20
20
35
43
51
40
-13
57
24
37
-18
12
86
-6
40
22
7
11
9
21
131
1
-20
20
21
35
54
69
58
53
11
53
65
22
124
6
75
6
38
9
35
105
89
19
22
37
-37
10
-17
67
48
33
-17
5
-5
24
57
80
42
22
12
11
16
2
26
38
34
-26
23
59
37
24
-22
-5
82
57
50
69
33
50
150
40
72
37
39
-20
42
-27
10
-3
-37
57
-66
80
24
38
-11
-23
87
76
54
36
71
18
-1
55
75
59
-4
22
-1
4
37
36
-17
-9
66
29
96
39
87
37
50
19
36
3
48
54
-8
40
-7
66
52
4
82
54
1
54
19
20
8
4
41
18
40
-13
17
59
42
-22
26
68
96
115
134
-92
68
-53
1
-7
-43
-9
18
54
41
27
-11
16
24
16
-12
59
12
55
42
-4
37
53
17
28
21
92
45
26
113
65
33
75
52
70
10
32
37
39
59
34
-25
-26
26
13
38
10
54
28
42
45
65
68
-21
69
11
23
72
-2
44
23
40
75
36
-25
-4
-51
-26
24
7
22
87
70
44
70
-42
40
82
27
26
52
27
64
18
60
12
101
48
21
54
28
55
19
58
41
53
-10
40
27
-3
35
-19
25
41
44
39
23
10
-14
35
34
13
-7
28
34
-10
60
27
80
21
69
40
51
53
-4
-6
59
44
28
51
51
28
42
9
74
42
55
70
41
53
32
43
37
83
5
-29
10
25
35
92
0
18
11
40
41
43
66
22
-20
17
33
39
22
19
24
28
13
39
10
37
27
28
73
41
21
82
57
43
58
48
18
45
12
7
39
39
44
27
21
35
53
83
56
29
57
67
24
19
2
68
33
42
25
10
20
92
35
4
23
25
35
65
75
9
41
-40
51
42
41
34
39
45
27
4
33
13
0
0
20
56
28
66
36
38
20
1
58
27
37
-29
-21
22
53
82
53
8
51
21
6
32
36
39
23
21
16
51
7
44
9
-3
50
35
33
40
6
40
89
38
25
3
17
2
34
26
-26
3
53
50
69
64
19
37
45
11
2
27
33
80
23
27
27
45
53
60
29
13
24
19
10
53
60
-22
27
58
43
54
3
10
18
-5
25
37
51
60
71
17
-37
-23
33
-5
4
22
3
19
54
37
44
36
27
35
65
58
101
65
57
27
13
108
108
13
-3
-26
-2
-6
38
49
45
55
99
0
-72
4
-8
21
9
22
52
53
67
70
18
44
33
34
35
71
42
-11
11
51
28
8
17
-2
32
49
10
6
7
-17
16
56
56
23
51
53
19
61
9
52
45
23
28
25
53
53
43
59
40
12
28
11
49
55
48
16
41
-2
44
33
49
33
23
0
50
39
25
56
25
37
51
70
53
77
19
29
10
44
21
19
4
27
8
-9
20
18
38
75
53
26
27
33
-3
-9
2
-1
40
70
59
100
34
64
59
7
1
11
19
49