0
24
60
82
5
50
4
128
5
42
-20
44
28
49
16
36
44
40
3
41
35
21
6
-24
36
56
37
55
40
60
8
7
-9
40
70
29
23
48
37
72
36
13
50
25
90
19
43
17
-20
81
-1
73
21
16
16
24
-8
16
81
20
49
43
27
40
55
39
21
-20
92
67
42
40
41
41
56
17
56
36
34
24
-34
59
5
74
41
61
32
10
58
36
29
49
26
65
56
-40
22
0
97
-7
16
144
37
36
57
22
26
-3
34
-38
48
68
12
2
27
-7
-25
8
41
3
49
7
-11
32
29
36
-11
61
20
22
69
54
48
21
53
24
33
26
66
18
48
28
35
6
17
36
49
45
1
81
-22
-9
103
179
24
71
-21
-5
16
81
44
53
9
61
-13
5
-2
11
58
100
33
10
38
23
25
59
57
21
34
39
91
66
69
33
4
51
17
10
57
80
3
-2
28
17
58
6
40
13
84
66
34
23
-37
37
60
49
19
1
10
37
21
-10
-12
18
28
23
91
28
27
21
5
18
-12
32
37
33
49
33
16
49
34
90
40
42
-22
60
38
36
32
65
21
34
5
39
16
20
1
3
54
6
43
4
38
-17
56
13
1
64
35
109
54
76
-4
48
65
36
81
5
39
40
36
-21
22
22
-8
41
25
86
44
65
19
6
22
25
16
26
28
49
40
27
34
19
48
34
17
23
35
0
48
20
27
20
44
60
57
21
-19
10
69
32
34
35
-6
80
27
58
32
39
6
41
41
28
49
35
28
34
41
67
38
41
4
27
28
-5
23
50
11
32
29
34
29
38
43
18
72
38
16
16
25
23
4
13
-1
37
33
6
11
35
19
37
33
35
43
7
22
8
26
28
17
27
44
38
22
8
39
34
27
59
32
41
81
34
51
53
-26
29
38
16
54
6
1
96
42
25
-17
-29
-35
3
19
73
25
59
40
72
48
57
52
33
32
75
65
64
32
27
133
274
165
-37
-36
-66
-65
-50
6
-43
12
21
23
26
16
45
12
42
74
40
56
59
16
6
71
38
25
49
64
7
-4
52
21
36
-6
-1
42
17
48
24
39
59
8
48
68
49
51
17
-20
0
38
60
35
99
27
8
55
36
25
64
20
54
26
20
23
36
44
44
66
39
-1
52
65
7
26
40
49
16
60
-12
49
0
29
21
-4
10
61
39
5
0
20
6
12
1
64
23
54
59
17
22
76
43
7
21
38
17
58
12
42
18
12
66
21
36
59
73
20
45
34
18
17
-5
27
36
32
0
10
18
-1
-13
3
-2
19
57
39
41
20
103
33
12
20
83
73
28
48
-18
52
72
27
-7
11
21
61
58
36
42
36
17
-2
48
-6
56
57
56
51
24
10
40
-3
44
24
40
33
42
55
73
50
88
39
23
11
25
49
53
18
3
41
24
39
45
18
56
87
5
-6
25
60
107
65
40
-2
-8
25
42
16
42
65
-7
5
4
36
38
18
102
80
42
49
19
35
59
11
0
56
44
57
26
61
41
59
8
17
29
51
26
34
33
9
33
50
40
11
50
48
65
68
9
-6
35
-12
37
42
8
16
-19
70
13
39
39
56
52
23
50
11
36
0
52
18
74
39
-22
1
20
9
42
29
49
59
69
17
-2
40
23
50
16
5
22
6
22
32
64
49
41
16
10
23
8
34
49
32
0
45
3
44
17
51
43
59
29
19
26
107
87
29
21
37
40
81
81
69
33
17
20
-9
32
3
-3
22
19
39
11
18
33
28
-13
-11
-11
-3
54
-33
60
100
20
55
61
33
57
56
3
16
19
5
-2
39
44
28
33
-5
39
43
40
51
-5
11
64
33
39
16
34
9
53
35
39
17
57
41
26
25
28
45
35
23
41
66
36
13
-2
-19
16
-11
2
9
55
18
35
-10
17
12
40
39
55
51
19
45
35
19
65
29
4
48
67
67
64
44
70
23
44
38
44
35
32
43
17
50
-11
25
34
7
25
56
57
4
6
0
11
65
12
37
52
10
32
-8
65
37
35
92
20
69
21
48
38
41
54
36
17
35
51
26
44
66
41
18
-19
32
25
-2
57
7
39
67
48
13
48
28
40
52
23
44
32
22
58
19
11
37
22
35
33
-18
27
51
64
-10
23
18
37
60
73
54
13
24
23
40
-8
29
-7
65
22
11
19
57
-2
29
-6
-19
0
-40
77
19
40
20
59
43
52
48
69
18
37
66
4
25
20
1
27
76
32
22
35
40
33
13
34
39
66
17
-4
5
25
109
72
20
52
-25
76
48
61
18
35
21
39
42
34
20
50
27
34
17
41
44
41
54
80
41
25
34
-2
76
27
22
56
4
16
64
64
12
68
3
59