0
6
51
51
36
23
51
41
88
25
45
21
-5
10
13
12
16
52
65
22
45
90
11
-18
43
41
32
75
39
34
38
-4
19
17
83
25
8
7
130
-33
-13
-49
35
51
49
28
29
-29
18
-9
96
48
24
-10
82
-1
81
36
32
112
-35
106
5
0
-3
107
35
61
55
-18
-19
-105
130
19
41
64
20
43
48
55
41
72
98
152
118
25
-35
-59
-40
-36
-42
9
4
-8
8
38
2
73
27
102
69
69
209
265
197
89
-67
-108
-92
-57
-42
-23
11
16
44
56
49
124
8
38
37
27
-13
4
0
-8
-60
60
73
35
13
42
34
168
71
54
-11
56
40
66
54
43
52
22
17
69
54
55
16
39
-4
0
34
23
81
20
40
33
29
38
-7
69
35
45
66
5
-22
51
-59
-5
19
-6
27
-17
57
21
69
17
23
10
34
51
40
49
82
37
23
27
-7
86
1
-12
19
28
22
29
11
44
43
33
7
40
-6
3
64
9
50
51
-18
17
40
38
48
50
54
54
5
18
20
-3
32
18
8
37
-13
19
35
28
49
44
58
9
-4
66
89
49
8
38
33
39
68
55
61
38
26
2
50
-5
35
53
48
0
85
17
34
50
44
51
42
33
-1
57
27
-8
36
44
56
27
12
8
26
26
10
-1
38
12
10
-6
8
75
53
26
69
53
41
70
108
99
134
165
54
-33
-107
-98
-45
-41
-23
-17
7
5
51
53
35
10
13
117
-4
36
40
55
67
65
42
44
25
10
51
73
36
21
48
43
25
27
59
57
4
28
21
27
41
18
27
36
12
60
44
41
57
29
25
5
-23
49
36
19
50
50
-12
55
12
23
17
13
50
-23
-14
75
69
19
36
18
-10
26
58
11
11
27
39
53
59
64
59
36
13
32
11
83
23
27
-7
11
25
34
10
-2
11
-1
22
18
18
60
76
43
9
27
5
39
90
35
32
6
12
-8
54
22
34
22
45
33
50
23
42
28
12
40
2
39
26
8
20
96
-3
49
18
55
28
69
36
10
11
34
-8
34
26
60
24
12
27
36
38
65
-39
18
2
25
52
7
44
68
37
24
48
8
6
50
27
36
55
19
34
13
20
43
67
35
42
51
43
43
-23
33
16
27
52
49
33
10
-18
80
25
28
21
-5
45
68
21
64
6
35
19
9
34
49
34
-2
23
17
48
28
17
42
21
51
43
37
42
0
50
66
12
66
21
38
6
59
28
43
4
35
9
41
44
20
18
5
2
73
6
53
2
40
41
12
81
40
28
23
12
36
37
34
24
43
9
38
50
42
39
59
64
42
7
37
64
37
28
-2
22
66
18
11
37
44
24
10
10
26
-18
60
33
37
74
45
20
42
16
33
28
66
29
53
43
-19
35
37
5
23
16
19
11
11
57
40
27
38
11
-30
6
23
65
41
22
-8
38
35
23
2
50
37
10
49
38
39
49
32
7
54
16
21
87
65
3
51
9
6
24
43
66
22
90
21
9
69
27
17
44
28
27
27
13
22
8
34
74
-7
45
33
37
84
25
49
56
61
57
55
33
52
55
-12
18
69
71
4
10
25
59
29
60
17
32
-10
42
-18
22
32
32
48
37
-29
-11
24
41
16
38
16
29
-6
39
50
2
0
24
48
65
34
5
28
42
42
55
69
16
42
27
41
6
35
45
51
12
-2
-2
82
53
8
27
55
17
32
40
36
38
41
21
41
68
17
64
35
-6
-18
-7
72
18
23
20
44
17
50
43
56
18
52
11
37
-17
19
-13
70
28
81
13
35
35
28
10
0
76
-7
55
24
34
12
48
35
24
98
13
35
48
44
40
26
12
-27
-19
17
21
-5
39
51
24
38
-8
36
-3
19
42
6
37
32
52
32
54
8
3
24
19
68
58
55
-9
18
-1
28
60
33
17
19
-9
65
35
9
42
32
50
-22
10
43
32
44
24
53
20
44
76
21
92
28
32
-12
3
48
56
28
20
20
86
38
-10
23
28
44
-10
33
26
19
43
67
49
36
73
7
49
25
3
82
43
27
2
-14
44
55
61
69
49
28
1
-1
51
69
64
59
12
44
42
6
18
43
28
34
9
21
21
27
55
28
25
19
49
-4
49
33
26
26
10
12
-2
29
64
28
16
33
44
60
57
33
-7
37
26
99
-3
37
17
48
12
10
28
85
58
33
24
10
-1
42
36
76
41
27
57
22
37
42
26
36
48
90
76
18
84
44
34
17
38
-4
27
12
-8
10
51
26
45
17
19
-25
22
-12
1
-5
33
41
12
34
51
25
50
22
19
68
37
25
18
-20
11
25
20
73
61
65
21
54
-6
2
40
52
6
8
13
27
22
58
6
37
34
37
51
44
19
16