0
33
6
2
20
26
16
85
38
44
55
-17
26
27
76
33
49
39
41
69
-13
67
32
3
69
49
-39
2
49
41
26
50
-18
70
39
75
6
39
18
4
40
11
11
-10
54
9
-12
25
39
41
28
1
36
25
2
23
66
22
56
6
40
40
33
66
42
36
12
44
28
32
17
-14
32
-4
81
28
37
37
69
52
59
20
-23
70
50
56
32
38
28
17
20
36
69
33
1
24
37
77
75
55
2
38
34
-34
50
43
22
-12
73
53
28
36
38
55
-11
58
33
48
36
-2
-3
38
37
65
8
2
35
53
12
-6
17
43
32
40
-27
12
28
6
10
43
17
9
50
57
91
19
59
64
26
-25
10
25
4
69
0
20
56
70
57
74
32
18
-7
32
43
55
70
87
12
59
-11
2
20
21
39
23
43
55
36
12
21
52
-19
22
0
49
-20
-8
-5
24
33
7
34
35
71
18
37
23
48
34
52
12
-27
37
67
23
35
50
42
41
26
48
27
32
16
3
64
27
50
7
74
45
-13
16
8
11
53
24
-1
23
34
52
19
1
6
40
-3
8
24
19
44
58
54
65
49
19
25
41
13
39
18
48
19
39
13
49
54
81
34
53
37
-13
-3
43
26
52
23
36
28
26
19
53
25
87
36
71
13
43
6
50
5
26
53
85
56
22
11
13
2
7
5
59
18
50
59
60
21
53
45
59
21
20
20
50
-29
57
26
32
-50
11
10
40
99
19
-26
60
22
17
53
50
67
53
-22
23
24
23
55
37
43
17
25
-8
54
55
26
8
24
43
21
61
43
22
73
24
42
-21
54
44
39
4
-3
22
45
66
43
67
12
8
70
54
19
23
4
96
3
53
-7
65
-3
42
41
37
33
23
49
71
27
27
72
54
16
37
37
25
59
28
16
67
48
1
59
38
41
55
23
10
89
2
21
11
7
57
5
32
-8
80
-3
36
20
29
-1
11
34
38
38
35
66
18
11
40
41
-8
51
41
66
37
38
20
41
-9
34
33
23
5
27
13
34
28
19
-10
89
19
42
27
53
6
-27
56
-17
25
69
51
-21
18
28
64
70
18
59
106
107
-19
52
-28
17
17
3
34
-1
67
43
24
41
60
40
26
45
44
37
55
77
29
50
53
4
20
6
20
29
27
35
-3
40
26
27
44
2
39
26
18
40
10
52
50
19
43
1
-40
67
25
21
33
20
74
17
-1
20
45
59
24
66
24
77
-34
54
37
-2
-6
7
1
-12
43
71
16
56
-34
73
28
75
37
66
51
54
66
8
24
28
34
21
-4
75
2
40
45
59
1
59
60
32
60
1
50
39
87
116
32
56
-8
18
-23
-58
-8
-55
-14
-6
24
13
9
-29
32
81
33
82
58
9
26
35
34
64
32
4
3
17
27
38
41
-23
36
3
7
80
50
35
9
-29
25
70
20
185
-83
9
-57
87
45
-25
-4
28
66
9
-14
65
1
3
52
33
-45
29
3
-44
-71
42
54
7
29
69
-65
86
49
5
69
21
25
42
81
87
76
65
41
44
28
9
-20
1
26
9
2
23
24
23
45
69
22
34
53
54
42
27
38
70
35
71
56
34
-10
-34
8
54
21
41
54
75
12
32
40
55
34
32
42
13
32
40
27
10
-42
35
49
16
18
53
38
49
-6
11
38
28
2
69
25
24
40
21
-26
70
37
21
26
60
32
16
32
56
-2
41
11
42
81
35
-23
44
-3
29
36
36
41
26
43
-2
27
7
23
37
44
7
-10
-6
49
55
108
18
56
39
44
7
40
42
23
-5
37
26
2
21
-17
52
49
16
70
51
11
34
52
65
-1
64
10
7
-5
50
26
33
53
28
45
10
57
40
67
38
-26
28
57
53
0
40
-10
42
40
36
67
55
43
44
23
-6
20
16
-10
18
41
43
42
21
34
18
57
49
-2
54
19
39
11
27
51
36
17
8
17
37
39
28
-14
-22
20
52
2
35
26
44
48
-5
11
21
0
16
34
65
60
19
29
16
67
40
21
48
35
27
12
34
68
69
17
58
-3
43
34
59
16
19
26
5
24
55
18
61
10
50
37
23
17
5
44
41
80
44
56
28
28
22
27
27
1
20
32
44
19
-13
26
60
-19
42
89
51
54
91
69
99
56
-4
-42
-9
-8
9
-5
11
-7
20
61
71
56
67
32
9
73
48
38
84
11
42
42
69
44
28
28
36
3
53
25
23
50
50
51
21
1
28
17
21
37
11
57
-10
43
59
41
52
51
10
89
1
39
43
54
72
55
55
64
92
9
-13
-1
-44
-9
-20
64
70
8
-19
33
2
32
49
20
22
-4
39
52
57
85
89
98
76
114
172
137
88
10
-99
-88
-99
-122
-66
-20