0
44
16
54
35
56
97
50
51
57
27
49
38
23
56
36
42
32
18
9
23
41
20
56
41
53
27
7
83
41
16
75
39
43
36
32
34
44
21
18
-10
51
20
59
23
69
49
44
59
41
51
39
48
22
33
19
59
-7
86
34
43
25
29
48
13
19
53
36
36
25
36
17
-28
0
49
21
73
20
40
-17
20
6
22
29
8
42
52
24
21
61
-3
77
44
80
41
41
40
25
12
5
22
6
59
49
55
52
0
67
4
61
32
39
22
0
36
8
21
42
19
36
7
40
42
18
49
49
50
55
57
-2
4
41
49
-4
71
41
36
50
37
41
51
66
42
27
24
19
23
12
36
74
59
8
34
37
35
4
34
9
48
44
20
22
18
89
41
24
50
-8
1
9
48
35
34
69
11
55
-1
58
44
34
4
3
10
16
32
56
32
51
99
51
18
52
42
67
41
82
19
59
-6
48
43
72
36
55
68
69
35
8
5
43
1
17
4
59
128
25
2
18
19
24
33
69
81
39
28
27
48
26
64
19
41
64
18
38
44
-11
32
18
40
19
28
12
54
48
71
42
16
-23
76
8
28
19
80
24
-4
40
55
25
43
11
66
19
22
27
33
-2
43
23
32
28
20
-2
1
49
66
74
40
41
4
-66
37
22
40
38
76
68
51
22
26
34
67
38
55
53
2
43
25
60
54
11
10
6
5
25
25
33
24
44
23
20
49
36
27
97
58
42
96
23
43
6
55
10
34
13
32
49
33
20
26
13
-1
54
43
43
-9
20
11
17
40
44
12
60
38
66
42
39
10
68
11
32
22
9
25
16
28
37
-14
34
21
60
64
18
49
18
49
32
50
50
61
9
12
36
64
37
34
54
52
24
66
21
52
17
42
10
74
1
-1
32
33
107
25
83
56
57
28
-7
11
-3
-9
19
53
58
83
29
33
28
59
8
18
19
19
40
36
81
29
26
48
42
89
23
-2
28
6
19
-22
52
28
43
38
57
21
21
38
29
37
8
32
39
25
12
-5
16
53
19
51
44
64
42
48
8
4
0
58
10
21
-26
58
60
48
40
49
24
35
18
40
35
43
8
61
10
-5
2
41
21
41
16
36
66
20
8
13
39
10
-5
60
5
48
18
10
25
25
33
28
12
57
41
38
32
48
69
29
20
74
22
34
-7
21
21
73
42
50
20
74
50
17
11
-10
36
22
23
4
37
23
21
17
20
22
34
19
65
-28
43
13
12
43
11
28
76
58
19
16
23
0
58
5
73
19
32
27
42
16
4
26
35
13
18
43
5
32
17
29
49
52
53
24
66
18
39
-8
35
39
37
20
26
1
98
118
74
-11
57
16
-22
-6
-33
57
50
40
41
-5
41
8
66
17
35
18
81
49
9
3
76
26
65
18
5
-18
2
72
36
25
9
57
35
54
44
40
22
-11
16
49
-52
132
4
34
12
40
53
61
48
41
57
42
43
38
75
13
40
24
10
1
-18
2
36
52
72
74
69
86
-8
34
44
25
45
-21
41
-1
57
34
44
-6
21
27
-7
55
22
10
0
66
22
8
88
-38
51
-40
40
73
72
42
53
23
133
33
39
-18
55
26
-24
13
37
29
-6
-24
22
-6
-11
29
41
-29
25
-5
37
51
25
73
50
43
52
81
17
76
50
22
34
7
4
45
37
84
61
18
44
64
-23
64
39
52
42
-7
50
52
37
19
26
43
22
10
92
5
7
21
53
5
7
73
34
40
21
25
25
32
51
20
57
-7
8
-8
23
53
53
66
22
39
38
9
8
37
17
51
24
37
48
11
18
1
21
26
45
-2
76
39
61
52
8
33
44
36
-9
26
-18
58
50
11
21
18
21
69
51
36
20
83
43
37
35
24
13
51
21
13
52
54
44
-13
43
10
1
28
38
32
53
13
12
53
84
-8
19
32
55
10
69
25
29
7
34
39
25
52
32
19
17
40
56
-2
21
18
35
-11
34
22
53
22
22
17
32
50
29
45
-1
20
16
53
56
58
43
50
35
33
10
55
71
56
82
21
32
66
25
19
48
27
48
44
43
24
-33
32
24
52
60
37
38
1
22
4
16
10
42
21
74
38
24
56
50
38
71
68
118
122
155
234
197
166
92
-11
19
73
-68
-114
-182
-260
-275
-292
-218
-153
-139
64
66
74
86
130
128
122
124
71
107
92
89
90
52
71
87
53
67
49
35
8
26
-11
6
36
59
52
32
58
45
54
51
39
52
57
32
38
40
50
59
7
3
70
44
35
25
43
24
23
9
36
12
75
3
56
58
35
80
17
58
18
40
29
68
83
22
26
37
68
37
90
19
25
-13
35
21
40
6