0
-6
8
49
44
-19
52
24
34
50
17
43
-6
38
41
1
97
57
36
59
11
12
44
10
61
23
44
2
21
36
25
26
52
-21
70
43
-1
27
35
22
50
25
44
68
26
22
7
32
44
24
-8
56
8
48
9
38
23
20
20
37
-6
43
6
44
38
22
9
17
55
-3
64
-24
-21
39
57
64
73
-3
11
54
40
71
17
16
61
108
56
67
12
41
4
22
33
33
3
28
71
32
103
115
43
28
-10
-17
-8
5
27
66
22
25
19
19
12
50
16
40
76
44
44
105
24
53
-37
10
39
19
4
52
65
22
0
53
-1
35
12
29
32
19
36
45
48
88
35
18
66
-6
68
42
9
66
-2
-18
85
21
103
0
51
34
35
89
36
27
48
37
18
-9
20
61
58
12
82
69
28
7
-8
21
8
10
39
26
11
41
49
11
40
37
24
19
48
25
37
43
12
2
55
32
77
-2
43
29
66
41
58
12
-26
18
1
9
34
49
21
40
43
12
22
50
28
68
-2
48
11
20
37
-1
49
44
36
6
49
12
-19
69
88
53
66
82
39
41
12
23
-11
50
38
54
5
33
33
66
50
55
81
21
32
69
41
53
43
44
2
-39
28
26
-34
-7
34
42
23
44
41
27
81
27
27
60
34
0
39
44
57
76
29
17
51
26
26
34
116
2
39
11
38
57
20
21
-6
51
17
39
21
37
70
19
66
38
-4
3
32
12
71
1
25
27
51
35
37
41
9
49
55
45
8
109
27
-4
-29
6
25
-10
42
71
-14
45
6
49
87
56
65
84
66
16
10
-9
10
-9
-11
26
50
38
114
19
22
56
34
20
21
-9
64
55
57
41
21
23
-17
-1
25
36
65
85
60
25
17
-37
58
1
27
25
13
38
59
20
73
-2
25
22
59
57
43
26
11
12
21
-12
17
0
101
10
52
34
42
26
53
33
57
75
10
53
57
49
34
-11
38
56
-4
80
43
24
-28
5
40
68
48
3
35
8
19
59
21
74
42
8
22
18
58
23
48
50
-1
17
53
51
20
-6
9
26
72
21
-36
65
24
0
6
96
6
65
26
36
55
28
29
49
38
34
18
58
27
-4
6
32
57
52
51
-21
-13
60
35
32
35
-13
10
71
71
75
37
27
13
8
-11
34
53
56
26
48
55
64
-24
20
32
7
52
98
-49
33
55
42
57
8
-12
-7
44
53
43
-17
-19
36
87
55
-9
10
72
48
73
11
-9
-7
66
-30
40
81
61
113
11
28
65
33
54
-13
20
-23
7
-6
17
53
9
77
50
35
-27
33
41
68
37
-8
-2
10
10
3
76
40
-9
36
39
44
49
19
-5
5
9
9
69
-7
-11
39
96
-6
28
85
52
21
-55
185
41
54
-1
-17
1
26
67
2
-42
12
17
18
20
-25
39
88
56
53
-55
4
44
29
87
42
41
32
81
26
60
-38
-28
18
-39
35
-3
66
39
82
-6
55
33
25
72
321
-178
-35
-59
117
37
27
134
132
248
284
259
266
43
-20
-114
-277
-293
-307
-439
-187
-158
-66
131
19
128
44
131
122
128
87
60
48
70
121
130
52
41
-5
115
86
80
86
54
97
91
26
21
4
0
20
35
74
57
26
71
57
9
59
58
84
76
184
182
252
221
200
193
184
67
-44
-43
-72
-85
-114
-51
-60
-34
-85
-50
-28
-58
1
-6
-18
21
29
-19
-25
-44
4
2
-14
-13
33
114
178
171
165
153
100
19
-150
-170
-103
-68
-37
-28
9
43
41
21
66
20
39
25
64
64
148
102
91
102
177
140
156
194
116
-23
-82
-41
-49
-45
118
-18
-109
-29
-24
150
167
-1
-116
-39
4
5
-45
8
65
-22
0
10
3
59
58
10
-98
53
75
66
40
35
-13
52
96
6
74
48
88
55
40
3
-13
57
82
-10
36
29
59
43
33
51
10
43
51
56
85
40
76
-11
3
-9
41
23
18
10
33
-13
-35
-18
20
-7
25
-8
-11
23
55
-6
61
34
33
119
-36
81
-49
60
48
24
52
96
-33
17
40
59
75
-28
86
67
12
-28
71
25
23
23
-33
196
12
44
-77
11
45
11
34
102
44
26
43
50
20
59
1
-77
-38
70
64
-17
20
104
80
13
1
97
-1
53
91
-20
177
-68
-35
-21
12
35
-8
40
24
54
58
38
45
33
101
172
0
106
17
37
43
-13
50
7
-20
108
-98
16
-66
-60
61
27
-28
-33
88
50
100
-61
1
-60
137
43
1
52
29
92
67
23
77
69
68
51
12
-55
-69
84
4
42
27
13
60
59
-33
59
11
216
-119
-25
-12
33
-70
57
-8
65
48
80
41
83
32
6
3
75
131
51
26
-101
147
116
-92
90
186
-27
-58
120
72
41
-18
91
65
102
16
-9
16
67
33
23
96
12
-14
23
57
44
-11