0
131
122
102
57
73
107
-1
51
9
106
-7
60
10
86
68
8
71
25
-27
4
-12
37
74
84
34
55
-2
26
22
16
27
64
65
8
11
43
20
49
40
58
24
-35
39
68
-6
33
48
64
27
42
18
49
35
36
32
28
49
45
57
33
-4
44
43
25
52
25
6
24
-18
40
32
48
35
-6
27
57
48
51
56
-20
140
193
209
60
-61
-70
-45
-67
-56
-5
-28
19
22
37
83
32
44
34
-39
122
97
41
17
-1
16
5
45
19
45
34
-2
27
56
64
33
-10
57
-7
44
41
8
-17
42
24
70
22
76
86
84
0
18
57
11
11
49
39
9
68
80
41
66
83
35
53
52
38
38
86
28
17
69
-34
27
23
18
44
32
57
-7
5
18
39
68
60
17
27
-2
-21
52
54
18
160
273
64
-7
-34
-34
4
-5
11
18
22
48
68
17
10
57
17
27
-24
13
41
0
18
53
-1
18
6
48
50
-24
22
24
24
40
38
52
25
44
36
-25
48
26
40
35
21
20
42
20
56
36
36
-14
36
26
42
24
34
50
28
33
43
58
39
6
44
40
12
9
-13
23
10
57
71
5
41
18
48
17
68
26
4
35
17
42
40
12
34
27
41
19
45
34
26
55
42
38
48
40
28
0
22
50
68
106
123
101
72
-35
-67
-58
-117
-44
-19
-11
-11
19
34
33
66
10
60
119
113
218
228
171
104
-121
-157
-114
-87
-67
-44
-44
35
69
58
28
25
67
71
41
86
60
75
19
66
60
12
51
49
124
86
68
-28
24
21
-21
-2
10
-9
24
55
36
12
55
67
21
-14
133
93
41
-53
8
-6
13
27
99
7
33
5
57
-17
44
6
6
86
51
-7
26
51
49
42
37
51
73
106
43
17
-19
43
17
-22
68
24
74
16
53
3
29
59
26
27
-28
38
50
39
55
0
22
-19
50
24
16
81
42
56
16
4
1
20
55
-1
35
41
68
60
51
61
11
19
48
6
-12
36
36
64
58
-2
12
86
11
23
52
39
42
38
23
-7
52
-3
33
12
35
39
42
57
44
11
16
26
65
44
33
19
12
22
33
35
40
55
24
1
8
43
45
26
40
41
18
4
10
65
48
40
23
-4
50
51
24
27
11
35
54
89
69
53
10
-26
-21
54
41
53
32
39
52
43
40
24
-11
38
48
-7
60
56
50
18
26
20
50
34
-2
45
32
11
24
51
91
42
3
60
13
12
42
27
26
35
56
37
60
-10
21
72
51
50
25
18
32
27
27
20
21
93
28
20
26
2
6
49
27
43
38
54
104
27
6
34
53
3
65
66
3
61
28
58
-25
23
37
34
1
11
17
3
16
1
28
77
64
26
43
54
43
44
27
21
35
74
56
56
76
51
-4
42
20
-34
-22
-11
37
37
50
26
34
74
25
-3
56
40
86
32
48
54
4
-21
52
43
23
25
51
18
5
6
53
28
38
7
11
-3
59
86
8
41
27
50
12
64
48
50
48
35
27
12
-9
33
6
7
51
-2
5
48
56
65
25
59
-7
23
9
20
33
21
74
41
64
-4
76
37
-6
42
9
18
-30
48
65
91
57
10
17
54
-9
-35
2
3
33
33
86
38
48
68
148
204
68
-1
-17
9
-50
96
53
-10
-29
76
26
2
-7
38
76
9
36
50
28
-30
10
16
34
26
42
45
49
22
12
25
26
0
24
28
26
45
88
57
34
-51
4
7
49
27
20
28
80
44
40
34
40
55
9
2
66
40
-21
-27
13
55
4
28
42
-7
1
37
17
5
41
53
42
21
41
42
56
34
96
-4
11
34
2
52
28
37
7
43
22
36
18
12
9
48
26
43
26
21
3
74
72
5
41
21
80
13
54
33
11
37
49
17
11
32
48
48
55
18
10
76
32
8
20
48
-2
57
-29
36
52
40
25
24
-23
-29
35
96
18
37
12
82
-12
9
74
25
34
59
-24
-10
27
37
-27
57
42
41
41
-3
51
-29
70
52
20
-7
68
99
17
55
-4
33
97
34
25
76
19
53
60
64
54
21
-3
48
-3
24
20
37
57
17
19
28
42
25
7
-6
65
-18
72
-2
25
42
66
-1
27
35
39
34
12
44
12
-10
44
53
36
40
3
5
70
64
29
27
-4
70
-5
2
-4
21
33
-4
-1
26
103
88
0
75
12
50
17
92
-8
75
20
8
105
75
-20
20
87
51
27
-18
58
-2
-4
-21
22
99
89
10
9
99
84
-26
45
-25
83
22
64
12
40
-7
44
52
10
11
52
67
75
41
-18
112
108
12
-40
-20
21
-24
-20
60
119
-50
28
10
26
-7
43
57
86
9
-4
2
48
54
4
55
114
57
16
-23
75
67
18
26
2
16
44
83
48
19
28
6
33
64
19