0
23
81
108
44
19
42
22
34
33
13
17
172
106
76
32
-45
-37
-20
23
32
-25
-2
-18
56
35
32
4
23
60
49
-57
59
5
34
-19
-33
36
28
43
120
24
39
19
32
-20
39
25
-2
43
-10
102
-4
71
84
35
33
59
23
28
34
37
54
16
17
-51
-51
-12
26
20
19
64
51
58
66
6
53
85
24
35
60
81
36
72
118
274
266
363
407
233
76
-70
-20
-46
-87
-194
-300
-342
-283
-339
-244
-109
-8
64
93
103
147
101
148
50
107
108
152
117
33
104
44
51
65
80
49
27
58
2
91
24
18
120
72
11
21
45
-3
-36
113
135
87
33
-23
-39
28
-6
70
34
35
36
42
45
72
3
43
16
54
-1
-19
25
6
44
23
84
70
43
106
27
-6
-18
37
7
76
26
-5
-8
-21
28
13
54
125
-6
88
55
49
100
-4
58
23
123
136
140
147
96
40
-53
-29
-72
-60
-45
-37
-92
9
-24
20
12
85
262
186
216
72
-61
-130
-153
-103
-52
-29
-51
-28
65
66
17
55
29
5
56
60
45
34
40
38
114
72
1
83
53
32
35
76
53
33
8
81
56
43
38
68
45
-33
39
40
39
20
8
5
23
-2
25
41
55
49
6
10
70
37
4
27
25
59
0
24
29
11
32
21
18
3
65
12
32
26
123
54
26
12
16
7
2
6
-22
-27
67
80
59
28
7
10
51
21
6
66
72
6
23
39
40
21
57
51
41
0
21
57
12
51
27
26
50
38
33
33
59
0
-2
41
-1
27
16
12
113
166
117
105
85
71
-17
-33
-119
-166
-81
-65
-38
38
24
35
8
70
57
57
11
56
-1
57
51
32
72
106
105
23
50
-2
-29
11
23
23
6
53
43
3
16
51
32
9
28
44
68
59
48
44
33
33
57
57
51
55
71
140
147
132
76
22
-46
-81
-93
-77
-66
-28
10
40
56
45
39
-3
50
65
26
18
2
68
27
61
34
35
53
55
-24
149
180
194
154
73
-33
-108
-142
-132
-74
-53
21
10
43
41
69
61
13
10
-8
-4
-9
6
41
13
65
35
41
92
70
-13
-69
84
-4
75
66
-77
99
24
60
55
6
81
23
36
-26
29
0
-33
71
66
4
22
-1
81
40
23
7
44
-7
84
27
48
33
17
42
52
65
-13
4
10
36
6
50
-20
76
56
37
11
5
28
-6
28
67
11
17
20
41
-34
52
35
26
61
23
41
-60
-34
160
28
74
151
152
113
12
-59
-28
11
-4
-6
55
-18
-7
22
8
64
56
42
42
53
26
22
20
51
-17
-17
66
41
56
41
1
-19
1
24
22
37
32
103
23
52
37
-23
-40
45
58
17
2
11
25
55
37
74
86
57
-53
-60
-5
-7
-3
-6
23
36
12
68
77
42
90
33
76
36
41
-39
-5
-37
-6
84
96
22
66
-23
-24
-33
-40
4
24
6
68
87
13
66
58
65
53
85
82
71
12
86
43
3
-18
-50
48
27
40
-27
48
34
6
-18
7
37
4
44
53
106
35
11
67
77
64
29
-52
-65
-4
113
42
73
-10
-7
37
52
83
10
28
13
23
59
118
11
69
-21
-24
23
22
98
84
80
5
45
145
104
-121
-57
29
36
9
51
12
38
76
42
-6
16
64
32
59
0
97
-9
140
60
-35
23
42
124
5
40
23
17
24
85
-33
64
74
18
1
33
37
8
-12
66
10
33
18
75
21
38
-10
3
44
11
68
52
-33
49
21
32
-17
28
21
19
-1
12
18
-61
89
42
29
40
-7
41
20
64
101
60
25
-4
66
73
41
17
9
36
9
50
2
8
50
48
20
53
-12
-10
42
43
48
28
38
41
0
70
-9
71
17
72
24
53
12
29
32
80
57
37
36
112
36
-9
4
-5
65
54
44
53
2
9
-3
29
16
17
164
168
29
28
8
-6
-11
-3
38
41
64
26
34
33
64
32
18
74
43
4
-2
27
59
7
27
68
52
-3
20
42
67
52
38
24
16
10
25
-17
61
20
2
32
77
21
35
-10
-6
26
17
-1
38
65
90
101
134
215
156
118
24
-65
-156
-118
-53
-59
-93
34
22
-19
100
99
41
53
61
50
20
-13
35
1
21
74
48
65
59
68
50
24
32
16
11
37
51
26
36
23
3
82
-39
-6
56
48
-8
26
65
24
41
60
60
51
56
26
-18
52
32
12
17
57
40
17
23
43
56
65
44
28
53
10
6
55
9
28
52
6
56
67
36
113
236
36
-61
-28
-124
-177
-84
-60
17
9
20
4
65
76
54
102
52
42
40
20
65
43
84
1
16
-2
9
27
2
-11
97
59
44
104
67
35
45
19
28
83
12
37
-6
69
103
-13
25
20
39
51
32
290
346
484
453
182
18
-68
-276
-355
-380
-378
-358
-232
-122
-43
65
58
16
74
116
88
123