0
52
64
72
51
57
9
72
76
22
61
61
7
25
17
42
-3
-4
40
36
34
76
24
10
5
71
65
2
108
-14
3
25
5
39
-18
41
58
20
16
49
25
41
23
2
82
-3
-6
37
49
16
29
35
17
1
92
49
-51
34
40
17
52
43
11
37
57
48
40
39
163
162
74
115
1
-23
-2
-35
56
26
29
9
-4
49
19
5
-4
9
17
40
66
13
72
26
4
50
40
27
35
38
49
53
29
5
105
91
75
23
-25
-56
35
21
27
57
53
37
32
50
22
69
61
6
20
12
41
33
40
53
55
18
41
9
17
42
42
50
24
32
17
65
39
44
18
4
37
32
19
37
35
33
23
-22
37
34
68
48
45
38
8
90
37
68
10
49
45
38
-8
-4
17
45
24
-8
-2
48
55
53
53
32
26
66
19
23
33
6
40
20
32
39
20
34
12
-7
28
7
26
32
35
45
27
0
41
22
2
-20
4
24
17
19
65
7
17
44
3
29
29
57
21
49
4
50
12
83
56
54
36
9
44
41
49
3
50
42
40
16
9
29
71
52
35
22
49
77
29
19
49
8
32
21
42
27
44
11
104
12
59
41
40
23
48
44
16
55
-4
17
40
80
-11
42
37
50
40
25
17
38
42
24
58
67
6
60
44
-12
33
18
-10
10
3
19
65
13
65
29
10
26
28
18
68
17
32
13
12
-5
11
23
76
19
56
40
87
6
22
19
-13
33
7
123
48
72
28
20
10
-3
18
-14
23
20
1
36
32
23
103
44
43
84
10
53
69
29
-12
4
-6
-4
43
51
42
28
36
36
22
20
71
61
33
12
23
8
43
48
45
17
39
32
20
99
34
22
-14
28
40
11
34
21
70
89
72
20
28
27
26
16
68
52
24
34
48
40
56
37
-11
33
-21
34
-4
20
17
22
48
35
48
24
91
-4
33
22
29
38
41
11
35
64
65
51
20
4
17
49
55
43
18
17
7
60
34
10
-2
33
64
55
54
10
71
44
48
12
12
35
16
57
61
82
32
9
41
-7
21
-6
-3
49
49
1
-3
-49
16
56
-13
9
40
17
50
13
34
54
36
50
38
54
60
72
42
13
26
44
50
42
4
6
69
17
74
36
-9
37
88
45
18
37
23
16
58
6
22
-9
33
2
23
49
45
57
43
29
17
20
60
36
13
49
60
0
23
43
0
51
66
65
53
37
42
22
50
41
20
44
41
74
11
9
24
74
9
65
-8
33
51
6
11
12
9
12
29
64
39
71
32
23
19
18
69
85
65
56
35
11
64
40
21
32
-7
40
21
81
17
1
4
-3
16
24
24
32
41
53
72
21
0
32
21
36
2
-10
8
-19
22
11
27
56
9
38
25
84
39
42
42
-25
3
57
54
40
50
25
7
51
53
38
54
35
6
88
33
16
38
39
23
68
28
-2
7
41
54
32
33
28
23
25
25
3
71
48
-2
20
8
26
-30
21
49
40
16
19
29
12
27
24
12
34
2
-1
36
58
38
60
87
86
35
109
25
70
24
5
25
9
59
34
56
60
21
42
43
25
43
1
65
2
41
-2
27
50
92
42
-26
29
13
16
76
99
18
58
-8
40
40
37
10
44
-2
12
51
34
-11
59
2
51
10
27
64
28
38
-19
64
67
3
-10
39
17
11
34
7
58
40
28
26
45
44
40
25
22
27
35
52
20
24
39
45
2
42
23
9
48
67
18
11
66
38
21
72
34
4
16
24
65
32
29
23
74
101
24
40
50
3
52
22
38
-10
34
25
99
28
34
19
20
20
9
39
54
16
52
49
3
-8
18
22
20
49
34
56
64
16
18
58
32
52
51
41
42
12
57
-5
59
4
28
48
43
6
41
-8
82
58
27
24
9
48
-13
50
88
22
2
1
27
48
54
-24
41
58
71
84
35
-5
8
57
57
40
77
58
86
24
6
8
12
10
13
11
35
2
2
38
51
32
32
21
11
-2
49
-26
58
20
52
66
6
42
33
35
49
34
4
44
33
20
34
27
6
27
54
21
32
44
-17
37
49
4
69
25
72
8
53
24
-8
32
-2
36
39
54
10
57
20
38
10
37
65
19
35
17
58
11
84
23
45
18
8
17
20
42
41
43
33
38
66
6
8
58
56
26
5
20
16
55
35
18
2
12
33
51
26
39
51
42
-25
77
25
16
42
28
45
42
36
6
9
-5
18
0
59
53
36
36
49
55
41
82
43
50
33
17
24
17
18
50
71
54
89
60
-2
3
9
36
50
6
36
11
52
26
10
33
39
52
34
35
85
149
195
300
339
309
141
56
-54
-132
-188
-262
-309
-306
-248
-195
-86
-55
84
90
122