0
82
98
150
150
170
90
41
20
-20
-55
-74
-5
22
13
-12
-62
-46
-44
-43
-24
48
42
97
87
38
98
41
80
33
54
70
8
69
35
16
26
42
73
10
68
58
27
20
71
24
54
167
244
203
91
-84
-76
-158
-53
-23
-22
37
19
-3
27
18
35
-19
60
35
50
21
98
80
72
16
40
23
38
26
61
-29
56
4
-1
32
52
80
22
69
75
8
21
8
64
1
73
25
28
20
50
69
21
0
12
28
90
57
64
27
-6
49
65
-2
40
76
144
172
321
326
252
38
-173
-243
-295
-251
-180
-134
-86
35
11
22
104
82
100
92
75
83
90
53
75
65
7
-19
52
16
72
58
53
7
45
64
61
18
-17
10
71
26
3
50
19
11
4
39
69
48
33
6
25
34
20
40
43
36
43
44
151
224
186
147
145
-42
-130
-164
-131
-86
-58
-54
21
37
59
4
24
25
35
55
39
20
58
33
21
11
32
51
64
19
40
23
41
10
70
16
9
39
48
58
56
36
40
34
39
36
53
58
34
67
-36
5
33
39
36
33
42
20
19
24
21
49
87
40
35
10
41
36
21
50
16
44
44
16
35
35
19
9
52
4
5
26
67
21
18
53
-7
40
5
41
7
8
43
71
20
24
41
17
37
26
35
34
53
8
59
20
42
80
48
60
43
67
11
13
25
-3
54
50
28
50
39
7
33
11
-6
25
77
59
48
50
6
10
36
53
35
-19
22
12
22
56
28
76
17
0
40
28
41
61
4
60
32
-11
66
33
12
88
74
2
-8
-12
28
40
-20
68
-3
34
28
20
7
21
18
37
41
66
60
-26
33
36
8
71
48
19
54
18
54
-1
48
51
23
-22
11
104
90
33
25
-13
-14
72
34
12
50
44
-7
9
64
1
18
37
55
-28
75
81
35
29
-4
17
13
42
41
56
16
-10
-13
86
89
53
25
4
83
-37
33
40
56
54
-25
56
-4
48
11
32
37
53
42
4
34
64
29
28
72
49
36
2
11
20
45
43
42
84
2
26
57
16
0
69
52
74
4
69
40
34
21
25
50
-20
18
38
27
22
22
25
9
85
-5
86
72
54
5
-25
42
70
107
152
183
131
155
33
-17
-162
-167
-100
9
-67
-8
17
-4
16
96
72
53
22
83
114
51
67
49
26
81
41
48
13
59
4
19
40
33
-2
37
69
75
13
-2
36
27
24
49
44
-19
57
-55
36
76
24
50
-38
83
-20
25
-22
49
44
7
77
44
57
32
120
16
41
9
-2
28
50
23
38
108
-8
35
27
33
-36
114
-36
12
44
60
59
39
38
43
-11
82
24
11
-1
132
4
4
-43
59
32
-14
13
-58
-6
48
25
81
-19
107
6
68
36
82
-42
10
36
57
-33
74
22
43
5
68
0
-45
41
44
56
133
-17
-11
86
43
10
22
-5
21
17
-20
-43
33
69
97
5
68
153
242
192
232
11
57
-36
-137
-180
-75
-18
-53
41
19
22
22
25
80
60
48
49
70
18
58
53
56
59
48
49
60
65
23
49
60
69
9
-11
49
70
-21
4
117
40
71
87
28
56
-4
43
-72
48
84
38
75
28
-50
8
101
73
5
-10
51
112
53
44
2
-38
106
-21
40
65
11
59
53
72
9
26
-27
8
22
23
-1
39
73
48
49
5
-27
11
35
17
23
85
0
-52
37
55
52
66
36
6
-2
-24
25
27
36
11
11
34
44
6
84
67
20
32
36
66
42
18
25
59
32
22
49
43
67
22
21
-12
7
43
17
58
65
42
22
9
3
-17
16
2
22
27
16
8
48
38
44
43
65
4
9
38
20
51
53
17
29
25
83
-25
-2
75
0
2
-19
-39
67
32
35
43
-7
54
43
52
50
24
2
33
25
22
12
51
58
42
43
35
20
53
16
-34
89
19
-8
58
59
38
26
34
54
28
52
67
21
26
-14
33
22
55
43
-17
48
7
17
-18
58
33
26
7
26
1
16
42
59
18
42
20
59
4
10
-12
70
10
72
69
68
-9
7
22
9
23
40
28
73
5
10
24
50
67
99
90
195
97
19
-8
-56
-60
-20
21
12
26
5
40
53
20
21
16
51
35
75
21
58
-3
60
2
51
12
5
80
40
80
41
34
35
-41
108
-33
60
18
64
-17
1
73
6
4
39
-3
36
-14
40
49
38
13
40
22
49
49
53
24
50
3
-6
7
39
35
59
23
70
32
65
18
24
24
53
64
68
34
37
12
11
70
24
22
13
43
-23
37
-19
67
82
21
17
21
43
-33
2
37
82
27
8
-17
37
12
28
32
57
26
41
32
50
76
81
21
19
35
11
11
-45
9
64
49
-1
70
38
55
-4
-9
38
43
85
26
-10
60
1
104
36
81
13
-27
16
50
52
-56