0
59
35
28
50
23
27
41
34
32
69
73
68
41
12
38
66
7
28
23
55
20
33
39
34
23
-20
-5
26
65
16
49
32
61
49
24
61
5
-5
16
13
53
28
35
39
2
0
20
9
23
40
39
35
64
26
60
9
13
4
39
-8
45
44
21
-21
20
21
23
54
35
28
42
33
60
18
72
22
16
7
36
27
86
70
27
11
21
-2
49
52
76
90
18
40
-19
37
41
5
67
56
53
72
57
33
36
7
35
2
23
10
40
-9
38
45
58
49
39
19
59
16
72
4
33
43
-1
25
-2
0
50
6
43
9
34
2
37
53
10
43
18
23
50
42
-8
26
-13
9
52
60
12
55
40
88
36
59
22
-3
1
5
3
4
51
71
33
75
81
-13
0
2
7
28
43
8
7
38
48
-6
32
59
81
48
58
44
27
23
59
43
21
44
1
41
-3
27
8
91
-9
44
41
75
33
25
48
20
9
38
32
48
34
10
23
42
27
18
59
11
28
98
42
-7
42
25
2
51
13
40
6
-2
48
22
24
12
18
35
24
43
32
43
21
69
8
91
69
27
25
37
27
2
51
35
67
-1
55
28
9
36
20
29
37
32
39
60
29
16
44
5
85
37
67
51
11
41
12
22
6
56
12
41
32
37
21
32
-4
33
28
35
6
38
43
10
6
18
65
1
18
4
11
8
0
65
57
33
25
52
27
42
32
48
25
59
86
21
-9
0
26
26
83
40
81
19
24
59
50
41
55
59
69
48
66
61
1
28
-7
20
33
19
45
85
43
48
41
20
34
-11
37
11
10
-19
65
35
1
24
10
33
-4
41
32
69
37
18
7
39
44
26
27
-27
74
41
13
27
28
-11
12
7
10
54
27
37
28
-11
69
44
21
45
24
10
42
24
38
43
38
34
57
57
43
11
23
-52
53
32
12
18
-4
24
41
12
-28
151
148
44
-44
41
23
58
28
37
16
104
134
53
25
39
-22
-12
-33
-11
9
-8
22
-19
83
64
49
28
17
4
103
38
18
57
35
26
37
36
16
80
26
50
38
16
36
60
18
22
23
55
50
52
1
33
27
6
50
68
6
38
-33
-43
29
29
40
18
11
39
66
43
-23
8
25
26
7
37
76
42
36
-4
9
43
7
49
23
34
-4
4
21
-4
33
4
80
108
32
40
1
24
37
27
43
21
41
2
22
67
57
-6
22
-1
72
68
4
42
11
50
36
12
35
12
65
74
24
48
5
64
6
52
26
-26
74
0
12
0
-12
1
-28
32
18
35
23
22
58
32
11
18
60
33
-1
33
71
28
38
-25
25
24
22
59
44
19
6
74
24
25
53
6
21
27
51
59
5
25
16
48
42
38
40
40
41
-4
115
51
61
37
66
11
24
24
9
75
24
53
42
40
11
18
8
72
-13
5
43
36
59
38
20
41
73
1
42
38
42
45
8
81
22
19
49
18
2
23
3
45
65
33
35
1
28
32
69
56
20
-1
55
40
72
21
38
66
23
51
36
-5
20
57
59
22
-10
23
57
39
12
19
53
49
32
48
59
54
24
8
38
25
38
3
20
49
40
2
5
-10
48
33
53
41
41
43
90
2
16
33
36
29
21
53
82
68
4
41
29
33
7
10
-14
67
41
25
25
38
68
9
67
13
51
-28
56
2
65
1
25
59
25
39
3
26
21
41
18
44
29
36
33
48
11
48
28
41
24
35
17
33
54
27
25
49
42
52
35
32
21
18
17
8
28
-8
17
3
32
86
65
66
37
19
59
53
24
50
35
49
36
1
33
41
34
33
83
6
-3
8
87
45
-6
39
-12
-5
33
42
24
41
49
20
45
16
22
39
34
16
28
19
27
35
43
16
24
34
34
18
8
3
87
33
-21
58
27
11
34
75
53
23
52
1
19
36
33
27
44
40
51
-7
53
34
21
25
22
32
53
16
43
35
27
23
33
80
12
35
5
-13
18
21
42
61
45
19
39
36
56
-17
65
65
16
-9
40
-8
43
33
4
26
49
28
0
22
80
76
19
64
9
8
37
21
43
55
29
6
25
40
41
-9
38
72
42
56
33
-17
-17
23
52
37
27
-19
40
50
80
19
22
0
65
37
11
27
2
7
59
52
6
21
132
116
44
32
6
5
-25
21
1
9
42
21
4
22
40
-6
52
29
28
35
19
27
9
48
10
34
18
89
53
24
44
56
19
-11
41
-22
18
-9
22
54
24
38
55
86
72
57
52
1
1
20
34
39
3
7
36
49
40
9
9
49
37
26
25
57
36
13
56
18
35
44
32
50
34
66
-12
37
32
28
59
32
34
54
19
65
18
34
18
59
60
35
1
52
9