0
-5
52
57
85
37
67
41
6
10
23
44
49
-5
25
-1
48
40
-18
20
58
36
19
18
59
92
25
81
-20
25
84
19
32
49
-21
-33
84
98
29
27
3
29
25
35
60
49
24
22
52
-12
34
118
19
2
-18
38
32
21
-42
25
54
50
49
8
36
26
11
34
16
2
37
5
34
16
0
49
-44
54
90
69
-45
50
27
21
11
-13
54
19
3
57
17
25
7
23
20
38
16
49
49
25
17
-3
41
36
56
162
-8
35
4
-20
56
44
9
18
40
44
4
12
42
-19
55
37
41
65
57
45
0
45
27
42
33
70
-22
49
10
20
7
37
5
53
52
27
39
19
73
56
35
8
8
27
16
49
52
25
25
51
42
45
26
19
34
52
64
-2
45
53
8
32
37
5
25
39
65
4
1
26
17
54
67
50
26
37
26
-9
41
51
40
-2
39
34
24
35
51
32
25
51
18
2
32
53
27
48
55
21
4
-5
36
-18
18
20
37
44
58
18
6
-5
16
21
24
65
-5
2
64
75
39
-17
17
48
48
49
43
49
26
74
-2
-8
2
-11
16
38
51
19
52
55
22
19
24
-12
64
36
42
-20
60
19
-7
45
70
5
33
16
38
50
20
54
33
43
103
20
11
-2
-27
-4
9
50
-7
23
56
7
40
26
53
61
52
8
33
41
6
36
10
57
70
65
72
-2
53
24
38
44
21
33
49
19
24
72
38
16
12
50
29
53
10
-17
57
22
21
71
11
28
0
25
34
-24
-23
40
-22
23
69
52
25
99
147
108
58
128
116
180
161
171
164
-6
-87
-137
-281
-343
-300
-214
-123
-42
-7
43
116
121
117
146
137
124
114
81
83
60
49
73
40
40
18
76
65
39
23
24
86
66
54
77
4
17
33
18
34
-4
61
56
48
24
50
75
25
138
197
251
242
122
-86
-121
-117
-119
-87
-49
-55
-9
35
58
35
21
58
2
29
-21
35
35
35
20
32
64
85
45
38
8
45
51
23
37
51
24
32
53
39
44
44
60
-3
76
-11
12
29
11
9
38
74
52
59
57
37
-6
49
49
7
80
19
6
50
19
18
-3
20
58
67
69
4
55
23
26
52
3
20
19
25
59
76
21
-19
50
24
76
32
54
98
-3
-14
52
22
56
-3
-20
-5
41
53
57
35
25
42
20
38
18
-10
6
33
40
34
25
50
4
32
55
34
28
-4
-2
26
29
81
105
135
86
8
-35
-83
-33
-20
27
33
6
26
72
34
50
-1
65
36
41
16
67
29
67
38
17
22
22
21
44
42
32
38
-1
0
35
19
43
44
40
50
26
50
27
48
24
28
88
19
44
92
106
24
8
16
-56
-5
17
18
96
3
59
92
34
57
68
100
153
172
157
88
-38
-124
-148
-86
-85
-29
-27
17
4
0
50
75
55
52
37
77
66
32
59
11
69
9
21
54
76
42
24
-10
34
-8
2
53
21
37
52
27
55
26
33
32
43
56
-8
23
-2
64
59
35
26
32
-11
59
1
24
0
-3
23
38
48
18
42
72
23
35
37
32
43
13
33
-11
28
19
32
8
28
-5
57
19
3
43
28
82
42
74
54
27
17
52
41
29
18
-8
17
53
18
42
25
52
16
41
33
56
34
5
38
9
41
74
66
41
92
51
33
22
34
42
22
32
55
10
52
28
58
36
16
39
37
-2
55
37
57
21
39
70
-10
21
56
25
16
4
18
38
39
2
16
27
48
13
-8
-37
53
51
4
-19
11
9
22
45
1
19
38
37
41
74
67
54
40
53
6
18
9
36
43
34
44
50
24
11
39
40
59
55
3
25
23
39
13
64
20
25
-6
16
-3
42
22
64
59
52
4
-2
6
3
32
29
38
32
41
32
1
9
53
67
83
44
26
19
26
6
11
32
37
12
65
10
18
44
33
28
36
41
65
73
37
39
24
34
-11
9
16
6
0
52
55
4
129
-7
38
32
23
7
-4
26
38
28
11
-3
53
56
-11
54
53
53
48
19
99
67
-7
1
11
28
16
58
21
26
5
53
57
59
13
25
7
10
41
38
33
43
65
38
36
21
29
36
44
2
10
42
3
16
90
53
3
80
87
89
21
52
49
53
52
3
26
42
3
0
-24
64
53
52
42
8
64
72
173
102
38
11
-55
-75
-52
-27
-21
18
27
20
55
35
65
81
66
54
107
22
36
26
84
37
4
80
148
149
131
17
-9
-40
-100
-21
-4
-26
-28
11
42
107
3
53
22
48
61
38
32
20
39
43
90
104
156
219
116
55
-100
-115
-105
-97
-2
21
-23
13
81
28
-23
32
45
67
41
32
39
57
36
42
26
64
59
32
34
53
43
0
58
44
25
59
3
4
53
22
23
36
28
90
58