0
29
59
76
89
43
11
33
52
39
11
3
59
26
42
59
10
20
49
60
80
21
11
49
42
43
-54
1
59
12
4
57
17
0
10
32
-23
-35
27
49
75
34
37
75
82
49
69
44
-49
25
-21
48
43
-1
-14
53
16
-44
60
44
51
50
32
9
27
11
33
128
177
35
-5
1
6
19
18
33
-17
7
50
13
-29
16
80
-13
34
59
59
16
27
43
42
1
54
18
-1
53
80
28
5
-9
-23
114
27
1
-41
97
81
76
33
99
66
211
225
120
-5
-34
-67
-73
-141
-253
-265
-195
-20
130
195
166
215
113
35
56
137
-11
-542
-1170
-1367
-1126
-534
240
631
955
1088
1179
1090
913
636
297
123
29
-70
-104
-115
-106
-115
-70
-83
-54
-35
-89
21
18
12
2
81
102
155
154
65
-20
-124
-202
-186
-105
-141
-23
-5
34
60
103
71
16
26
148
81
40
84
49
12
76
147
49
89
21
-57
-18
2
-19
67
43
18
11
58
9
10
40
35
51
69
9
-30
-33
-35
34
56
71
10
58
33
34
28
39
64
54
37
36
33
129
6
17
-59
16
-35
-40
5
33
40
80
32
36
64
17
23
60
23
9
43
21
11
49
38
40
21
29
20
38
21
60
8
1
2
42
55
61
26
11
45
-7
73
27
69
60
-20
11
12
76
101
52
16
-6
-14
-27
42
52
64
29
52
49
-2
22
8
9
17
2
57
32
25
25
80
194
198
28
-30
-29
-26
-6
0
1
-3
33
21
-20
28
42
66
24
20
43
56
53
65
49
43
20
43
39
73
92
41
35
-9
6
8
6
7
18
71
34
43
43
44
19
34
10
43
59
3
24
20
35
52
38
11
-4
20
67
38
36
48
40
-7
26
-34
35
6
25
33
64
21
27
54
65
60
44
10
6
-1
36
36
27
34
-3
67
137
88
22
-29
6
-8
-11
-1
26
16
9
50
59
43
41
57
20
52
17
38
11
59
21
-23
102
82
64
21
-23
10
-28
26
38
32
0
12
64
10
45
26
9
45
73
40
-4
60
28
53
37
-9
56
36
16
10
59
43
-13
48
19
65
17
52
38
19
32
52
21
29
34
-12
81
-12
59
55
16
2
20
22
21
59
27
64
26
-24
16
36
-23
40
-11
74
49
32
0
10
60
43
80
11
-35
80
90
38
42
55
17
21
34
9
-10
38
-9
0
60
65
43
83
-26
-14
96
5
38
36
42
54
35
-11
-13
18
55
49
-5
33
50
27
50
16
57
19
-50
34
29
36
-40
67
91
10
57
39
1
0
36
40
71
87
-11
-1
109
16
2
38
45
137
7
-2
9
25
-44
112
-5
23
-58
52
69
43
38
2
22
28
44
49
128
13
120
-2
22
118
-22
104
-29
29
-13
10
92
48
129
23
89
-58
22
84
4
7
-34
35
69
23
92
-5
-10
53
-12
68
53
-3
27
74
43
-18
-27
64
-55
83
10
-5
3
12
131
57
25
20
-12
7
-20
-6
35
-4
22
6
75
-3
12
104
25
50
74
12
58
9
55
48
5
61
65
24
23
-29
4
53
26
-10
75
16
50
76
82
50
20
26
-1
-8
25
51
-18
70
28
50
-22
56
12
105
11
-6
58
55
-36
90
-33
70
135
24
39
55
27
116
-34
54
23
44
10
33
-5
87
55
40
-3
33
-9
-40
36
12
56
70
49
10
-29
39
-36
-6
-20
57
-2
87
37
12
9
69
107
90
-12
6
25
58
35
67
0
54
49
12
25
25
0
35
49
60
32
35
-36
68
60
-43
25
69
17
56
103
10
51
56
-49
75
4
40
-14
24
5
10
42
26
85
42
48
17
22
43
18
33
37
88
-4
48
-10
42
-4
13
-4
2
70
-4
44
42
-34
101
83
-19
84
56
49
17
8
10
53
49
65
7
89
0
155
33
27
40
21
-24
-8
-4
1
-14
24
11
2
36
8
32
-1
51
23
60
22
44
42
-3
101
39
6
35
-37
37
-19
74
26
36
49
-13
44
52
27
71
60
-9
75
51
12
58
4
51
3
2
38
66
72
41
55
116
70
61
-37
8
-104
-74
-4
-30
87
49
43
67
73
-4
7
-19
16
19
17
64
73
59
-6
56
-10
58
4
88
65
10
18
76
18
-9
70
26
4
70
39
37
17
56
58
53
5
2
85
26
128
28
-1
-5
4
11
6
16
37
56
60
21
74
42
52
21
60
34
-40
51
83
21
52
34
6
-1
24
-24
52
34
41
24
27
42
39
65
73
55
64
53
-6
108
53
27
88
53
18
6
25
-9
-10
35
35
2
37
8
28
-10
41
-11
21
18
44
33
88
23
10
4
39
43
18
50
32
65
-30
23
60
96
40
66
73
86
50
-23
-7
-57
-5
21
48
42
41
19
10
38
72
101
55
73
-24
-19
6
6
21
60
-3
-14
17
37
56