0
33
1
21
42
22
10
39
34
56
21
29
23
66
23
75
57
-7
70
-3
32
16
52
28
-56
50
1
55
8
26
-24
52
-13
51
2
53
50
9
72
26
-20
76
-40
50
44
21
66
39
64
2
27
33
59
66
8
-10
18
44
19
59
87
41
56
70
25
52
72
40
11
20
-13
1
44
-17
66
-24
34
26
91
53
38
91
84
11
-12
29
10
40
40
11
45
27
-1
22
19
-39
57
32
33
72
8
54
54
80
104
-34
-45
224
-101
-49
-77
-90
18
43
-22
4
32
48
42
70
5
24
-11
71
58
-8
68
56
3
-24
27
24
16
32
25
68
99
107
48
70
-12
3
37
39
-17
-4
20
72
-37
6
-2
-13
-19
44
83
20
-66
-21
-45
74
11
35
25
-41
-20
-12
120
21
4
160
167
28
-92
1
59
19
6
-36
104
75
39
10
10
10
136
48
130
91
96
35
6
-6
77
-29
-107
73
70
24
21
29
44
34
-2
82
5
13
21
27
57
-17
21
-28
39
55
73
11
102
23
41
60
42
53
97
-21
29
10
8
128
20
21
104
28
33
-20
89
74
39
-17
181
181
77
20
54
22
53
-29
-77
-55
-53
-59
-40
-61
-17
9
103
40
54
73
77
24
70
41
42
84
50
36
4
18
20
20
39
40
86
20
29
-1
77
-36
-19
22
-20
-33
55
76
19
29
18
77
39
3
65
26
34
28
100
69
57
40
85
33
-27
0
5
-70
-68
7
156
99
123
169
172
209
291
137
61
-61
-210
-307
-261
-293
-299
-259
-203
-104
-89
-5
57
35
-45
-139
-44
104
341
412
420
433
458
388
227
130
-2
-51
-52
-33
-86
-29
-88
-117
-42
-37
43
-25
41
24
41
22
42
13
-24
-85
-72
-151
-168
-173
-233
-246
-245
5
214
243
236
245
260
217
108
114
128
53
35
77
23
-20
21
66
80
32
81
129
181
154
68
80
29
50
-4
57
32
38
-9
11
-18
-2
3
4
49
37
56
-22
48
3
-19
66
17
13
69
130
118
40
5
172
84
-28
-33
54
27
80
43
84
25
136
116
108
98
48
-30
-35
-119
-167
-135
-93
19
133
164
49
-41
-65
-83
-57
-14
-13
24
35
4
7
57
42
43
6
59
51
13
53
37
40
32
51
107
69
33
66
114
41
26
8
39
-1
23
49
61
19
80
25
-3
27
33
86
-2
48
43
-26
56
55
-8
1
-10
1
-33
17
-8
17
27
9
38
48
29
13
70
57
43
-5
22
24
11
23
44
43
68
35
39
10
-82
-1
-4
-24
21
-49
26
55
49
64
40
35
58
40
242
245
178
-45
-88
-87
-69
-11
-4
22
17
-13
-24
-55
23
16
38
55
50
48
49
50
-22
33
6
23
43
0
20
58
42
36
102
20
44
65
66
42
45
57
-3
4
71
57
-6
32
8
27
38
34
22
72
56
57
19
77
70
36
26
50
50
72
50
-11
53
49
40
21
36
-14
167
162
216
134
-13
-149
-117
-59
-23
76
28
27
21
26
-5
-7
8
-11
51
4
4
21
68
53
23
-27
22
43
2
36
-5
49
66
34
-5
70
11
70
41
49
-5
51
41
-28
33
27
57
54
19
21
59
59
20
60
-3
28
-21
42
73
35
48
19
64
-4
2
23
13
67
43
60
42
105
26
58
27
6
-20
-12
-28
-11
17
-26
6
12
132
52
11
25
0
-34
120
-19
10
106
109
32
-3
50
9
-2
115
69
73
52
11
56
57
75
124
69
134
104
86
73
6
-82
-65
-52
-71
-30
-41
13
-28
-45
34
-4
1
34
67
74
22
23
2
41
16
34
41
57
61
64
58
90
51
70
52
51
37
19
35
45
-25
35
17
44
17
54
7
-11
36
5
25
59
40
32
1
8
37
-19
89
48
11
88
55
18
8
49
25
19
17
105
24
34
68
32
69
-25
-5
75
7
10
69
56
11
55
-12
22
24
37
48
60
43
24
-8
-7
2
-24
-24
42
116
1
21
75
25
91
36
18
22
52
8
52
20
1
41
48
99
68
19
-8
-6
12
34
51
66
77
24
52
-6
27
24
57
57
26
68
23
65
40
-9
25
80
23
40
34
38
66
38
48
39
45
-23
3
53
-7
42
2
51
-1
37
-22
22
40
59
19
40
36
42
-7
40
-8
56
33
36
11
21
27
59
38
37
48
36
27
58
-12
17
60
59
13
10
-14
50
33
0
83
5
35
20
26
55
69
51
49
32
4
40
29
45
24
41
37
59
32
7
39
28
38
21
68
2
20
24
7
26
4
52
59
0
53
9
-17
-5
72
22
19
16
33
10
48
66
42
44
20
57
52
4
21
26
26
-5
19
42
-17
65
32
24
32
27
89
23
32
5
80
5
57
52
41
52
19
43
42
35
16
32
43
27
7
56
32
0
12
19
23
7
39
21
-2
81
54