0
51
101
-3
38
7
0
12
59
-4
66
-49
128
77
28
12
27
50
39
48
64
23
-2
28
36
34
22
44
4
-11
13
52
8
49
64
65
29
66
65
96
193
162
92
-57
-39
-57
-40
-52
24
2
38
84
68
26
33
38
20
45
11
91
52
52
4
3
41
6
16
41
32
23
45
22
-7
0
41
-2
36
39
57
34
39
83
37
112
44
26
22
69
57
61
84
-19
52
-1
22
18
81
21
58
-21
18
26
-2
42
-1
57
33
50
55
49
33
74
38
38
0
85
6
-20
39
42
3
16
-1
59
34
-6
38
50
68
44
-11
-26
69
92
36
55
36
67
39
53
33
13
58
67
48
27
58
18
40
7
-5
52
75
8
0
-1
13
50
50
21
57
56
16
-5
32
26
41
49
9
23
53
-17
83
13
7
6
9
45
28
145
125
69
97
5
-46
-27
19
28
3
23
10
26
70
64
66
112
43
24
25
-8
11
11
34
57
29
65
50
11
-6
36
48
6
1
24
50
44
-1
-3
42
48
12
13
40
-11
23
17
82
1
17
36
12
40
70
19
54
37
55
-26
55
17
41
42
40
-1
8
36
25
48
43
70
39
41
52
103
108
-9
-1
32
-12
9
35
56
12
24
20
6
26
36
-3
-12
-12
34
69
56
41
37
27
53
13
52
56
53
39
44
19
28
44
56
39
76
39
39
48
11
17
3
40
1
50
28
50
13
33
26
29
-30
55
67
43
7
69
-2
35
53
32
60
56
66
55
24
34
69
51
51
25
44
43
-2
52
21
51
52
34
6
43
1
27
-4
28
3
48
22
34
21
45
39
38
44
7
10
83
40
-5
34
8
22
35
11
32
33
24
80
54
-21
16
39
59
66
51
-18
53
-22
-12
-14
40
33
18
1
6
42
70
43
68
45
32
23
42
42
-6
6
-3
55
43
17
18
73
55
43
37
35
38
55
54
33
4
29
10
32
8
51
28
18
35
68
21
33
65
59
21
27
39
-21
57
22
53
20
58
34
50
42
25
67
29
-6
34
32
22
48
43
68
-2
-3
-10
28
12
-12
54
11
51
23
35
27
-19
26
43
26
-12
-13
17
18
50
81
64
11
-30
32
53
-19
13
38
34
48
71
49
40
26
37
57
120
76
17
-2
12
-23
35
8
43
36
25
7
29
-3
4
20
13
53
1
25
9
69
-2
73
35
39
23
32
17
9
38
39
-5
37
51
32
41
52
37
25
61
11
22
72
10
34
43
38
32
5
9
45
22
33
99
80
26
26
0
19
8
7
77
41
53
23
25
28
36
22
65
41
26
105
49
0
34
33
33
-4
12
28
41
75
25
65
28
24
58
-17
44
36
41
25
22
51
52
35
16
5
16
38
6
29
50
22
3
49
52
-4
26
10
22
5
52
17
24
13
16
25
10
26
48
38
65
70
35
20
11
6
69
-51
82
36
5
7
39
35
49
48
1
52
23
-25
10
32
32
49
52
1
45
-6
-3
36
4
61
34
13
9
67
-9
25
40
35
42
11
22
45
10
43
37
37
38
6
45
1
29
24
84
4
26
-19
70
1
24
6
0
19
55
28
20
48
42
16
87
39
54
17
69
20
10
38
9
1
76
72
64
-8
32
29
28
6
52
22
-3
37
56
54
25
92
3
21
57
53
28
36
20
27
-2
32
40
65
28
12
32
-9
48
21
41
3
122
40
20
-13
-21
-10
50
2
44
7
35
57
18
21
49
67
75
19
84
67
34
53
90
17
43
23
23
51
16
57
71
20
50
45
37
42
7
-2
10
70
34
89
138
192
72
-17
23
61
-3
-12
-1
-41
24
-23
28
104
-1
-54
11
100
37
39
80
60
64
12
16
44
2
21
12
53
71
32
-11
-20
24
-49
67
58
2
44
8
68
38
36
54
26
44
-24
-51
19
2
10
70
7
38
118
74
-2
48
8
37
56
34
-21
16
74
27
24
-34
48
49
36
83
-20
37
35
50
38
72
13
17
17
25
36
37
44
-20
58
5
80
11
21
12
23
74
45
17
51
65
7
17
-25
67
68
16
44
20
2
22
-5
-1
37
55
38
33
-5
50
55
85
2
120
29
-36
37
21
41
-29
-1
56
57
42
87
224
139
98
59
-44
-122
-99
-105
-39
-52
-39
-34
49
-29
9
36
71
3
60
52
67
65
64
23
8
20
81
26
108
20
20
86
55
-19
55
177
-14
-77
-94
-36
-19
-41
-99
-40
10
5
-69
35
-4
10
52
60
-35
-53
23
11
-17
-1
-43
-34
-20
-65
-44
55
28
76
49
85
92
56
60
55
74
93
166
34
50
81
51
-27
33
16
69
21
-10
3
7
38
36
41
119
117
241
298
433
339
316
256
149
102
133
51
40
18
70
67
-19
33