0
27
45
45
22
17
22
53
53
59
33
-6
-7
-7
37
4
92
36
57
38
-18
83
48
48
38
28
27
48
-21
-5
18
18
22
32
6
27
34
34
43
35
25
-14
33
23
40
64
64
83
26
26
26
18
0
51
51
3
54
-3
13
4
57
57
83
17
23
16
8
8
23
38
26
26
19
18
40
29
28
54
2
5
38
-3
-10
-10
87
56
56
41
70
71
100
100
88
24
71
49
40
40
40
8
25
85
85
25
1
1
-11
9
88
52
52
65
58
34
6
6
10
10
27
52
26
57
74
76
67
72
2
43
-5
1
1
-14
5
-24
42
42
37
69
23
96
9
44
21
88
58
75
2
69
42
8
16
48
12
66
99
41
6
43
6
16
-28
120
85
24
-10
13
20
58
36
-2
59
66
55
68
123
112
28
49
-37
1
-10
32
0
6
50
37
33
16
33
5
-4
41
61
19
89
-4
72
22
58
17
49
19
18
58
54
44
22
-19
32
55
64
77
53
42
107
32
-8
70
16
54
28
44
-9
21
82
36
22
13
12
0
25
1
69
35
65
11
17
6
12
23
19
35
42
19
82
25
-29
1
59
-13
55
29
-39
43
23
42
38
58
72
20
36
4
20
54
16
34
49
53
-18
19
59
34
85
32
7
66
-18
84
42
-1
16
20
-22
58
54
-6
18
80
2
72
48
9
43
-13
26
53
29
43
12
25
29
2
-28
43
5
57
34
39
43
38
6
51
114
27
21
68
9
21
40
-1
11
38
37
2
42
58
5
44
61
9
19
17
8
36
36
76
60
20
44
37
-18
25
34
65
73
10
29
-13
39
52
24
7
49
21
8
34
24
43
-10
82
3
51
2
29
87
-1
1
54
8
53
23
38
39
51
40
37
57
64
34
26
9
-4
5
-21
37
32
34
28
53
24
42
11
36
-38
-28
26
77
38
33
-17
4
71
40
68
2
33
0
88
96
39
38
84
38
33
34
34
69
56
32
32
43
43
24
-1
-1
11
22
-4
-4
37
9
9
9
8
23
4
23
22
22
16
51
51
61
128
128
183
170
-54
-54
-54
-67
-104
-106
-70
22
58
58
41
41
41
98
98
20
13
13
84
84
84
53
53
72
57
85
27
27
13
18
18
6
51
43
9
29
48
48
4
55
44
25
9
20
20
6
-35
-35
50
50
3
6
6
-10
-10
-28
18
18
76
54
54
-3
27
27
27
41
70
5
5
19
37
21
42
42
48
50
49
33
33
64
52
52
21
2
2
36
36
36
36
21
21
34
19
-19
-19
32
32
32
0
0
27
43
10
10
9
6
6
22
-22
39
18
11
48
48
48
48
41
41
10
10
18
38
75
71
87
87
72
16
16
83
83
69
69
21
19
22
22
54
34
34
32
37
59
10
24
24
19
19
19
36
52
52
52
43
43
55
50
50
64
64
55
49
49
55
8
8
32
32
8
5
96
96
8
-21
-21
-12
-12
-12
25
25
29
4
-8
-9
26
26
13
13
13
13
59
16
16
24
28
28
-9
17
17
10
36
36
21
54
54
54
54
43
43
65
37
37
58
50
50
50
57
32
41
41
36
34
34
33
22
16
21
26
39
56
36
36
13
17
50
48
48
102
6
-17
-19
27
37
0
-6
25
25
41
40
39
40
49
17
4
4
23
51
43
92
92
96
67
12
43
29
27
27
32
9
23
-18
-18
-3
58
24
43
41
7
4
19
19
24
40
50
17
17
66
67
56
108
124
91
91
93
11
13
16
-6
34
71
33
32
32
16
34
34
34
22
23
42
42
75
43
42
-37
-37
-34
-54
-34
13
13
44
64
48
3
3
19
37
4
56
66
91
91
85
35
34
5
-3
0
58
65
48
23
6
57
3
3
11
19
26
41
41
76
6
39
39
82
68
68
-28
32
32
24
35
81
26
28
29
-2
-10
27
38
43
32
36
41
37
32
32
19
0
36
34
50
48
38
5
-2
-2
-19
28
38
80
61
27
27
72
59
59
89
44
35
36
44
27
27
72
38
18
53
53
60
35
40
50
21
29
10
48
52
52
-8
18
75
76
-14
83
41
-23
-39
-39
-28
-58
-1
-2
4
27
27
39
29
29
10
69
40
41
71
22
57
39
10
10
10
-5
24
42
36
10
10
-4
39
16
37
66
66
50
37
54
49
49
10
4
4
56
55
28
45
34
65
33
33
29
29
27
55
26
40
24
41
50
53
11
32
25
38
16
4
7
20
65
10
6
-5
-7
106
33
55
75
38
73
8
16
58
38
10
39
27
12
38
-25
49
44
75
-12
10
16
82
53
53
32
18
43
72
-9
-91
37
-20
33
56
20
67
21
70
117
69
18
-26
129
44
-18
-5
2
9
41