0
33
48
-33
-3
-3
-121
-9
51
51
24
89
135
114
22
25
25
-131
66
19
-68
-75
42
113
113
56
56
-42
55
41
-10
56
-45
-45
-118
-22
27
43
43
23
45
29
135
57
69
69
83
-49
-43
-45
-17
69
51
54
117
61
61
102
59
118
121
82
74
74
105
6
54
152
152
-9
-10
5
17
43
-36
-36
-1
42
83
20
64
5
90
90
83
112
87
3
53
55
103
103
17
-51
74
61
24
67
67
52
69
61
-6
-6
106
89
9
77
-2
86
49
4
22
88
55
0
53
64
-1
177
177
118
71
86
55
66
43
43
37
68
-52
-59
21
-9
173
-8
24
83
26
-66
148
60
73
19
-85
131
113
1
-140
83
3
48
-67
119
4
-19
37
86
9
-53
88
17
-35
99
44
104
38
82
-18
19
32
18
73
112
39
-4
-53
87
80
43
59
-39
68
59
-28
1
92
33
70
54
22
-46
48
86
-26
11
39
1
93
24
87
-24
-1
6
88
40
57
73
43
22
-5
67
35
2
-13
-23
100
-4
160
-20
52
-52
48
105
-28
-41
-53
133
22
86
60
-23
25
7
-50
64
91
58
28
-8
1
33
42
-1
54
22
35
69
-56
108
-40
41
48
16
39
52
61
51
-60
1
0
45
27
1
80
7
134
-36
-8
88
69
40
82
44
-12
171
16
-2
-49
64
97
-17
-33
97
74
34
85
1
3
-10
0
57
-37
64
91
87
-35
-49
88
-58
104
-61
90
-14
-59
60
-13
32
-34
87
-76
113
34
35
68
117
-12
-25
-42
58
16
-39
51
38
51
99
36
39
-18
84
90
7
-78
41
-7
73
55
4
48
12
88
147
-22
-38
161
6
-5
137
134
11
27
5
59
49
50
22
13
-69
60
-17
-23
-26
90
-24
125
-4
25
19
16
57
112
35
0
-13
0
13
-88
-22
37
3
151
40
18
52
152
-49
27
17
-34
6
45
121
51
17
7
25
26
10
33
73
10
-84
35
81
26
-19
35
-10
64
-3
41
36
151
6
37
106
66
66
35
-26
8
8
8
-75
16
16
-19
-19
-19
-23
97
97
-8
-19
-10
-10
32
32
57
17
17
9
81
-33
-33
65
44
24
70
70
-4
-4
-9
69
72
17
17
131
131
80
80
80
103
103
11
66
66
67
56
26
26
51
51
5
5
9
55
55
-50
101
101
101
101
22
-35
43
43
-19
33
-21
-21
6
166
166
1
-86
-19
-19
-42
65
65
82
9
9
182
134
66
106
106
-121
-121
-121
89
-56
-83
-54
29
29
168
11
11
42
54
54
54
54
43
-14
-14
8
8
115
115
-3
-3
-20
5
5
99
-13
-13
-71
-71
81
115
115
115
115
21
21
-14
9
-34
100
100
50
50
44
44
44
13
-38
113
113
16
28
65
65
75
75
101
228
228
272
225
125
125
125
60
60
-221
-221
-29
-29
-153
-153
-324
-324
-88
-88
81
81
91
5
121
121
138
32
32
-3
-3
139
132
155
155
39
-69
-69
-93
76
76
90
2
2
-6
-6
-88
90
90
90
90
90
90
49
34
40
-13
-13
26
-21
23
167
167
117
8
9
8
24
39
-54
-41
-28
-28
-28
-22
-22
-3
65
65
42
-29
103
-10
-10
-11
-11
-17
-18
-18
-18
-18
52
-54
-54
69
69
56
117
117
117
19
19
19
19
12
12
12
-13
-33
39
39
54
11
-53
-25
22
67
83
-6
22
-74
-74
124
123
136
75
75
3
-1
-38
-37
-9
-138
-35
-35
-37
100
60
51
4
17
17
-33
23
23
64
11
4
-2
33
10
10
1
-25
135
72
72
105
42
41
92
-25
-68
-6
32
151
151
90
90
-23
-34
-34
33
-24
33
49
-76
-30
-30
-66
148
148
45
-6
-75
148
148
90
57
33
43
-5
-20
81
-119
86
140
58
133
113
88
88
9
108
-50
-8
-8
68
-33
212
140
140
84
-17
-7
108
33
-83
88
81
81
49
73
-10
178
48
43
21
-116
-54
58
102
102
-14
-10
-25
-25
132
28
11
11
-33
56
10
54
16
-2
38
22
52
53
36
-19
39
66
-29
33
88
60
82
48
114
129
114
69
69
91
-43
-43
92
97
12
123
7
9
51
-26
64
115
99
52
109
65
114
73
73
42
-67
-67
-53
9
-10
53
-8
-33
-33
-1
131
16
24
0
-17
72
0
55
55
91
37
-30
24
43
32
93
-30
-8
23
64
149
-43
44
2
-23
145
98
38
36
87
152
-17
26
26
21
52
96
9
41
67
16
16
43
34
34
81
83
8
18
17
52
88
-17
-5
39
98
98
129
-45
48
48
44
36
64
113
73
56
6
56
-6
98
37
69
26
57
4
96
43
0
3
69
-22
90
27
43
97
38
80
104
-36
32
12
66
51
-14
66
140
0
-11
48
66
-57
147
60
86
54
44
81
-22
29
-18
70
-57
-35
58
-7
-94
129
58
-58
-27
54
70
17
84
25
25
-26
60
12
101
26
35