0
54
44
60
53
37
37
23
23
23
100
12
12
26
26
26
7
7
-4
44
44
36
36
10
10
10
-3
-18
56
56
2
2
9
9
57
54
54
51
71
71
92
50
50
61
19
19
49
49
66
28
28
28
28
28
21
20
20
-21
-21
-21
75
36
-28
1
65
-3
-3
18
60
60
60
60
60
27
22
33
33
5
5
5
76
42
42
27
17
33
58
58
42
86
59
41
24
24
38
40
45
116
50
25
20
26
76
88
50
22
71
202
188
256
265
135
-168
-137
-157
-202
-202
-180
-61
-61
-52
4
33
38
28
85
32
92
84
68
32
-20
54
96
59
-4
92
89
82
33
118
-5
-23
-23
44
44
-14
56
98
-6
41
18
22
22
38
26
123
123
60
-3
68
45
45
66
85
17
67
73
41
41
32
-34
-34
-8
17
21
21
88
69
56
56
49
38
48
58
55
20
3
3
9
-24
52
41
41
99
25
35
59
120
57
21
49
64
68
93
26
43
34
91
70
72
45
34
34
60
71
56
18
18
43
-22
101
42
2
25
96
24
45
65
56
64
35
17
17
-3
-6
68
68
20
39
39
10
19
42
10
10
41
26
48
68
64
61
39
66
-29
-29
-14
36
40
56
16
-41
-41
115
28
-8
1
28
-59
27
3
50
50
3
2
5
108
10
12
-4
7
26
100
-1
-34
21
42
73
2
2
129
39
152
91
58
50
114
87
181
181
27
-27
-118
-22
-22
-83
232
-29
-82
-82
75
-77
216
114
114
60
160
115
-129
-129
102
96
22
-110
-78
-78
-186
48
-168
-168
-275
-26
-120
-117
43
234
-14
101
234
195
370
267
72
-41
-300
-433
-452
-181
-198
-282
-2
41
-103
57
251
32
-3
114
132
117
70
-12
154
-23
22
34
92
50
-19
28
68
56
-39
81
41
-99
9
100
22
98
-24
204
29
81
-90
-81
-44
72
106
-36
120
19
41
-43
44
-25
-13
-51
42
65
67
192
-38
86
-13
-9
20
123
9
-6
146
136
-25
35
56
98
39
37
86
64
7
56
-39
76
-36
105
-33
22
73
131
-2
18
100
-17
32
118
59
-71
104
12
-5
17
-7
23
48
-33
80
85
-54
70
-12
57
-34
-59
148
36
170
-62
43
68
71
64
-38
-147
102
71
85
119
-22
-3
-10
129
41
-46
55
11
41
-66
66
73
16
83
140
56
-17
-7
75
-145
183
45
3
18
-18
139
22
91
-72
86
-24
52
98
5
-19
112
48
106
-9
42
-37
26
-6
70
60
135
-3
-23
53
3
75
-12
43
-20
-68
104
48
10
-36
19
154
-53
149
10
70
-23
88
118
5
51
39
103
2
85
-22
56
24
134
54
22
118
-2
41
34
28
3
60
49
41
101
-20
77
-24
76
56
102
16
-33
53
28
18
27
-51
54
38
9
25
120
-117
77
39
91
-21
52
72
-6
5
97
67
-67
57
73
13
80
76
-61
-3
-26
103
19
71
-8
-66
69
105
12
73
10
54
59
75
32
-72
23
80
-22
66
-25
163
163
75
83
-19
-19
-19
-58
58
58
18
65
-17
-17
-17
-17
-17
-17
-17
66
118
156
131
12
43
148
-42
91
-66
-5
-5
-6
-14
-13
-13
34
34
34
34
34
34
8
8
102
102
132
132
22
16
16
0
0
0
57
57
44
44
13
29
29
21
-34
-21
0
35
69
67
-42
99
99
85
85
-8
-41
-41
-17
49
49
-9
71
71
48
52
52
85
97
97
41
41
67
67
67
-3
-3
81
-65
-65
107
107
-5
-5
24
77
-13
36
27
27
56
56
56
-73
130
144
-7
71
53
51
124
-10
38
64
92
-57
19
54
54
103
103
83
55
156
156
106
106
65
-34
-34
11
6
6
53
52
89
89
69
69
20
88
88
88
88
18
71
71
16
25
25
75
75
-87
-87
-87
-87
-87
4
4
-52
-18
5
5
-39
-39
-12
3
3
42
42
122
89
97
97
97
100
100
121
-68
22
22
55
-2
-2
12
32
57
57
-5
25
-38
-38
-38
16
68
48
48
-8
-8
-28
-28
-28
104
104
51
-53
96
41
41
85
54
54
50
101
101
87
-57
66
66
-23
19
19
80
45
45
57
92
92
58
104
104
-77
60
60
4
67
67
84
84
84
-24
-24
-43
-43
-43
-43
-43
28
28
28
28
28
28
28
136
72
121
64
0
0
88
33
33
27
57
51
34
71
-5
59
89
58
44
69
-30
54
154
149
149
-17
67
12
52
52
1
54
54
115
57
26
65
40
133
86
17
11
35
29
90
90
-40
19
19
-60
64
8
34
70
84
84
-24
32
-42
54
54
92
-37
16
-77
-77
-39
-7
86
82
49
100
43
43
84
104
8
117
-7
-20
11
11
-27
71
96
35
26
23
73
73
99
2
114
-3
-3
20
-23
147
196
82
82
55
71
71
39
-35
119
18
18
68
103
135
54
27
-28
2
27
3
24
24
36
67
42