0
76
-2
-67
53
-43
-41
115
58
-69
2
338
52
68
-38
41
3
-81
43
-13
26
1
61
39
49
101
10
121
177
29
12
41
65
65
-4
73
86
21
64
-46
92
56
-9
76
-33
35
24
64
-29
75
26
-26
26
21
-40
102
98
-6
69
34
23
-4
40
40
-66
99
22
83
-11
36
22
-3
97
43
-41
66
51
54
130
80
140
-40
49
-20
32
54
10
-51
88
9
74
26
-1
57
76
-3
38
-3
64
36
-22
97
37
87
-102
-27
-101
68
86
-45
87
13
5
60
11
-39
130
57
114
-43
81
171
27
44
-22
-61
73
64
-37
-8
113
71
114
-60
40
20
67
72
24
72
11
-17
-23
0
51
18
99
77
1
1
42
52
65
210
-20
4
44
38
54
100
66
-34
37
21
-3
53
59
-1
-1
23
10
91
73
35
96
18
6
1
-8
66
17
49
28
37
38
69
-4
18
10
5
75
-21
28
72
195
226
210
144
-4
-120
-151
-147
-117
-11
-81
23
-10
-14
76
4
-4
-23
12
58
18
-25
115
35
26
147
-40
45
22
133
33
-24
0
-20
-2
-12
109
41
76
-29
1
59
35
-12
77
60
-4
97
10
65
10
10
55
51
91
-36
24
99
16
39
35
-29
39
92
70
20
71
22
-46
3
43
64
88
-2
-46
99
22
0
99
-19
37
-28
33
54
8
35
36
-40
17
11
55
56
23
-40
-35
71
7
34
74
106
-5
57
34
43
33
59
52
76
40
26
39
34
80
2
-11
-12
76
-3
44
83
37
36
-8
-6
5
5
-12
58
40
-22
50
4
26
32
37
-14
-13
18
4
92
-23
24
32
34
76
59
58
-6
98
-14
92
37
8
-20
34
49
50
13
-43
-10
36
23
10
81
91
49
67
-11
24
76
43
35
82
-57
59
61
53
6
64
97
7
33
91
43
68
-41
-59
-34
85
24
27
8
41
-5
21
56
80
74
70
75
65
73
53
24
24
113
16
56
67
51
23
4
43
22
96
-19
34
49
-10
68
22
-2
80
64
52
-28
22
87
-9
28
11
42
37
100
-25
52
-3
16
56
17
20
88
22
49
42
-40
51
-28
25
-4
67
16
20
9
22
102
-26
18
42
56
-29
57
-13
105
23
-42
67
5
4
58
57
12
-26
17
64
-86
5
245
363
437
407
436
342
230
225
182
118
68
60
21
-30
1
-9
21
68
27
18
-23
-46
33
-56
-72
61
-27
36
-53
-94
-6
69
13
-9
-4
-40
-28
-55
7
-35
68
-6
40
-61
1
119
8
-55
91
73
-24
-24
24
53
-87
22
48
-35
35
-58
2
73
27
-29
41
54
-67
67
28
1
-17
86
5
38
58
26
-23
2
-23
35
54
26
71
-57
43
77
37
76
-7
38
-9
28
72
50
0
7
33
-25
-17
17
-10
43
-2
67
-87
51
-21
99
-39
20
48
6
70
29
-7
27
4
20
37
75
52
-37
18
90
3
61
55
-5
-52
-20
8
86
33
10
85
12
43
51
48
54
23
34
81
40
-43
5
67
9
32
84
92
-75
82
57
38
-25
40
12
3
20
72
-2
42
82
16
51
33
-19
48
9
2
49
10
40
106
68
-14
37
-44
56
88
7
26
-4
37
34
13
72
36
-13
55
102
6
18
0
33
73
32
2
86
19
21
41
89
-23
74
27
32
74
66
23
-7
-4
7
9
-3
-22
105
10
89
23
-22
51
35
55
1
23
-3
69
51
-1
32
67
-10
26
53
81
-21
44
-19
88
118
11
26
4
16
27
51
-1
49
106
3
28
12
9
82
54
40
17
67
29
2
77
21
11
-6
36
51
60
58
69
-8
71
0
55
39
118
8
2
37
41
36
-34
40
25
81
1
55
-3
19
42
17
93
33
58
-24
8
-7
42
60
26
-19
26
34
129
2
17
83
-38
27
73
17
24
3
112
52
-17
27
50
50
-12
34
68
21
51
54
56
2
179
35
19
-34
88
22
-55
102
-86
37
49
39
59
57
34
27
17
34
119
12
42
-38
33
82
70
-24
-81
54
19
40
48
61
43
13
99
214
101
83
11
0
-40
-33
5
27
22
-24
35
17
26
24
48
32
25
38
77
39
39
8
16
-11
16
20
88
92
97
28
64
-18
-13
4
-20
-11
-17
12
43
35
18
28
-1
26
21
8
51
51
40
49
21
40
41
21
9
-11
37
42
54
83
55
76
88
8
26
32
20
17
68
45
24
54
75
35
34
16
6
51
9
27
51
67
36
26
10
17
53
17
55
27
39
-5
23
20
36
41
3
35
25
3
20
22
59
71
24
26
72
9
0
34
68
19
23
9
12
32
17
50
50
29
28
16
-23
51
28
17
55
65
3
54
57
-2
51
20
36
12
-2
-44
100
35
23
43
37
57
73
50
64
55
12
42
48
65
75
24
85
-54
90
213
20
-6
-43
-62
-7
9
21