0
19
49
44
38
-8
35
28
11
24
27
32
75
34
-14
11
-13
24
50
69
71
45
27
17
22
75
1
60
41
-7
1
52
29
-17
61
-3
37
10
56
49
36
61
12
16
35
34
22
12
42
68
32
40
58
5
28
37
56
109
41
25
9
9
33
41
43
54
77
70
57
56
50
8
37
1
36
43
18
65
44
-2
34
-17
6
-21
54
10
50
26
40
-2
10
49
29
58
66
68
34
44
147
147
183
73
-60
-101
-106
-92
-90
-44
-7
12
21
34
17
-2
35
60
35
42
1
36
20
29
40
39
57
57
8
73
54
27
28
45
64
33
73
9
11
26
34
17
21
5
40
57
37
38
55
72
28
8
66
17
24
58
39
13
42
42
-6
51
58
-17
10
20
29
35
56
12
36
25
56
57
65
7
37
33
89
11
21
36
10
9
24
23
20
28
21
-3
28
-18
49
22
7
32
42
8
-8
64
34
22
22
44
82
54
-23
2
21
51
42
34
17
18
38
35
25
58
54
61
45
34
18
27
27
-11
67
67
92
-9
-28
-28
1
-22
16
1
1
58
-2
-2
-2
40
54
54
54
24
44
44
26
9
9
85
64
64
64
1
-3
-3
6
58
58
52
52
52
-4
-4
21
21
67
76
33
33
69
91
74
64
38
3
3
3
24
24
24
17
-12
-12
-12
-46
-46
-25
-35
-37
3
3
48
17
17
3
3
3
16
16
39
39
34
38
24
24
24
37
29
27
12
60
60
26
26
64
71
71
71
19
16
16
-10
26
26
26
38
35
98
98
4
4
-21
-38
9
2
2
73
73
73
-3
-3
24
32
32
32
4
4
9
38
38
10
10
-7
49
49
49
49
33
57
57
57
57
45
64
64
64
38
38
37
37
64
64
48
36
36
42
42
20
20
20
53
53
24
34
49
49
18
18
36
36
38
13
13
13
60
25
19
54
40
40
9
9
55
3
3
3
33
51
38
38
28
28
37
37
43
43
43
73
37
37
-9
-9
7
71
67
67
43
28
28
49
49
80
86
86
83
11
11
33
33
33
39
49
42
42
42
37
45
45
101
43
43
32
40
52
52
54
65
-10
-10
39
39
45
45
-12
-10
-10
16
16
50
27
27
27
27
1
-26
-26
44
44
44
74
41
51
45
28
73
71
55
58
-6
22
1
1
-5
3
-3
-6
-6
18
40
67
102
82
58
58
20
58
58
49
55
50
35
70
38
2
22
22
21
18
71
52
37
37
60
-5
5
37
18
36
36
20
52
69
57
57
41
57
34
40
24
27
24
24
52
54
27
23
8
8
18
58
59
59
67
43
49
35
24
-45
-45
21
44
44
60
53
52
42
42
44
61
10
50
50
60
65
65
24
70
59
43
28
32
43
7
52
-8
32
72
72
54
39
18
25
33
48
48
24
36
28
28
43
11
39
48
48
54
7
7
48
-18
39
37
37
50
50
41
33
54
35
22
37
23
38
53
60
-11
34
73
67
60
60
34
7
7
28
58
58
36
36
39
45
68
11
58
23
36
59
12
25
25
28
28
21
53
61
68
68
48
28
38
69
76
59
40
41
50
66
25
25
38
28
28
27
26
4
16
16
9
20
71
72
72
64
26
38
25
9
8
8
-4
52
52
35
23
9
25
52
40
42
12
50
43
26
25
-53
20
20
25
16
51
61
60
48
43
56
56
65
58
23
20
38
26
26
51
76
64
22
22
7
7
4
45
40
34
20
52
24
57
52
70
37
54
7
38
86
35
58
22
27
56
51
48
29
28
58
51
49
54
44
25
36
5
52
26
4
-7
29
6
-14
35
66
-34
35
25
10
25
40
48
27
17
11
27
23
56
3
84
82
56
17
-3
-20
18
48
-21
70
43
24
-21
3
68
17
25
11
22
17
39
8
20
19
33
42
32
52
16
4
28
-4
87
34
51
19
23
18
39
89
36
8
72
11
8
8
27
-35
54
43
-19
36
28
37
-3
2
52
77
57
51
50
53
108
25
66
7
20
22
10
50
-14
56
34
-13
56
42
19
41
67
36
38
7
-25
1
102
25
42
11
12
38
1
42
41
34
23
22
3
29
40
82
33
35
16
43
32
18
26
33
20
-83
5
33
41
20
43
55
65
11
69
43
74
49
70
55
75
56
60
68
69
67
85
24
35
34
4
52
-1
53
23
34
32
0
25
73
20
0
24
53
5
40
17
23
48
57
8
22
20
34
42
49
9
70
52
51
66
42
65
33
40
-1
27
37
6
58
24
33
42
23
22
28
53
11
-2
26
66
12
17
18
43
34
6
-11
20
39
-27
54
39
-10
40
4
26
12
58
25
6
5
34
54
32
-3
50
38
58
34
40