0
0
-20
-20
0
20
20
10
40
40
-23
70
70
74
74
61
58
58
83
-23
-23
-21
-18
-18
53
-10
-10
-28
50
82
27
27
27
57
76
19
7
7
2
2
2
2
2
68
25
25
-50
-50
-50
-50
-65
-65
16
34
42
9
9
-8
7
32
-4
39
43
43
43
66
66
66
55
55
40
40
64
64
28
69
91
54
67
67
72
48
39
-18
22
23
23
61
38
21
6
23
48
-7
-7
-9
34
42
85
67
84
168
88
88
71
64
-57
-65
-44
-42
-45
-68
-17
-17
22
7
7
9
-25
-25
55
49
40
42
88
66
41
41
90
50
38
7
51
51
27
65
21
21
60
48
-12
-37
-37
17
17
76
69
64
102
102
283
28
28
-35
-129
-93
-65
-105
-101
-101
-41
50
34
36
36
83
98
98
98
32
436
699
852
940
1612
293
84
10
-74
-74
-685
-693
-693
-641
-599
-568
-179
-164
-132
-132
-120
-42
-166
-200
-200
-199
-275
-162
-162
-179
-147
87
131
184
184
195
194
139
307
363
332
315
201
-1559
-1559
-2048
-1587
-965
1266
1266
1578
2047
1636
614
614
593
515
33
-10
-26
-26
-104
-85
-93
-108
-130
-23
-53
-20
22
23
13
-65
72
72
51
37
-29
-324
-324
-283
-202
-33
275
232
229
231
113
226
291
283
312
444
289
261
261
246
-185
-189
-189
-278
-218
-172
-151
-151
-136
50
98
116
116
91
-42
-13
-13
-29
-17
-12
-23
-21
-29
-36
-24
-25
98
53
56
56
19
44
115
89
100
99
51
70
60
60
73
72
-4
-4
34
32
32
49
-141
-41
55
59
57
26
41
52
106
70
54
25
25
8
-60
28
-11
20
65
70
65
65
71
-12
-17
-43
-73
-58
22
74
204
90
49
3
-28
21
22
25
-23
1
-3
-20
4
65
43
6
112
76
42
32
67
44
19
66
7
-10
-43
-34
36
25
53
36
60
67
5
-1
-20
-2
29
36
-6
17
54
34
70
44
27
22
32
54
52
92
29
3
42
24
-12
-14
17
23
27
36
75
27
73
13
32
28
18
36
50
49
45
87
32
25
37
106
36
68
44
4
-9
21
5
24
33
64
64
87
-2
0
85
12
27
49
54
52
21
44
25
52
100
112
44
22
7
-13
-11
11
49
40
22
29
39
37
0
40
34
54
53
49
26
-10
24
1
18
25
36
20
22
44
8
26
5
50
44
42
52
50
91
59
36
64
5
13
-4
25
51
51
-9
18
23
60
54
68
37
11
39
7
29
24
76
37
10
23
29
58
76
108
-17
-51
-21
4
35
39
7
9
22
41
-2
72
5
55
26
-12
-1
9
19
22
57
23
-9
88
48
89
54
194
99
-2
-78
-44
-65
-13
19
-61
-6
12
54
68
16
50
57
64
91
39
-12
38
16
10
-67
-67
-28
64
113
167
202
92
89
-6
-6
-24
8
39
8
10
-38
50
28
45
96
42
42
2
17
84
8
56
41
17
52
7
36
37
37
151
106
-1
-125
3
43
93
73
48
4
44
34
-12
-26
-9
-11
-11
-18
38
38
-62
-62
-62
-62
-11
-11
54
42
38
38
-44
-2
-2
90
90
90
72
33
49
82
64
-3
9
19
38
38
54
42
42
58
58
23
23
98
-1
-1
39
21
45
51
33
33
24
76
76
59
59
5
5
5
65
25
25
25
37
37
37
37
37
37
37
89
90
90
28
19
80
87
-23
-9
53
53
68
68
70
11
11
-38
10
10
8
36
36
65
67
67
67
66
66
66
117
64
8
8
43
43
2
2
10
26
18
18
36
70
70
52
67
67
82
17
17
-2
41
41
1
41
41
32
42
60
33
33
50
1
1
18
48
9
20
20
26
23
19
19
24
24
24
52
21
21
55
35
-17
-17
-17
-17
-28
36
36
34
34
-2
-2
56
56
56
34
-10
-10
-10
-18
39
37
37
40
40
54
-10
6
6
11
11
13
16
16
38
40
40
66
66
66
66
66
24
18
83
36
55
55
55
2
2
2
2
2
33
33
52
52
42
64
64
11
-6
29
29
29
29
29
29
29
27
-19
-19
-19
40
40
10
10
-10
-10
-10
9
9
9
38
22
4
29
29
44
56
56
-9
48
48
39
71
71
71
71
71
25
25
25
48
0
70
17
19
19
34
34
34
92
23
23
20
3
3
72
51
4
22
39
34
0
57
-21
2
48
49
68
-11
-44
-38
-21
-21
67
98
98
44
33
-5
12
66
103
103
75
49
28
53
37
-38
-12
40
38
22
-9
5
16
26
43
43
-18
1
70
70
98
-5
-2
19
26
32
-22
13
13
-8
-13
53
53
53
38
5
36
10
4
76
21
28
74
74
38
-26
16
11
11
1
26
33
19
26
34
34
-21
70
70
56
99
26
33
33
75
117
-12
28
27
34
17
17
2
32
32
21
55
29
57
51
36
72
96
34
1
55
74
9
10
65
33
38