0
60
-56
-54
56
27
-13
138
105
17
51
0
-12
-118
52
-44
66
106
49
-105
68
130
-58
-13
2
-21
25
123
68
43
84
70
0
-44
-8
29
24
166
-28
48
51
75
129
-43
5
81
-50
98
27
-17
109
-3
55
90
-55
137
19
90
8
65
-118
167
41
115
11
-77
37
117
20
-21
99
43
68
55
13
135
88
-68
146
-49
-40
20
65
39
64
51
-75
75
72
-25
-25
115
50
5
-55
-1
-17
199
53
33
-49
97
117
21
50
59
-10
27
-41
23
92
50
27
-13
48
-77
67
-2
112
101
72
70
-4
-2
-33
-9
-27
176
50
-36
41
74
-26
20
160
40
51
59
0
134
29
23
-44
-55
27
-1
33
35
96
60
38
-25
25
36
-13
61
-11
151
150
6
2
-78
76
52
108
0
3
34
-11
171
-108
50
29
-22
19
119
11
4
115
93
69
-43
-24
9
-1
33
82
51
-42
11
50
129
5
43
60
112
-14
101
-50
-24
88
12
-8
137
-42
89
16
-46
6
100
49
-13
6
131
102
-118
22
96
97
-69
49
7
13
-26
-49
8
118
-11
6
121
18
57
7
152
-56
-2
89
-10
-23
-57
-109
23
43
131
0
6
68
33
11
55
35
115
61
9
70
-37
65
-60
136
35
-5
137
20
11
27
49
0
50
91
10
9
55
48
-11
150
10
-56
-29
20
65
21
121
11
-45
25
104
96
88
43
32
-75
11
83
38
76
23
-9
-66
27
71
4
-29
10
64
53
35
-4
19
54
68
24
76
54
-8
83
193
-71
137
89
-5
133
71
-41
170
-28
164
8
-28
67
52
22
91
-77
58
-2
117
99
13
149
82
-84
83
0
-12
93
-35
16
11
35
50
-3
-2
88
21
-4
1
99
115
-50
22
166
-57
-77
42
80
147
101
18
-25
-59
74
-18
29
28
-51
81
51
87
-156
104
112
24
-42
8
161
-4
33
4
90
8
40
0
26
119
23
-67
75
118
-5
10
-52
8
-5
-36
70
108
39
80
56
-51
23
56
101
21
34
-19
-1
36
-14
113
-4
76
37
-14
10
59
73
91
85
-7
52
72
29
-54
67
-7
-43
-12
53
72
98
2
-4
-43
132
77
17
28
33
64
-61
103
113
118
57
84
-53
120
13
43
-72
58
-43
124
9
9
40
-51
92
71
88
28
-87
59
84
69
104
22
10
54
18
51
11
75
25
90
-35
-3
57
33
121
12
8
51
96
65
-33
25
-17
21
-1
20
7
25
172
43
53
83
-41
-9
-6
55
69
90
-7
-24
-156
250
106
22
-34
51
27
-125
24
-5
114
-17
66
51
-41
67
0
81
-12
117
36
45
-7
139
70
-10
2
87
48
-1
115
13
50
2
23
64
-2
-56
58
19
-51
115
12
-18
22
-27
-25
69
1
74
19
76
23
11
305
7
-76
-29
73
134
-1
49
71
6
25
-5
36
80
144
-70
-50
45
117
-182
49
66
4
72
23
24
-12
-5
56
5
7
13
88
49
23
1
72
87
0
26
-14
57
219
-24
37
18
33
72
-6
-86
71
-41
12
-36
-101
-42
33
26
112
67
39
144
96
-24
68
-41
-83
-24
22
55
113
48
34
72
40
98
-4
-110
106
-3
-19
64
89
39
40
70
53
34
7
69
45
-58
123
33
74
-29
-19
-5
168
-122
-21
107
-70
33
100
-91
27
102
-34
84
52
3
137
56
80
-101
136
-37
73
48
-52
24
59
113
55
-53
155
-18
71
-7
11
33
56
172
37
64
69
-33
-77
97
68
-11
-6
104
35
166
-67
-2
52
122
131
-150
-12
105
89
2
99
96
-83
152
72
100
-4
22
-23
84
102
-115
24
-57
40
109
-43
112
-12
87
112
39
-56
65
5
54
-110
51
34
72
67
28
25
66
7
-11
-19
52
56
0
23
-57
167
-3
34
34
114
104
-34
55
19
52
43
42
41
45
18
-44
64
64
73
-36
-10
85
1
51
90
-37
146
-23
83
23
119
27
-38
4
53
73
9
71
9
-70
-1
28
56
84
6
55
25
19
-28
23
88
-68
4
-18
48
-70
150
118
-42
3
80
185
-90
-33
50
24
100
13
36
33
-1
38
84
32
71
97
-51
132
140
-10
-66
-60
113
131
54
-94
185
34
25
92
34
34
-70
52
-60
70
40
50
-50
55
-69
-3
188
131
20
-38
-41
26
43
-2
11
19
-66
89
-29
54
23
11
28
148
96
24
11
38
-54
-9
87
121
-40
97
121
5
11
38
-11
18
32
76
2
-22
68
35
7
70
-22
25
-10
-20
26
178
-37
16
6
91
71
-35
103
64
-3
-40
93
-52
58
17
-53
39
57
2
113
104
132
-65
-86
98
103
39
-1
43
25
-45
55
-2
80
-52
121
99
48
-12
24
1
67
26
-11
-61
17
289
72
12
67
38
-113
-10
90
23
114
7
-4
97
65
26
18
-18
56
-13
147
-13
10
156
-44
-25
60
-38
29
36
1
132
8
-83
119
80
115
40