0
17
32
16
34
70
9
25
37
35
21
20
28
43
13
70
19
36
51
51
51
51
51
45
35
19
-2
-2
8
10
55
55
26
35
35
39
34
34
73
41
41
22
18
18
18
32
-17
-20
-20
-20
1
1
1
1
1
1
5
40
40
35
26
9
9
21
21
35
45
45
35
-19
3
6
32
32
52
64
55
59
11
11
42
68
68
99
41
41
28
16
33
25
2
2
44
22
48
20
20
20
44
44
27
27
-5
-5
33
39
39
67
67
44
44
16
16
37
37
37
17
17
-10
34
34
52
52
17
21
21
60
51
51
50
65
23
23
23
24
32
32
39
60
43
43
43
43
43
43
-2
-2
92
5
0
-28
-28
-12
2
-8
-8
27
74
74
7
3
12
12
12
22
7
7
7
7
7
-7
-7
54
-2
-2
-3
33
33
35
18
18
42
28
26
40
40
26
6
6
26
77
77
43
43
56
22
80
80
80
2
2
19
12
59
59
70
70
70
60
60
58
58
37
-1
85
85
20
35
28
-36
-13
10
10
10
66
66
66
20
-22
-22
-22
68
7
56
71
-2
10
-17
-24
-24
-24
35
102
24
24
37
32
32
54
86
69
9
60
60
32
-34
38
70
-82
-69
44
73
73
172
178
178
-20
-22
-20
-20
0
-3
-3
70
70
70
55
55
8
48
48
91
74
49
68
6
28
19
17
-12
-10
19
54
107
23
20
20
36
-35
-35
16
51
6
48
18
25
25
34
54
147
120
101
119
70
72
72
36
84
49
12
-23
-10
-10
-2
21
41
89
89
16
22
22
36
65
0
4
-10
12
21
38
38
42
59
53
-1
-1
61
89
38
86
72
42
-36
98
102
77
-54
44
42
5
-44
12
12
3
27
11
71
71
56
116
12
12
20
20
37
71
41
-20
-10
131
80
-5
60
74
113
189
108
108
88
-21
-21
11
6
-9
23
10
40
0
40
-8
11
40
40
23
4
-2
10
70
70
28
20
-17
-23
7
44
-13
16
44
1
1
36
32
52
59
59
34
49
4
37
52
54
50
42
39
-10
27
18
-7
45
21
2
70
70
65
58
-10
6
26
4
41
71
71
71
68
12
64
45
51
57
23
-1
42
83
83
-8
16
22
22
21
36
37
72
74
74
61
42
-9
34
1
91
69
21
21
11
11
-10
7
7
-13
71
32
26
32
51
33
32
55
17
12
12
54
61
19
-5
-5
41
65
65
84
57
41
35
25
25
25
25
44
44
44
22
42
45
32
41
40
12
71
71
72
28
24
66
66
51
-9
38
18
21
67
55
10
11
41
51
70
-6
32
7
6
45
29
57
39
45
64
45
0
41
51
21
40
38
29
26
23
2
21
49
36
-4
23
52
38
36
19
54
41
32
20
21
54
-2
21
3
-19
39
42
26
1
28
0
54
34
89
36
38
20
7
72
44
51
9
18
9
38
17
53
75
84
65
-24
-28
-61
22
17
13
-45
119
39
116
67
17
72
75
57
72
113
140
172
33
-27
-24
-53
8
-24
-4
38
59
26
-19
70
21
96
10
36
-24
33
3
71
57
43
5
61
17
-33
80
8
35
-12
-10
50
37
18
-5
5
40
27
103
170
187
166
160
45
-44
-68
-153
-77
-71
-69
-18
7
43
42
51
88
40
27
41
58
57
38
41
21
20
33
60
-50
-24
4
88
96
77
149
218
189
186
216
178
163
36
-61
-20
-71
-70
-146
-101
-126
-36
-115
-89
-103
-155
-198
-172
-211
-92
-82
81
73
69
136
136
138
122
69
97
41
154
72
48
51
132
138
209
194
186
60
68
59
33
-68
18
-3
-90
-41
12
-9
-6
-22
56
36
24
-20
19
92
25
74
144
199
87
-8
-58
-108
17
11
32
40
230
136
34
-132
-29
1
-86
-59
12
1
18
53
-6
60
116
28
54
17
27
8
44
19
52
37
44
49
41
26
37
49
71
8
5
19
41
37
-4
48
35
-12
135
50
50
92
92
92
5
5
-19
37
41
32
36
-23
24
20
20
20
23
23
23
9
35
35
1
1
1
-7
43
43
43
17
17
109
109
73
2
2
-44
-28
-20
-8
3
61
37
37
112
112
39
39
49
37
26
37
67
19
19
71
71
25
25
25
4
-13
-13
-26
-13
-13
-13
-13
-13
-13
-13
6
6
70
70
21
50
50
50
43
43
52
52
52
-1
-1
-1
41
26
26
32
-17
26
54
43
43
81
20
20
45
45
-1
68
68
34
73
73
0
0
-19
-19
33
34
27
2
32
32
32
32
-25
-25
65
65
33
65
65
34
33
33
0
0
18
27
32
12
49
49
67
43
-22
-22
103
103
80
80
27
-5
-5
69
64
64
64
36
36
53
53
-3
-34
50
50
50
86
102
102
102
16
16
-39
90
105
75
1
1
1
-36
-36
60
26
26
34
107
107