0
-7
24
29
88
59
7
69
58
22
93
53
24
-5
41
-7
71
34
19
38
77
81
23
0
18
0
51
42
23
55
-14
26
32
-51
6
0
32
8
23
9
8
53
25
43
23
56
80
50
20
25
1
43
56
57
34
20
-27
51
18
10
20
58
66
11
23
32
41
38
57
66
38
16
37
22
18
12
29
6
4
57
39
87
52
60
45
38
19
17
-13
-17
6
48
97
60
17
22
42
55
48
48
51
-5
71
10
43
55
65
33
25
26
66
23
74
34
-8
6
4
-25
0
41
66
19
35
42
82
28
48
-5
-23
-1
2
50
61
48
68
1
-13
55
61
57
34
42
-11
10
66
70
4
-13
-4
-2
8
19
19
57
60
59
49
50
22
75
4
37
40
68
74
84
72
39
53
24
24
68
57
18
18
-28
9
29
27
-37
53
6
49
-22
77
51
40
48
28
75
16
35
28
16
9
45
60
49
26
-28
-22
-9
29
20
36
27
44
50
34
22
8
22
73
29
68
39
50
23
12
56
28
48
45
-1
32
-22
19
36
12
32
26
36
41
48
11
74
34
24
10
12
43
21
36
58
3
38
22
23
35
57
34
-9
49
44
18
23
16
39
-2
71
59
49
20
40
-5
75
48
10
6
43
-5
6
11
37
42
25
44
20
80
19
21
42
26
17
21
51
21
27
26
38
22
56
35
54
56
96
80
9
39
35
27
10
5
23
48
37
19
24
41
9
43
48
51
44
22
37
10
22
24
-6
38
-10
60
22
59
24
43
0
50
68
29
12
41
16
35
35
51
23
17
8
-14
8
20
5
43
44
34
85
71
32
44
64
28
24
66
28
27
13
27
27
65
17
16
49
18
50
43
21
64
49
8
68
32
27
57
2
53
40
23
45
0
28
10
27
35
40
55
9
48
20
53
28
22
49
56
42
3
53
49
40
9
53
-28
40
64
18
19
18
34
54
18
20
44
43
43
7
-11
40
53
-3
-27
26
36
19
83
45
-19
2
41
22
34
60
41
48
8
64
80
44
65
51
29
20
38
26
8
37
6
37
24
4
3
66
43
20
70
3
10
9
44
36
6
17
75
24
42
52
18
68
27
16
36
27
1
12
34
27
57
45
24
2
44
3
40
39
53
45
37
17
40
21
43
1
-5
77
23
33
12
9
26
35
17
20
33
21
39
23
25
35
58
28
49
33
6
29
20
91
96
36
73
51
9
91
106
-7
36
-13
-8
1
41
24
67
11
21
39
39
55
20
65
51
39
17
28
117
50
-1
39
-14
36
60
-17
22
3
37
8
50
19
-2
37
40
23
80
147
52
44
6
-43
-27
-12
12
-11
12
37
26
42
20
48
34
-2
26
32
33
41
-1
44
35
18
-33
41
43
35
16
42
42
27
57
68
42
21
13
36
64
55
21
24
11
12
-13
26
9
66
21
69
57
44
41
41
32
32
36
27
2
48
43
11
25
45
28
44
20
52
52
23
25
24
12
6
33
44
21
21
44
54
21
6
74
7
2
17
18
26
23
84
43
27
-3
36
24
24
7
16
61
43
44
48
22
40
57
39
50
44
29
25
9
5
-19
59
28
58
21
4
28
51
58
36
2
12
35
55
38
71
67
10
5
-6
21
28
35
27
10
33
38
39
59
42
53
59
32
33
49
73
51
56
25
-5
12
39
49
32
9
39
29
-2
-4
33
51
48
23
10
19
38
39
8
-12
44
43
34
32
43
19
24
35
37
7
41
27
33
-12
12
-23
26
-10
8
11
-21
20
19
19
51
17
67
70
41
38
19
32
16
52
53
22
24
21
80
4
23
42
42
42
7
44
-17
51
35
32
28
53
11
53
20
-8
6
35
29
7
53
17
25
23
17
6
22
64
36
58
54
43
38
37
60
103
75
49
56
56
37
75
136
134
55
-8
-59
-54
-66
-37
-60
8
5
8
11
16
9
7
48
38
22
45
49
54
10
16
44
20
35
19
32
73
-4
22
38
2
49
52
49
22
1
17
64
49
17
44
67
28
40
35
40
84
0
64
18
48
38
36
16
18
41
-19
25
19
40
12
76
28
2
67
35
55
32
24
41
85
69
170
150
120
123
149
59
77
28
42
-28
96
9
80
44
57
25
11
-68
-140
-236
-259
-308
-215
-141
-99
-28
50
88
117
125
156
155
99
121
91
87
54
84
12
58
52
113
39
60
61
44
24
34
10
41
70
36
66
27
29
41
75
49
32
11
-2
-12
-13
39
4
39
60
74
21
82
100
204
144
80
-7
-155
-58
-49
-83
-85
-39
-7
29
57
83
51
117
284
208
71
57
-61
-24
-173
-49
-132
9
29
-4
-7
37
38
22
54
112
36
75
116
2
106