0
0
0
0
-7
-7
32
8
51
40
56
26
26
50
50
49
49
54
54
22
22
22
22
22
22
22
22
22
55
55
55
55
35
35
35
16
16
16
13
33
33
13
32
-2
-2
69
43
43
123
-24
-24
2
-36
-28
-28
-11
-11
52
52
28
28
28
-3
42
59
66
86
81
81
81
81
73
28
28
-22
35
29
29
58
24
24
24
49
22
22
22
22
22
22
21
16
16
16
27
48
54
55
54
60
34
53
33
55
55
52
35
2
19
50
-7
-7
-7
13
40
64
69
37
37
-9
27
27
17
55
17
58
51
51
39
68
68
4
1
-8
23
7
-12
-12
22
22
38
32
5
5
11
68
68
52
-1
27
11
11
48
34
34
54
72
-1
24
24
36
70
33
-6
27
51
51
-1
71
71
71
83
12
36
28
59
59
71
10
12
64
64
41
36
21
41
71
65
11
33
36
61
61
51
74
98
109
132
105
105
-67
-67
-106
-87
-49
6
66
83
102
82
-35
10
-8
-12
-9
19
61
76
86
87
65
42
42
60
59
28
75
69
70
70
13
66
106
39
39
25
48
48
33
71
71
68
73
50
45
25
20
92
92
70
55
73
39
19
61
29
55
54
36
36
18
32
32
50
54
44
37
36
21
21
50
57
66
66
66
54
27
35
25
21
34
26
26
26
25
33
2
7
34
34
67
121
155
132
132
81
-121
-77
-77
-81
-58
11
32
58
58
50
53
53
44
33
18
21
-3
-7
-2
22
42
53
58
99
70
17
108
112
119
87
91
57
57
0
-20
12
18
118
118
148
44
75
99
122
123
123
-17
81
81
123
119
-22
12
12
23
37
92
135
117
161
156
140
106
89
75
72
52
67
92
28
56
82
21
25
65
18
50
64
108
88
114
147
106
118
38
-55
-88
-146
-180
-53
-53
34
34
50
-69
-93
-105
-105
-61
-75
-81
-34
-49
-44
0
-1
5
29
34
39
-2
8
76
35
20
24
2
49
32
57
53
80
34
81
22
40
56
24
65
1
26
8
23
54
22
-3
26
43
8
51
49
38
59
45
19
45
33
74
18
20
54
43
18
32
42
-2
23
22
18
35
18
10
39
22
-10
12
50
56
56
22
27
58
-3
23
2
57
19
54
34
44
50
3
41
20
40
59
-4
40
39
26
25
41
40
48
12
56
37
26
32
20
24
10
22
-34
28
43
26
32
26
36
20
42
33
-3
35
53
12
22
-23
92
60
60
83
51
130
84
-2
12
4
44
20
10
10
85
97
49
25
28
59
21
44
0
40
38
42
-2
33
71
16
39
68
24
49
-8
96
3
-12
-38
72
41
37
76
50
8
2
21
-20
99
105
-11
-8
-83
-65
-4
-89
57
23
112
96
227
236
228
294
300
284
171
139
104
-10
-26
-34
-98
-152
-105
-75
-183
-91
35
-37
28
48
52
290
344
395
570
476
280
233
171
173
198
292
176
-29
-565
-1217
-1099
-995
-649
-324
-165
-10
72
97
178
149
149
97
-38
-38
-38
-38
-51
-51
-120
23
23
-51
50
50
108
108
108
107
107
146
315
82
-60
-60
-107
-109
25
25
23
320
320
448
324
324
297
77
77
-164
-164
-188
-204
-204
-204
-204
-204
-204
-204
-231
-118
-104
-104
-104
314
314
-10
247
247
247
-264
-264
-277
-277
-209
-2
-2
68
68
171
172
172
172
147
147
11
22
-19
65
65
26
26
18
131
99
99
91
91
121
55
55
38
38
3
34
34
55
55
105
105
105
105
105
-14
8
8
8
43
43
43
43
43
54
65
65
77
48
48
33
33
33
50
49
146
89
89
89
-200
-150
-121
-121
-71
-71
-7
-11
57
52
52
52
39
25
19
108
108
152
152
88
56
73
73
96
195
195
208
208
68
68
68
-12
-12
-41
-41
-40
-40
-40
-40
28
42
71
213
138
138
138
-74
-89
-140
27
27
-5
12
55
55
60
188
188
75
53
53
53
-13
-13
-13
-23
-19
32
32
44
44
32
81
81
32
54
54
58
58
161
123
35
35
11
11
25
-7
-10
-12
-9
45
48
7
6
6
6
6
8
32
32
20
20
20
-4
-4
10
-6
-6
33
75
75
-1
-1
32
38
-36
-36
54
75
75
73
73
73
73
81
81
84
12
12
39
50
50
50
50
51
11
11
11
36
34
29
69
69
39
55
74
75
133
140
140
5
-70
-70
-55
8
28
27
26
26
35
51
51
64
88
57
42
11
-1
-1
116
-4
-49
-44
-44
5
26
17
58
58
60
34
34
33
27
250
230
219
168
168
-157
-38
-38
-11
-21
-29
-22
-4
32
32
11
7
7
75
50
55
124
124
84
64
23
-25
5
39
39
29
11
40
73
33
33
39
26
26
43
44
51
51
51
37
48
64
67
67
98
27
28
27
5
-2
19
-4
3
37
26
44
10
43
22
8
36
0
77
77