0
19
49
26
19
28
0
32
-2
-14
-38
23
10
38
6
24
66
164
74
115
86
20
-61
-84
-104
-108
-43
-66
-68
-12
8
12
23
117
-7
-8
74
34
59
70
-2
17
84
9
-30
67
40
-37
65
25
-10
-18
9
53
5
16
27
52
-18
17
22
60
27
24
35
53
-9
39
25
33
27
87
-27
-12
6
50
34
48
12
-4
44
24
37
22
23
8
57
52
3
34
51
19
99
-1
80
43
3
-10
45
44
12
71
59
42
11
23
54
-9
34
35
43
20
18
34
55
66
26
-4
23
32
25
28
103
58
44
27
-4
16
10
21
-17
34
92
38
0
35
26
7
67
59
81
41
-3
9
-23
12
32
6
12
49
69
32
35
2
23
38
76
92
59
64
26
57
67
-40
16
66
91
27
10
65
59
-4
82
81
35
23
-4
7
7
28
50
24
3
12
16
42
35
80
41
-9
19
50
89
73
24
-21
-18
-3
-10
35
25
10
58
27
48
13
16
-28
-13
25
56
-8
73
37
22
64
34
21
60
17
48
71
66
-1
74
53
49
2
22
60
-4
6
40
-12
55
27
9
37
55
10
17
58
28
36
48
88
4
96
5
54
-5
35
67
7
36
59
32
21
-20
26
18
-7
25
18
-2
29
55
7
-2
49
34
-1
-9
16
26
69
48
45
33
52
57
43
49
58
-6
2
49
73
52
56
68
40
-1
2
22
40
37
25
17
27
61
76
24
13
29
-18
21
33
10
37
17
18
-6
66
13
51
32
29
18
50
4
45
55
71
42
73
34
50
50
75
6
137
122
40
-36
-27
-52
56
44
35
22
42
-9
18
17
12
24
56
29
22
67
11
37
35
39
10
26
34
44
9
1
25
25
8
19
22
22
17
40
39
33
69
64
49
21
52
5
57
-7
-6
3
57
-9
39
32
60
40
20
4
-5
33
-14
51
23
37
-10
27
22
32
57
16
57
32
26
13
89
71
54
37
39
5
8
49
40
17
16
36
17
48
26
43
81
57
24
34
44
-2
42
12
7
53
20
55
61
-19
37
48
-8
42
33
27
74
59
33
8
32
27
21
44
22
44
39
39
48
66
-1
19
32
36
3
53
-7
83
19
23
34
74
59
-18
34
49
11
19
55
17
40
-8
39
33
48
5
42
4
69
18
82
42
34
-28
33
36
36
49
7
33
6
70
28
86
10
1
60
16
59
44
68
12
18
41
13
34
-13
26
1
26
26
-21
83
24
12
24
45
53
-5
24
13
18
22
3
92
39
26
49
7
66
8
37
49
37
22
60
23
33
72
10
36
20
48
-5
-4
73
0
58
48
56
19
90
84
-9
-57
32
80
34
7
33
87
106
24
-102
8
150
80
71
12
23
188
40
155
-28
-20
-44
75
-59
85
71
-10
-49
17
6
44
28
27
6
60
99
21
4
-36
24
85
-14
-70
58
54
20
45
56
10
71
-8
61
40
-21
39
72
-42
86
45
37
85
-28
89
68
51
53
-1
70
-4
-52
44
12
20
69
138
32
42
0
18
56
101
51
24
1
34
40
92
10
50
-7
49
23
16
50
-17
67
52
59
57
5
35
-20
10
41
29
19
69
16
38
21
-1
17
67
37
92
68
72
26
18
42
50
2
-34
72
36
54
34
24
28
53
24
64
48
38
4
39
26
-26
23
58
38
61
34
58
27
16
58
12
9
4
10
9
1
26
39
40
8
81
66
24
71
80
71
4
82
1
83
-19
35
-50
60
12
-2
53
-1
16
-38
114
67
5
37
82
56
26
-6
38
11
-35
28
22
33
35
48
2
4
3
82
69
82
55
0
23
50
27
5
43
-29
66
35
41
24
23
-7
32
98
32
8
6
35
41
54
23
66
-2
41
28
10
12
64
27
28
74
52
-17
42
57
9
73
40
-40
71
-10
43
19
18
40
39
22
58
41
-3
25
93
64
64
-2
22
34
43
54
107
20
41
-28
6
-77
87
64
3
23
74
34
-25
-29
49
50
5
-1
61
36
-36
27
75
24
11
25
-1
57
17
18
12
67
11
42
-71
53
-5
44
26
40
-1
116
33
41
44
28
20
25
49
4
20
89
2
3
23
39
17
18
-12
44
23
11
32
37
32
21
32
51
23
20
86
21
11
34
23
12
24
16
60
36
32
25
77
36
-9
33
17
77
35
-1
28
-36
58
24
91
21
-11
56
19
-12
39
-7
10
10
-18
25
-6
18
37
21
55
27
35
50
51
23
-50
75
38
37
36
41
54
0
-4
9
35
38
26
40
75
7
42
23
49
54
45
57
0
58
4
-9
52
43
-19
38
12
41
9
27
44
49
32
27
70
26
1
-9
40
33
55
24
39
88
58
25
53
25
20
21
36
2
54
51
6
18
-12
66
23
18
133