0
-108
-100
-66
-34
22
10
49
29
9
32
42
37
32
19
85
44
55
17
-21
-21
-30
-5
-5
-9
6
6
-18
-42
-42
37
37
37
37
37
70
70
19
34
34
38
38
38
38
38
38
38
38
64
25
25
40
2
2
2
2
2
34
34
60
60
41
-44
-44
-4
41
41
41
35
21
64
64
64
64
33
41
75
40
0
0
40
40
25
25
0
33
25
13
13
20
20
37
37
7
25
25
41
26
26
55
19
5
9
28
28
28
4
-8
-8
-24
-24
2
2
2
2
41
41
36
36
36
71
24
24
24
24
21
21
52
35
35
35
56
56
53
53
-7
-7
6
56
56
56
-11
-11
38
38
33
41
41
92
44
44
44
44
44
11
11
39
19
19
19
19
45
45
45
45
45
45
45
45
45
40
23
61
61
58
58
66
-103
-103
18
26
26
26
53
53
28
68
39
39
39
39
60
60
60
60
71
73
73
1
1
1
1
40
44
17
17
6
-20
-20
16
39
39
43
43
16
16
40
52
35
24
24
24
12
12
35
51
51
51
51
3
3
3
37
20
20
36
40
9
18
53
53
33
33
12
12
38
34
17
17
11
-3
22
10
10
10
10
20
44
44
27
27
8
7
7
7
7
21
21
21
55
20
17
17
17
-27
10
41
41
41
54
32
69
69
104
97
50
26
24
52
52
40
88
41
22
21
37
54
25
60
60
71
8
32
20
20
36
27
56
61
61
55
57
50
50
56
44
29
33
16
16
27
27
22
12
32
37
37
34
10
66
56
56
56
8
16
16
58
40
17
17
48
49
49
22
59
6
2
2
45
82
72
48
65
121
59
26
33
39
40
36
35
20
39
39
65
16
-10
53
71
28
51
48
19
19
19
23
67
22
29
36
68
68
-7
75
75
66
70
9
45
11
11
13
13
-27
32
25
9
9
98
10
-19
8
44
-19
27
16
32
32
-1
-4
32
27
38
52
90
90
82
38
37
52
66
75
75
40
17
17
67
50
70
48
48
55
40
-6
29
65
45
45
37
42
57
21
25
39
39
18
54
54
28
29
-13
27
27
48
59
27
75
59
28
32
-36
114
58
58
69
33
41
9
9
9
53
26
55
55
130
32
49
49
23
50
9
65
65
83
106
49
29
43
25
25
45
52
84
77
77
43
52
52
72
80
75
132
134
184
97
-55
-55
-39
-39
4
-18
-18
54
24
25
51
52
32
32
52
84
50
28
28
58
50
50
10
21
-20
52
53
0
76
59
49
26
44
118
51
33
83
68
53
45
65
48
24
101
169
233
170
92
-20
-93
-164
-117
-75
-37
-29
-69
10
35
36
19
85
77
40
7
36
70
65
17
-3
-4
-10
17
5
-11
-3
21
28
39
123
91
99
61
56
29
44
57
38
77
12
74
4
-6
32
-18
13
53
48
28
43
28
7
48
5
50
18
32
33
49
64
38
18
1
19
-35
1
22
45
64
81
12
19
20
23
34
28
-27
33
-2
44
73
55
140
82
32
20
-1
32
36
43
97
70
26
11
20
-13
-28
-3
-17
72
18
19
2
48
82
192
124
23
2
-76
-86
-25
-18
-18
-1
2
22
56
35
69
2
21
53
48
38
64
16
12
39
18
56
25
52
25
41
3
-7
64
11
58
9
12
82
12
69
42
42
74
-12
27
27
3
33
35
53
-24
51
44
26
50
27
36
72
35
-4
-8
29
34
26
22
60
96
73
42
35
49
69
37
76
20
22
16
1
-4
-5
0
25
23
66
45
34
18
6
48
-27
21
58
17
-18
-19
106
170
196
102
71
120
117
98
140
119
76
27
84
48
54
10
55
36
-11
32
23
58
-8
36
28
58
-12
-10
-9
39
-68
40
17
33
43
10
50
11
36
34
4
42
32
60
40
132
265
331
295
124
11
-12
-18
50
20
38
-13
-70
-188
-363
-345
-313
-243
-177
-74
8
8
21
21
33
55
55
-83
-55
-55
9
9
35
21
-23
-23
41
10
10
9
9
68
68
68
45
-9
-21
-19
68
50
50
-44
-45
24
68
68
23
28
28
27
27
27
57
57
44
44
39
39
20
34
34
16
16
16
52
52
37
37
35
-6
-6
36
35
35
36
36
36
28
28
27
27
27
-1
12
34
50
167
167
280
280
280
-71
-98
-98
-83
-83
-60
-8
-8
28
28
28
37
52
52
35
35
36
36
16
16
106
114
114
-33
-2
217
217
217
217
217
217
240
228
199
199
-74
-19
-19
35
-22
-22
16
16
18
18
18
42
52
52
5
5
-4
45
-27
-27
34
0
20
20
19
19
35
59
18
18
12
12
12
67
263
248
248
87
-43
-26
-26
-27
-27
0
0
0
0
34
34
25
25
52
52
40
34
65
65
38
12
-1
38
54
56
44
44