0
13
25
40
0
92
26
90
26
-4
60
56
10
34
16
23
24
48
26
17
43
59
22
28
76
43
-10
32
16
43
36
18
7
74
25
-3
68
66
52
18
25
48
89
54
18
42
3
24
41
73
7
2
60
18
1
25
36
24
-11
40
89
17
7
7
-13
64
34
24
39
42
-14
41
66
97
104
35
19
49
44
2
37
11
20
38
12
55
-13
42
37
18
35
-7
88
32
22
43
7
3
-65
40
-5
37
66
88
21
9
36
3
61
33
39
50
32
22
41
65
66
77
35
9
35
85
65
2
-9
-20
24
40
74
7
41
57
52
40
33
10
32
38
58
-10
-52
25
59
73
23
10
17
42
28
33
4
45
6
40
40
32
40
37
29
34
68
99
67
1
-13
17
23
35
40
8
20
25
-11
56
18
32
35
38
56
33
56
42
34
-2
12
41
29
0
37
5
17
50
50
42
37
25
9
-10
35
19
40
17
-2
22
42
33
27
76
72
36
20
50
12
57
1
49
-38
69
11
40
58
17
69
-5
41
33
48
53
4
36
45
41
24
49
53
25
38
12
18
19
49
19
40
27
9
37
26
-26
56
32
-8
23
55
52
34
26
-4
28
49
1
36
24
33
59
18
87
64
36
39
-3
26
45
28
50
44
42
35
42
41
35
42
8
54
50
33
1
33
21
11
28
80
34
52
69
21
48
44
16
8
-1
8
59
34
41
59
54
4
-2
66
74
27
61
32
22
43
18
70
52
48
25
49
32
21
1
21
28
71
7
-21
58
32
66
25
48
32
74
50
27
41
8
32
25
51
55
23
10
70
26
65
4
28
36
-5
28
21
38
21
17
16
49
35
48
-6
34
52
24
57
18
-25
82
53
26
33
-33
12
71
5
99
42
50
12
20
53
4
12
35
9
10
39
19
97
19
51
27
-19
25
7
19
2
5
60
3
-13
42
57
61
20
-2
22
18
54
20
12
8
44
26
7
-24
58
64
98
0
224
83
-38
-22
-11
4
-9
-5
5
66
0
-18
38
25
43
38
69
34
36
-1
56
9
48
25
19
22
55
56
24
44
38
39
25
67
29
38
28
55
24
-9
20
36
-5
11
87
27
0
22
65
29
13
-6
70
29
12
43
49
24
56
97
59
18
55
0
12
44
16
-4
48
8
7
27
41
84
11
39
32
-7
49
84
34
16
21
55
13
32
4
93
18
48
4
32
38
68
55
48
44
36
-21
91
54
8
0
2
72
5
37
58
26
22
77
18
21
-7
22
-3
74
42
81
21
23
38
-3
16
-50
6
2
34
23
26
24
84
34
38
1
11
16
2
86
34
40
91
89
64
65
6
22
38
24
20
52
37
42
10
-30
19
69
-6
42
26
70
61
57
-10
61
48
13
25
39
48
38
38
35
58
10
6
41
16
24
49
67
7
68
16
26
2
82
-1
25
25
72
109
9
48
5
28
12
33
52
53
60
86
10
82
109
55
-21
-28
28
16
-1
13
28
69
41
89
57
171
100
52
0
99
44
37
41
74
45
34
-58
-94
-30
17
-22
56
58
-6
-10
99
-108
-22
41
33
92
202
170
37
67
-62
-37
4
-45
21
49
34
2
84
-41
10
37
25
24
-8
-11
102
-9
23
40
45
57
48
-17
70
-34
96
58
71
17
12
10
82
114
144
1
-23
-6
-36
-11
51
64
91
39
36
24
-12
18
106
-33
147
93
0
9
57
59
-26
89
25
-18
29
9
-53
-28
29
35
56
-20
36
-52
7
17
4
29
65
83
12
35
-1
22
41
38
125
216
213
209
-42
6
-26
-27
-30
-19
19
39
18
66
61
-7
51
29
69
25
-24
28
48
50
2
26
23
45
18
-26
37
104
33
-27
19
50
38
28
40
34
91
23
52
43
51
6
23
-9
56
-2
40
50
25
36
69
51
25
71
35
-3
49
87
1
87
20
42
13
16
43
6
-23
-46
51
38
35
38
13
37
3
37
57
37
50
17
27
33
33
27
92
37
27
36
69
22
21
23
42
35
22
40
54
22
37
41
17
68
-37
49
85
37
-1
-5
21
23
37
41
1
43
38
45
56
20
51
59
13
-36
0
11
51
41
65
10
48
53
36
44
-7
37
85
56
25
37
33
50
48
17
-2
87
24
40
27
23
58
56
34
-2
25
34
10
16
32
32
7
51
68
26
16
36
40
17
68
-4
33
48
-7
43
44
52
23
29
32
29
3
26
3
69
53
6
37
60
27
43
82
52
52
66
17
-20
11
70
42
4
54
26
34
-29
52
-1
17
37
52
58
-37
2
-9
51
50
59
72
16
51
34
36
-4
21
36
44
23
-7
43
35
49
-9
38
48
53
-20
6
12
70
37
65
2
51
76
19
34
85
144