0
33
22
57
92
33
10
18
-20
60
36
88
34
50
18
20
-11
22
-20
-20
13
20
20
-23
-34
-34
-3
-10
-13
-11
7
7
-1
18
18
10
28
28
28
28
28
64
52
68
-17
24
40
44
32
32
56
56
114
68
68
-25
-38
49
56
55
51
51
51
35
35
-8
-8
-8
20
20
40
16
19
19
19
73
73
73
20
20
20
-13
-13
-9
-9
43
43
-4
42
42
43
43
25
25
23
23
51
41
41
25
19
19
19
19
19
96
96
68
68
68
24
24
24
24
24
24
8
8
-11
5
5
-2
16
16
99
40
24
6
6
6
6
6
24
24
56
56
56
45
48
48
48
65
16
-27
59
-3
-3
24
72
32
32
5
5
34
56
56
-1
65
65
58
44
40
40
17
17
32
32
32
-65
-65
23
35
35
82
33
44
44
44
58
56
56
37
-4
-8
-33
34
34
24
25
25
28
28
-5
38
38
34
34
34
19
38
38
7
38
38
67
57
57
81
82
82
35
41
32
-6
-6
6
42
42
42
9
9
9
52
35
35
55
55
22
18
18
18
19
19
7
37
37
41
41
28
16
-6
-6
-6
-6
-6
20
24
4
41
18
38
38
57
53
28
42
36
74
74
49
6
6
24
24
24
24
33
33
23
42
53
53
59
59
13
13
0
8
8
8
24
24
24
2
-25
-25
20
1
45
45
-1
40
40
32
80
29
49
37
71
71
28
42
39
20
29
-1
-1
166
114
114
224
219
-12
-19
-19
-39
-376
-188
-146
-123
-117
7
51
151
151
132
132
101
76
113
85
80
81
36
69
91
91
101
40
45
45
64
55
32
48
53
53
-4
125
125
105
116
17
1
20
-17
-17
12
27
37
39
42
33
65
25
32
51
22
28
6
71
71
73
98
93
86
44
44
65
38
36
52
59
49
49
10
12
9
33
-5
40
23
39
39
8
-3
25
27
9
16
24
38
53
48
43
65
28
4
68
68
83
45
40
40
18
24
34
8
29
50
50
37
23
16
9
36
-5
22
64
56
53
38
38
7
7
19
55
7
1
8
40
40
9
64
73
89
89
54
53
53
20
7
0
17
41
37
88
88
50
35
42
38
54
34
21
18
-11
6
81
11
17
52
52
35
19
19
48
42
101
107
107
107
69
9
-7
42
35
26
36
27
35
40
77
24
33
53
1
1
27
56
56
19
73
49
24
24
29
17
-8
-1
9
29
48
-9
41
50
51
49
3
25
36
36
5
13
16
57
35
11
67
-6
29
29
35
50
-8
4
28
36
36
25
52
52
52
115
73
80
84
68
69
52
71
39
84
13
18
40
48
8
49
26
74
34
18
60
22
56
16
48
58
39
-36
1
-2
56
34
23
2
12
4
38
9
36
57
18
26
50
64
49
9
53
36
42
66
43
-2
26
22
23
33
-29
89
82
-4
1
43
-10
-19
8
-25
-21
65
7
-8
-34
-10
40
16
117
-41
50
67
-13
81
8
58
90
16
55
-33
54
-24
52
-26
40
37
12
11
44
10
24
32
56
43
55
13
48
9
38
10
52
43
29
20
60
-10
20
44
3
22
51
16
67
20
66
42
17
43
-1
24
70
-6
49
20
2
16
43
57
16
26
24
55
39
-4
33
23
64
24
33
49
-21
26
1
103
24
16
48
37
35
70
28
-9
-4
65
50
45
68
23
43
38
34
25
24
38
66
18
24
28
-5
35
44
-53
51
41
-27
1
1
4
38
34
66
32
9
27
57
86
41
20
56
53
73
58
43
38
28
12
36
66
19
113
74
52
25
-1
18
48
55
2
10
25
44
20
35
-10
42
-2
32
27
44
8
19
9
66
71
42
52
38
-25
12
-9
19
57
9
44
34
59
52
11
32
-35
6
49
59
52
67
18
38
69
51
22
36
27
36
25
4
3
26
51
48
56
28
43
48
1
33
27
27
36
40
-7
67
76
76
66
-1
13
-6
-19
35
35
20
20
20
-4
24
42
50
59
59
59
49
49
64
19
16
18
23
20
20
18
18
18
18
18
18
23
23
50
50
26
26
21
22
22
75
75
34
33
54
25
70
70
12
5
-2
-3
-3
-3
-3
42
40
40
40
36
36
5
6
24
24
24
18
20
24
24
24
24
-22
-22
-22
-22
42
27
27
40
40
21
21
33
33
12
12
45
53
53
52
52
52
52
69
69
84
16
21
21
22
7
8
9
9
43
40
48
34
40
40
34
59
60
53
52
52
35
29
29
33
32
32
13
5
5
49
3
3
-3
45
45
9
28
28
41
41
41
22
38
38
50
50
-4
-3
49
-19
52
52
52
53
23
22
32
32
56
5
5
5
-18
-18
12
72
72
28
28
-5
9
9
43
10
20
38
44
44
44
56