0
34
45
43
22
58
39
-21
43
-20
10
20
27
38
9
-6
67
277
86
10
-6
-57
-56
-1
19
-22
5
17
-3
22
48
33
73
67
34
4
43
56
12
45
11
37
-8
38
-1
75
7
40
1
64
90
67
117
112
128
42
36
6
-60
-86
-74
-29
16
7
28
10
4
19
27
55
52
41
180
151
196
117
91
35
-67
-84
-51
-82
-25
-11
34
41
48
16
91
86
29
24
39
56
58
32
13
50
51
49
19
34
-8
41
41
56
10
21
4
24
85
59
54
35
6
60
29
-17
27
42
75
22
33
20
6
27
88
51
86
67
69
25
48
34
40
38
28
22
-27
-20
54
34
-8
66
11
68
29
0
28
61
-2
38
54
34
49
22
76
37
52
26
13
21
41
29
9
-14
11
53
54
75
41
0
121
24
21
19
16
-7
-6
5
-9
56
16
17
57
88
42
36
64
-7
8
9
2
13
5
35
58
42
87
92
80
211
124
-12
-13
-55
17
10
51
66
6
17
12
20
35
28
50
24
24
39
39
52
39
39
-25
54
54
74
33
33
37
55
64
64
64
52
52
-17
9
48
48
41
4
4
52
52
52
52
52
38
20
20
20
57
57
26
26
48
67
26
7
24
4
4
4
4
4
1
1
35
12
29
48
65
26
77
74
74
74
74
74
74
84
84
84
60
60
60
60
52
26
-2
-2
-2
-2
-2
17
17
17
85
40
-24
-24
40
192
115
99
34
34
20
20
-49
-49
16
16
16
16
7
7
51
51
51
51
43
43
43
49
24
50
-18
-18
59
64
68
92
92
7
-26
-26
-26
41
36
-5
-5
-5
-5
-5
-5
-5
40
40
6
-2
-2
26
64
64
28
4
4
4
25
25
25
12
12
12
12
12
48
27
27
27
28
26
26
21
6
6
36
53
53
53
53
23
20
20
3
34
17
98
38
38
27
18
18
33
37
26
32
34
5
5
34
72
67
67
11
12
5
100
60
60
9
9
68
9
9
10
10
10
24
24
24
24
24
60
60
80
80
22
-19
-19
38
24
-26
-26
-18
3
39
36
36
10
89
3
3
3
3
19
19
59
59
59
59
-1
-1
25
53
53
4
4
4
4
4
4
4
3
3
37
37
21
27
38
90
90
90
90
90
55
55
45
45
45
45
36
59
59
19
40
35
39
48
61
61
53
41
6
64
68
68
33
32
23
23
21
76
70
28
-21
20
7
40
71
44
20
20
42
42
28
38
44
56
56
33
6
5
17
6
-29
105
59
83
83
52
-9
1
26
37
10
10
18
53
3
17
17
26
19
19
42
22
24
5
25
25
54
38
2
2
25
23
54
41
24
24
-2
32
24
8
33
33
24
39
49
17
38
16
72
74
-1
-13
32
20
5
41
41
34
74
20
39
39
64
21
27
-3
18
50
50
59
28
16
-13
-28
53
53
35
32
32
10
43
35
36
36
60
96
36
33
33
17
16
1
35
92
92
100
66
18
81
83
71
54
19
-6
-6
8
21
59
38
38
39
69
44
-22
-22
23
55
20
64
64
39
-1
82
53
28
24
24
70
10
29
48
28
0
4
23
34
34
33
40
40
51
8
37
6
19
29
70
-3
20
20
68
66
6
11
-23
74
37
20
-8
-6
-6
8
37
-8
44
36
53
59
59
37
54
54
80
37
85
-20
-9
-4
-4
-17
-3
251
201
198
168
168
-34
-22
0
-7
-2
73
49
21
35
24
24
19
21
21
16
37
49
52
52
-4
8
32
68
97
72
72
54
90
92
38
37
36
11
22
-9
54
11
26
91
65
49
55
80
18
42
21
32
36
48
86
180
210
87
-23
-27
-68
-25
-29
0
-7
-12
10
-25
26
19
69
17
69
42
70
42
43
41
32
3
2
12
20
45
64
55
92
36
39
97
25
35
11
-7
40
24
24
18
58
26
13
27
26
66
43
33
32
17
21
16
57
11
51
61
24
24
8
19
41
27
10
33
20
26
27
-41
-110
-37
-3
1
6
60
2
49
38
85
82
69
26
248
219
98
32
-54
-70
-21
-37
-56
0
-11
6
35
29
20
21
-1
45
43
48
50
27
6
32
1
28
26
60
71
42
32
10
20
22
19
38
-2
60
13
41
34
29
26
36
43
24
16
66
22
40
70
65
35
21
12
43
72
29
41
10
75
64
48
18
2
22
0
29
40
38
26
35
72
22
7
51
-20
-3
2
7
36
16
67
81
54
69
58
-5
87
129
53
4
69
16
16
-1
19
26
19
25
-2
40
28
40
49
-22
74
37
-8
8
21
32
17
26
21
38
35
34
10
48
44
57
34
-5
36
54
43
19
40
22
22
43
58
43
1
16
35
72
33
60
1
44
37
20
38
55
-2
81
75
37
-9
35