0
-22
-2
42
34
16
32
55
55
60
50
43
70
70
70
34
41
68
77
74
57
57
54
25
-9
2
39
53
53
25
38
35
26
26
17
49
50
56
56
34
84
42
72
59
34
-20
6
6
28
36
25
28
39
22
22
104
57
57
57
40
35
-3
0
-4
-14
16
20
20
35
35
37
34
34
16
37
61
39
34
51
60
59
28
44
57
68
39
64
64
49
43
26
60
75
13
13
11
57
65
55
55
32
-10
-10
26
66
29
44
40
1
1
52
38
34
50
50
4
49
49
42
33
5
59
58
59
49
42
58
65
27
33
10
58
59
56
56
19
36
57
33
57
61
90
99
49
21
84
29
5
4
38
20
68
26
10
51
19
20
43
43
13
36
68
3
67
38
4
20
10
36
36
16
68
27
51
11
53
25
18
22
36
26
10
49
32
38
1
4
23
68
40
5
27
82
24
5
43
-1
42
5
48
41
68
23
83
-10
39
-1
36
-12
29
33
39
64
19
25
5
42
53
10
86
25
57
26
19
9
-4
-2
71
38
34
16
17
72
41
17
41
34
42
39
53
8
56
53
40
33
27
16
22
28
28
36
29
43
34
72
16
-7
26
67
39
70
45
-19
33
42
2
17
13
-2
55
17
68
12
55
34
13
48
25
27
16
32
18
11
11
38
68
38
40
59
67
23
23
5
26
17
70
51
50
38
42
-1
42
64
2
26
57
52
56
16
99
67
66
72
5
12
-12
-12
42
48
40
33
49
24
36
70
84
41
-27
18
16
3
12
118
68
9
-12
51
20
49
91
58
183
19
-23
-11
-3
-5
-2
28
56
3
6
25
49
3
74
35
3
18
11
56
58
3
51
45
19
9
56
-13
27
27
41
58
41
1
54
19
9
5
42
52
36
37
59
37
11
16
39
42
7
-9
28
32
23
51
57
92
72
43
17
26
5
18
-6
55
40
33
42
12
3
23
40
52
26
66
12
16
56
70
66
70
74
74
74
-34
-25
-25
6
-10
-10
-1
-3
-3
-3
-3
64
57
28
23
68
68
61
61
42
-2
38
38
102
102
102
102
102
192
183
183
56
-198
-198
-125
-139
-86
-86
-86
-42
24
24
269
373
373
122
122
83
83
-200
-200
-200
-200
-369
-369
-46
-46
80
80
80
80
80
33
33
66
66
66
50
35
96
96
41
53
53
57
57
-1
-1
-1
-1
-1
-1
-3
34
82
82
13
8
8
23
27
27
27
27
50
50
23
43
33
76
76
49
49
49
49
-2
-12
-12
-12
57
49
49
49
49
57
54
74
3
56
56
-1
18
42
42
8
-2
-2
16
-8
-8
-8
-8
39
39
39
39
3
27
27
27
27
-4
34
34
38
38
20
41
-6
-6
-9
4
21
21
21
21
73
73
69
69
69
69
16
16
23
29
29
29
29
20
8
8
7
7
7
20
20
55
55
38
38
44
-3
-3
-3
3
52
37
73
21
21
18
-8
-8
-8
37
33
33
-11
3
2
6
7
7
16
23
20
20
24
24
32
32
32
32
32
32
26
26
48
48
48
-3
-3
3
20
20
23
18
18
12
12
17
17
21
41
41
2
75
75
231
231
306
101
101
-33
-33
-27
-61
-61
-39
68
68
68
68
68
42
42
0
44
44
25
22
48
52
55
64
58
76
80
55
51
51
72
66
73
26
99
90
90
68
9
9
20
5
-13
12
68
75
88
100
36
45
66
41
41
7
41
41
32
40
36
36
22
8
-30
-30
50
26
49
54
50
50
69
77
75
65
65
-6
40
40
40
66
36
6
33
56
64
71
35
35
41
26
4
26
26
32
56
36
56
69
36
36
11
37
44
75
75
34
76
51
86
68
68
53
51
69
89
60
60
40
8
8
8
26
26
41
6
-10
202
202
220
214
16
-68
-68
-101
-89
-124
7
7
22
33
10
22
48
41
12
12
52
48
21
44
44
18
64
50
41
23
67
73
98
41
33
24
52
-14
43
34
24
26
-5
22
26
26
24
60
60
40
6
34
65
65
12
-4
-4
26
40
50
50
48
76
76
64
50
25
24
24
5
-8
18
9
13
-5
49
21
37
37
35
44
27
26
58
83
96
19
35
35
40
37
9
45
66
67
36
89
115
137
154
154
36
-42
-42
-97
-118
4
24
25
25
9
51
36
51
51
53
49
41
37
116
87
20
-5
-12
-12
32
10
59
76
67
-25
-25
-12
24
3
12
42
42
162
185
185
154
-61
-61
-20
-9
17
16
152
275
68
-34
-39
-60
-73
-29
-20
-12
-10
70
70
39
51
18
48
75
6
27
44
42
32
13
16
33
16
49
8
-18
42
51
35
18
35
59
51
44
21
40
32
51
49
5
12
0
6
45
49
56
41
24
17
22
16
22
22
24
48
45