0
24
105
134
138
104
25
-50
-40
-27
0
-24
2
19
32
49
44
41
32
86
41
2
2
-20
0
7
-38
38
52
37
38
82
27
67
72
26
100
168
173
92
-24
-69
-77
-85
-1
-9
27
70
53
44
121
186
182
194
81
51
-60
-156
-107
-65
-44
36
49
57
54
52
9
1
-12
-12
-83
-11
-13
3
5
26
88
73
55
70
55
57
72
24
36
9
16
2
34
6
41
7
19
64
17
72
50
8
40
-8
17
18
36
50
43
141
-11
70
17
54
49
12
37
66
43
49
72
26
4
-13
58
66
-5
4
20
22
42
36
98
82
102
83
72
-8
29
40
-18
-11
2
2
7
34
25
27
29
77
54
51
11
16
-37
-3
45
65
82
139
198
147
167
224
76
-68
-121
-146
-97
-50
-22
40
37
92
39
-44
11
-65
-90
-42
-66
-4
-1
84
19
67
12
66
0
33
-2
39
98
117
122
27
-20
50
25
-40
21
41
-11
65
-34
23
21
34
49
81
1
70
48
45
11
37
7
26
42
48
29
0
23
74
74
74
37
37
37
32
32
10
10
9
9
2
2
39
39
-5
51
51
-4
-4
-4
55
55
55
44
44
44
39
39
54
161
161
132
132
68
-129
-129
-18
21
21
-7
-7
-24
103
103
32
32
32
40
40
40
-10
-10
-10
3
3
50
76
76
-3
57
57
67
67
67
38
9
4
49
9
60
60
75
75
75
45
45
-6
55
52
68
68
56
59
59
104
104
9
23
23
33
58
58
58
27
27
-6
-6
26
27
27
27
42
42
51
51
-2
7
-3
16
20
35
54
34
28
28
71
41
41
57
57
-8
-8
-8
28
25
25
40
40
40
40
25
25
25
25
16
16
43
43
23
11
11
-7
-7
0
116
116
-29
41
41
41
18
18
6
33
33
7
7
9
92
92
74
48
17
17
53
57
57
-6
-6
34
17
17
17
17
17
-22
-22
-3
-9
43
64
29
29
50
-4
-4
41
88
1
1
67
-12
-12
-12
21
21
49
49
26
21
17
37
37
5
5
8
6
20
20
20
16
16
26
50
50
44
-14
-14
32
32
21
21
21
32
-1
70
85
119
119
119
92
-1
-1
-7
23
23
23
23
23
23
5
5
35
49
49
37
37
11
12
92
19
7
10
10
81
74
36
28
28
12
24
24
-9
-9
50
53
71
105
86
82
89
11
-10
26
39
32
53
53
27
52
19
25
35
44
7
53
53
61
37
-4
-11
20
33
37
13
68
68
51
52
87
42
-21
6
6
33
43
49
64
64
97
97
81
48
75
66
66
68
64
-8
23
23
55
43
43
-26
13
12
12
36
42
71
9
41
49
49
26
56
76
76
49
-2
-8
5
37
25
52
13
25
67
67
39
24
69
88
114
61
61
40
11
53
71
71
-12
12
9
22
75
33
27
42
41
49
44
64
64
40
42
25
3
12
38
-6
7
42
29
53
67
24
10
6
8
16
-1
0
17
10
66
-11
38
52
52
65
21
24
58
80
81
150
150
152
87
70
-14
3
12
-2
-9
-5
13
4
21
49
42
42
6
35
68
92
92
69
50
-20
26
39
39
55
-34
57
41
41
87
107
49
64
87
44
135
212
212
167
278
278
179
128
53
53
56
70
-245
-257
-241
-329
-329
-242
6
6
43
70
120
89
152
123
123
68
72
86
48
60
82
85
85
42
81
71
128
-13
-1
-1
71
39
5
9
21
10
35
35
51
49
80
80
91
80
68
4
40
55
76
-25
51
86
106
70
-26
8
8
24
24
80
57
32
51
51
32
48
114
180
184
204
189
93
17
-102
-114
-162
-114
-107
-56
-22
-29
2
-8
26
-7
39
81
97
70
117
50
2
64
84
41
-6
69
48
91
21
-38
11
-2
-6
33
71
52
51
44
53
33
23
4
69
37
58
22
41
43
7
26
42
91
40
42
36
42
53
72
131
130
118
39
7
-27
-58
-70
-6
81
-27
-37
27
28
65
-6
13
50
70
-26
-22
48
66
48
52
-1
38
10
32
49
52
39
36
10
7
10
11
66
40
27
17
16
32
37
43
13
0
-2
-10
50
5
1
8
11
81
42
40
52
33
26
60
74
55
50
20
17
55
26
88
26
13
7
26
33
7
19
50
7
33
43
10
26
51
-26
25
1
22
58
-3
51
55
29
12
64
21
52
-1
-20
54
70
0
-8
32
-1
59
23
12
45
44
38
-12
56
50
-3
42
-33
53
88
53
54
32
20
-10
25
52
10
33
58
65
58
33
40
24
-20
25
-1
9
60
53
40
-5
17
48
43
69
25
57
11
1
11
24
21
32
11
55
74
17
9
55
10
45
65
51
8
37
26
32
8
67
10
52
-10
43
101
59
50
16
45
99
102
84
98
1
-20
-118
-53
-50
75
58
133
123
86