0
-10
-10
-9
50
-19
77
33
7
-2
20
6
8
51
71
64
65
81
81
116
-18
-18
43
23
23
42
38
38
16
74
74
9
34
34
10
51
51
51
40
40
22
22
22
22
92
92
92
92
92
92
81
33
33
33
53
53
53
23
23
43
43
43
43
43
43
-51
-51
-84
-84
83
101
101
36
336
336
336
336
283
260
260
-76
-69
-69
5
2
2
2
2
2
2
2
2
13
13
-33
-33
28
28
27
27
27
34
34
34
34
12
26
12
54
9
80
80
13
13
27
54
39
39
123
102
102
102
-7
-7
27
24
19
10
2
21
8
54
54
26
26
-3
19
55
55
113
11
11
20
10
10
29
13
13
57
57
19
-5
-5
36
36
36
36
41
43
53
32
10
10
17
41
41
-11
-11
-11
-11
-11
-11
-10
2
0
0
22
22
22
18
17
17
11
61
61
35
53
53
35
35
40
24
24
34
26
26
67
16
-5
-5
41
22
22
-1
-1
-1
23
25
25
23
23
66
67
7
7
7
4
4
5
73
73
28
28
3
-9
-9
20
36
36
36
36
22
51
-8
26
12
91
91
27
54
54
9
9
19
19
22
61
49
49
4
12
12
12
64
64
27
42
42
22
22
48
-3
-3
49
65
65
44
41
41
60
60
42
50
50
44
16
16
26
26
74
-5
-5
36
69
69
82
89
68
80
70
-6
50
33
36
18
27
2
17
-3
17
6
6
40
44
29
29
40
23
40
27
27
57
67
74
80
80
140
117
64
19
19
41
-42
-122
-120
-118
-58
-71
359
375
336
353
353
-86
-283
-283
-296
-257
-45
-5
-2
-28
10
70
54
73
148
81
34
92
66
75
75
81
34
80
69
37
11
-18
-18
42
20
64
57
57
48
68
34
1
9
5
5
4
7
4
-18
-18
34
19
23
17
17
101
-25
87
68
68
-52
-43
-33
-23
-2
10
24
24
36
50
25
32
44
25
19
19
-5
54
39
36
36
16
81
18
18
22
40
4
28
23
5
22
27
27
9
24
-14
69
-10
-7
11
13
32
32
26
-10
44
6
9
32
8
5
35
35
50
38
25
34
43
36
39
26
20
19
19
-13
26
103
80
80
72
32
35
22
2
8
4
1
1
17
20
7
3
5
19
23
29
33
35
57
25
25
35
33
22
33
33
12
72
60
25
38
23
27
28
4
67
67
85
101
17
17
24
-2
-2
36
4
65
40
60
39
10
37
37
-2
53
38
53
6
42
34
64
57
39
34
45
-11
-36
28
21
-8
-8
42
22
6
0
42
49
71
60
51
36
3
45
23
38
49
34
10
66
29
71
42
3
16
35
54
-2
58
37
68
-3
22
16
42
39
17
39
42
58
38
8
39
-7
87
36
42
40
24
42
70
-11
51
38
44
8
26
8
83
53
34
27
50
33
9
59
40
66
82
28
34
25
5
-6
-2
11
13
20
45
-19
23
10
64
-2
20
36
60
3
45
4
86
16
54
-12
-12
51
49
42
41
-10
25
42
44
22
20
25
-2
37
33
26
40
70
18
27
-19
54
57
48
12
18
33
69
34
45
34
16
16
24
67
48
9
10
58
48
39
18
36
81
64
70
55
22
6
-37
1
-6
28
55
42
65
43
51
18
53
27
11
25
52
17
4
9
-5
58
1
77
50
0
1
11
38
37
-5
-10
21
71
35
29
49
56
66
16
37
9
23
1
45
4
55
19
22
37
33
42
-3
3
67
21
18
-17
50
22
39
-2
24
24
10
34
28
57
38
20
23
60
-33
29
91
48
33
29
39
16
32
19
22
40
35
-2
23
81
3
1
36
34
58
54
-18
43
37
2
19
40
21
40
40
39
21
24
-27
27
43
26
33
83
21
50
48
25
34
42
29
64
10
34
10
41
12
71
20
6
26
12
28
-20
11
42
-30
33
-13
51
53
38
7
23
150
49
116
34
51
51
-3
71
71
71
71
71
71
71
-67
-67
-67
-67
-39
-39
41
41
58
22
22
67
-1
-1
-97
-76
28
36
36
-24
-24
-24
132
-58
-58
13
13
22
22
22
11
85
85
18
18
-45
-45
84
-4
-4
-4
-4
25
1
1
4
4
33
59
59
-40
-40
66
-13
-13
27
27
27
82
82
-8
29
29
29
-33
-33
66
40
40
17
10
10
10
59
177
-36
24
24
38
38
85
85
77
77
-71
-71
-62
-62
-62
-62
19
7
7
7
7
55
42
73
134
134
112
112
56
45
45
-17
-17
27
27
27
11
11
69
6
-11
-6
0
88
88
84
84
84
84
150
150
198
51
51
-81
-71
-71
-41
-41
-4
-4
-4
-13
-13
122
53
53
-81
-36
-36
16
32
37
66
66
66
64
91
91
32
32
52
52
60
60
45
45
45
45
43
43
-34
-34
18
4
4
64
98
98
105
84