0
177
312
281
192
107
-21
-11
-49
-4
-69
-53
-59
-59
-41
-52
-168
-246
-276
-244
-233
-170
-109
-1
138
101
145
97
180
377
388
289
165
-34
-100
-170
-204
-65
-5
-7
227
442
297
91
-136
-310
-199
-186
-139
-62
42
21
27
50
113
145
113
72
99
24
101
60
69
70
98
56
80
22
69
21
21
16
88
48
37
41
-2
101
80
26
-24
49
1
-13
42
11
38
33
-6
69
27
50
17
258
288
212
101
-67
-101
-104
-81
-89
-26
-6
9
34
101
91
43
3
36
10
-19
-29
52
6
12
32
49
24
58
81
70
21
54
35
85
33
85
87
54
24
-21
12
69
-1
38
-6
-14
34
16
24
4
51
50
48
80
22
33
103
21
17
35
-26
101
-9
101
-3
-24
105
57
59
90
77
90
35
27
-23
-22
-108
-81
-28
12
35
25
57
90
11
-25
85
26
69
11
77
24
24
86
40
42
27
56
25
8
50
9
60
32
54
38
10
27
37
21
23
-24
33
27
71
69
99
208
197
41
-120
-50
-104
0
-1
38
-13
54
-14
38
52
44
35
8
42
52
82
4
-2
-7
92
-14
12
-17
61
81
27
22
8
-1
23
22
39
32
48
-18
59
71
19
27
90
60
-22
-3
57
-29
72
38
54
19
10
71
51
37
22
71
-45
25
-10
-7
34
32
43
99
-12
34
32
66
57
40
40
26
2
-6
37
25
26
64
40
56
27
65
36
61
3
69
55
72
0
9
-12
123
130
170
84
-2
-42
-29
-11
-4
32
34
5
-27
49
12
87
33
20
52
55
38
-21
35
42
38
58
24
42
68
75
40
12
40
60
57
-11
33
36
40
23
54
40
26
38
2
-5
44
12
26
61
26
-8
32
74
21
39
56
49
53
10
53
64
68
27
20
2
75
58
41
33
38
35
-20
84
12
23
57
26
19
27
24
18
11
33
50
45
66
21
48
5
9
28
10
-5
27
1
0
97
17
50
166
69
39
-35
-77
-7
8
-4
25
83
-10
-1
3
-18
0
-6
59
87
44
19
-25
55
120
44
72
-8
65
-2
16
43
-9
56
42
-2
13
59
60
-42
61
19
-14
29
61
-5
56
8
23
33
1
58
60
96
32
40
-6
43
27
34
42
2
26
13
98
20
37
-4
40
67
87
16
87
60
33
7
37
68
38
4
38
43
67
64
-17
72
24
81
49
54
20
64
24
41
33
74
-22
21
8
1
17
44
-11
-13
35
29
69
27
7
-36
84
56
73
60
32
12
16
4
25
42
85
51
51
68
87
27
40
41
32
12
19
9
19
25
38
51
27
5
50
108
25
18
2
69
11
44
-12
45
-8
3
-40
43
56
73
34
21
84
52
5
53
58
11
69
11
42
50
33
58
3
40
44
80
69
45
-53
53
57
8
25
5
4
42
-10
25
3
64
49
44
98
2
-10
34
76
58
48
38
-2
38
5
40
26
33
68
33
23
50
-22
34
45
40
-3
23
49
90
18
33
64
-10
1
56
27
20
25
32
54
35
-3
38
7
53
114
28
37
40
40
45
28
68
76
43
33
39
43
55
25
24
-6
-4
18
-7
74
17
70
98
27
71
-20
49
22
-6
-2
65
41
60
-27
58
-41
70
70
44
24
-17
25
86
24
4
57
7
87
22
10
-25
42
11
49
24
64
24
51
-34
7
-7
5
80
48
27
43
54
32
18
90
11
11
25
3
-22
73
59
108
80
-2
-24
-8
4
56
81
34
28
0
48
7
32
24
43
-36
117
70
-35
39
16
37
37
51
49
40
69
21
19
32
-1
24
40
24
68
11
8
9
16
24
24
21
37
71
37
52
60
59
86
33
6
8
64
7
45
37
16
22
65
36
55
-5
56
9
10
26
38
8
68
43
-7
9
-5
40
-5
38
21
8
108
49
37
35
66
-37
22
41
49
8
-4
40
27
21
23
49
16
21
50
-9
51
82
77
22
9
66
-5
90
41
49
43
55
38
36
-38
17
17
44
23
20
33
53
27
11
27
70
-3
51
-13
61
61
11
17
75
18
41
-1
37
72
25
19
-5
13
12
28
33
7
36
24
35
20
20
54
-4
38
74
75
1
10
69
56
54
4
29
2
-4
55
36
33
-52
16
3
50
-11
52
39
48
37
69
38
145
193
-22
-6
-18
9
7
-36
11
9
12
38
32
-7
0
113
67
23
22
2
4
43
40
60
18
24
-26
33
10
38
9
28
83
5
38
-11
-6
49
53
48
64
40
23
-14
50
36
37
13
41
16
96
43
19
19
13
8
13
72
72
60
26
-12
80
61
80
19
5
-2
44
9
16
28
38
0
22
35
50
42
57
43
11
25
80
-29
102
40
8
32
-18
22
52
25
6
74
53
68
7
-7
39
28
23
40
22
72
-13
26
56
73
44
18
7