0
37
60
60
36
36
36
54
36
-56
-56
25
27
24
53
57
57
57
57
36
36
-7
10
10
33
58
58
58
49
49
-5
-5
-5
-5
59
59
11
11
38
43
37
50
37
37
35
35
-13
3
82
17
22
22
22
51
16
16
93
25
25
21
24
17
17
-17
-17
55
-8
-8
11
59
59
23
23
19
-8
-8
1
9
9
65
92
82
68
68
-2
60
102
102
100
48
-18
34
42
39
-9
27
27
19
40
50
19
34
17
24
24
-30
56
56
59
51
51
40
48
96
80
80
-4
59
59
34
34
11
58
58
81
93
43
29
29
40
28
84
73
71
36
43
26
21
37
64
7
4
4
6
9
27
-6
11
51
74
74
36
2
9
76
76
48
36
24
11
11
23
12
19
23
23
28
39
52
68
68
44
-3
-3
1
35
12
-6
44
18
18
22
4
18
38
73
7
17
41
41
40
44
54
28
37
-9
17
17
38
24
33
40
40
41
49
39
58
22
26
4
4
25
2
57
57
41
28
28
25
32
91
91
43
7
7
69
44
44
39
90
83
83
54
24
-3
-5
11
35
35
4
56
69
72
39
48
52
53
40
38
44
24
20
20
61
61
12
21
21
22
64
-4
65
48
48
35
7
41
44
40
60
12
25
27
27
37
43
4
26
73
24
20
57
23
23
13
10
19
25
23
33
33
38
87
87
84
41
65
22
38
52
56
56
49
18
7
11
22
34
83
72
72
54
38
17
37
69
71
71
8
28
28
-4
49
55
42
42
28
7
17
50
43
19
59
76
72
36
49
27
76
87
76
55
103
41
38
65
66
34
22
52
12
34
21
2
28
52
41
50
17
60
22
87
22
-20
4
2
10
33
73
23
51
58
130
76
21
9
-13
-1
32
17
17
19
36
33
17
-13
5
-2
51
-6
54
74
34
-1
48
23
39
-2
53
17
53
-4
12
36
5
50
42
56
22
42
-58
27
17
5
-8
92
32
59
48
19
36
33
41
51
-5
24
53
35
19
49
36
43
29
61
39
17
23
35
26
58
6
55
22
70
0
52
48
48
24
42
61
41
23
57
49
-25
27
-5
23
51
9
21
90
38
-8
39
32
1
9
21
52
33
20
75
81
39
-12
4
19
34
41
18
58
11
18
34
12
-22
25
42
39
-25
-13
53
32
19
51
35
19
24
39
24
23
25
53
22
35
38
55
41
20
36
80
66
55
56
21
28
-36
18
4
10
68
26
21
38
32
-39
19
29
38
28
24
35
49
-35
58
56
53
-3
-24
8
29
44
16
23
41
20
27
59
6
3
80
43
49
-2
16
-12
49
41
39
6
22
-20
67
35
1
24
39
28
71
25
58
103
106
73
58
34
43
45
-7
7
23
22
41
38
43
70
-22
25
10
18
39
52
19
21
32
38
3
69
52
-4
60
80
-12
34
23
36
42
48
-5
70
53
33
-1
-2
24
37
48
33
33
34
8
-2
-2
-24
-24
-4
-4
-12
-17
-17
33
33
54
54
-6
-6
51
51
42
4
20
20
50
26
56
56
100
38
38
26
3
3
22
25
25
20
20
13
40
40
36
48
42
42
12
18
18
18
11
11
16
24
24
43
43
76
76
88
54
54
35
35
37
37
41
41
65
41
41
32
32
20
10
10
53
53
1
49
49
40
43
43
52
50
50
9
9
9
18
42
42
3
3
76
3
3
12
12
9
9
43
27
27
76
81
61
61
39
56
56
19
19
19
19
19
-2
-2
-2
-2
41
6
5
5
19
71
71
128
102
102
-99
-76
-55
-71
-71
-54
-54
-1
-1
-1
-6
1
1
23
17
17
23
23
23
45
45
317
354
320
320
231
231
-249
-321
-298
-298
-298
-179
-131
-131
53
53
103
43
43
133
68
124
74
88
129
104
104
52
44
43
87
100
27
22
60
60
60
83
6
6
6
6
6
38
18
18
32
32
24
26
44
16
-6
66
66
66
66
66
10
10
25
-20
60
60
26
26
3
-18
-18
57
28
28
27
80
80
60
60
64
19
19
41
41
27
0
0
23
5
5
-11
-3
28
17
37
35
35
65
43
43
55
38
42
49
8
8
8
21
21
40
34
34
25
25
25
36
23
22
44
56
49
20
69
88
88
102
36
64
101
54
54
22
55
40
43
59
44
48
38
24
40
10
12
21
57
37
64
76
77
32
51
38
38
25
73
75
82
52
-72
19
4
2
39
81
50
50
57
58
60
60
44
6
6
-41
22
60
81
81
55
18
36
35
49
49
23
28
43
49
67
-8
-13
22
40
60
16
24
24
35
32
2
48
68
102
107
1
33
66
66
66
81
81
76
17
20
60
77
77
88
44
73
57
52
50
64
64
54
60
36
36
24