0
11
4
6
-5
4
24
5
8
49
-33
13
7
44
26
24
-10
5
65
28
43
52
18
41
22
77
39
81
39
50
42
42
36
52
54
40
8
12
10
72
-18
5
43
37
51
116
54
53
60
-33
20
1
58
7
9
-11
44
24
24
55
64
49
50
19
82
42
36
24
10
13
49
22
41
51
64
40
4
-18
9
74
17
38
2
40
19
66
21
20
-12
7
28
52
32
82
34
-11
42
2
16
18
19
27
9
22
51
57
88
5
33
39
2
93
48
8
49
26
27
33
11
4
33
17
41
13
43
19
38
34
51
-11
12
38
16
25
17
49
13
52
6
29
12
18
50
55
-24
56
35
-24
1
58
57
48
2
-11
3
64
17
50
11
55
16
41
16
48
17
19
73
64
3
-2
55
70
24
-1
7
56
68
42
5
42
18
52
24
21
19
69
-11
10
64
6
21
55
29
25
37
21
44
1
26
16
19
61
40
50
8
34
40
54
3
-19
16
17
53
44
67
11
-8
8
2
77
53
36
49
29
32
81
44
35
22
27
9
36
21
12
16
67
12
21
16
66
137
166
125
58
4
-90
-40
-44
-7
5
75
-1
39
53
29
41
67
9
4
52
5
70
3
50
35
8
49
42
69
24
64
39
60
5
40
11
19
53
67
73
-33
-1
-10
34
-12
73
67
70
68
70
18
25
32
90
58
34
12
35
10
35
26
55
40
1
52
120
199
204
11
-35
-44
-49
-33
-2
-1
18
7
84
-2
20
6
3
20
37
59
22
60
13
44
19
51
36
34
16
0
70
67
42
34
42
38
25
32
32
25
22
-17
5
32
42
39
49
28
-12
-3
18
27
35
35
33
4
7
1
-9
8
57
24
22
10
64
44
28
41
44
101
18
32
19
40
39
50
12
118
44
56
28
-2
40
19
1
50
35
34
12
34
51
18
11
50
38
39
12
13
53
33
39
69
45
4
17
36
11
18
35
24
53
-5
6
23
16
41
44
38
51
56
8
59
39
32
36
16
2
28
-2
26
27
38
13
-1
-3
11
69
25
90
72
29
5
25
17
55
35
68
5
44
55
51
77
25
22
12
11
34
32
12
66
18
49
-11
40
21
17
37
42
58
43
5
28
-29
43
45
32
18
48
35
2
-11
37
10
37
0
-7
80
43
48
52
-5
39
21
36
27
39
53
4
69
114
138
32
4
-22
12
-3
13
17
76
34
84
20
38
20
45
50
19
51
35
28
42
5
29
36
35
-2
37
17
29
73
21
13
24
17
73
75
56
26
-8
6
37
8
42
10
-33
104
106
69
21
-12
-33
12
-61
87
43
50
96
4
49
4
-50
-28
-9
50
103
116
6
32
12
40
26
64
-6
-3
4
91
38
0
32
74
44
26
36
84
50
44
36
38
23
37
6
83
25
27
-10
-24
120
37
-13
-44
-52
-86
-22
29
72
-3
64
67
41
25
80
-21
211
301
88
25
-14
-60
-42
3
28
33
-26
21
19
4
-2
16
5
82
17
67
-19
22
9
24
0
-17
85
23
74
9
35
54
70
2
40
27
88
49
43
-10
49
-6
66
19
55
70
70
38
13
49
-1
38
29
2
26
81
48
26
19
76
10
21
17
11
32
17
26
44
12
22
10
22
17
-23
44
29
51
40
35
75
45
16
34
28
54
2
33
59
27
37
38
-10
-49
12
16
16
56
42
41
96
52
34
68
20
17
6
19
27
40
34
26
-6
55
13
82
58
19
42
8
44
28
45
56
84
56
138
55
123
272
54
-69
-195
8
-122
-78
-91
71
116
61
59
92
115
76
-26
-12
-12
132
-43
32
0
-119
-22
98
80
-75
22
28
91
169
80
56
180
279
-7
-52
-134
81
-41
-59
115
-90
137
33
-52
-51
-114
11
64
80
145
256
166
242
91
43
72
20
-3
-18
86
140
-29
42
181
-24
118
6
-74
3
27
-4
-12
117
-91
40
-77
-11
-106
133
133
99
52
-53
-186
180
-150
-10
109
-26
87
-119
0
82
133
-6
-136
140
80
-90
72
54
37
-50
24
17
48
43
67
50
-71
82
23
-4
52
8
67
121
53
-17
58
-27
9
-23
-36
-103
18
-51
20
153
-71
8
22
87
21
24
120
99
74
-58
18
34
-39
73
-12
-5
121
-89
130
195
17
-29
65
7
-85
22
2
11
-82
26
33
100
71
65
19
116
-141
92
-88
43
5
99
93
105
-70
-34
-81
140
-5
-44
85
-29
10
66
-108
64
71
-86
-2
86
-13
64
147
-45
123
56
0
92
-85
10
-39
1
-42
151
-37
9
-59
51
8
80
113
64
-37
97
97
-6
55
5
-58
-66
-21
-66
-4
120
117
98
-21
60
-51
50
136
65
85
21
-37
-90
3
-117
-35
-89
-21
75
50
83
-56
203
75
121
131
-5
11
-45
66
-25