0
264
192
197
197
186
-89
37
66
76
75
91
69
74
-25
-25
-55
-65
-77
-87
-74
-40
-42
41
36
53
50
50
-5
68
74
75
69
73
99
113
69
17
54
66
66
-14
-1
10
13
37
65
68
54
54
55
36
20
59
65
57
65
6
26
54
54
68
27
-7
7
7
6
68
64
36
24
11
34
34
28
13
13
60
97
97
54
41
40
28
25
3
1
38
25
42
51
16
53
53
38
34
35
69
69
52
21
32
43
42
32
58
58
17
-10
-10
-11
28
18
10
75
76
76
73
-4
41
56
53
58
58
18
37
37
68
43
32
99
67
65
65
65
1
-11
10
7
7
16
41
49
27
76
5
57
73
56
72
86
37
68
49
37
-13
48
20
42
69
32
37
19
-4
33
49
33
74
42
-3
11
19
43
13
58
71
57
8
-21
73
27
53
28
34
40
48
42
26
21
21
41
57
17
25
49
2
35
36
38
39
48
-9
124
116
58
-9
-6
-21
-20
2
21
49
37
23
20
23
-2
29
32
56
50
51
20
11
48
4
-42
-20
72
40
16
48
28
52
69
69
44
87
3
54
58
53
34
33
-34
56
3
11
39
38
40
12
6
66
-19
28
52
38
50
12
36
60
38
13
38
48
54
64
36
17
6
12
50
38
25
17
43
57
9
6
-21
67
40
26
97
27
38
23
43
27
50
64
25
23
24
24
40
40
54
19
40
-34
41
35
54
72
43
-22
35
213
116
1
-55
-49
-25
-36
-22
0
25
0
121
87
19
-30
-7
11
36
21
49
43
50
42
24
54
23
23
26
10
1
21
17
50
32
21
39
10
18
26
-21
48
27
13
82
65
20
8
-83
21
-22
-10
-3
8
36
43
60
82
37
34
35
40
83
21
59
48
35
53
213
169
68
0
-13
-5
-1
-1
26
-4
13
115
102
100
48
-10
-18
1
22
23
36
53
48
1
7
23
21
38
89
26
23
40
12
35
50
27
11
40
44
35
6
39
24
32
90
72
72
-4
6
6
24
24
24
-19
2
42
22
22
-3
19
35
28
26
4
4
22
22
-2
37
25
25
17
17
29
29
42
42
42
27
27
53
59
59
43
43
44
44
49
49
-2
12
12
12
12
54
54
50
11
11
32
49
49
42
42
42
59
59
34
34
24
18
18
-20
-20
3
3
-1
-1
-1
12
12
16
56
92
39
40
17
17
17
41
17
18
7
1
1
23
23
23
33
28
34
36
86
86
41
16
16
16
16
16
16
56
56
33
33
8
26
26
20
40
60
64
64
64
-4
-10
16
16
16
35
52
28
28
10
54
54
13
34
23
23
58
58
44
38
84
84
84
84
55
0
0
39
39
39
49
1
1
9
23
23
23
33
33
49
49
16
-3
-3
20
20
20
20
48
40
40
-17
33
67
37
45
45
39
39
39
39
60
32
32
20
33
44
26
5
5
45
45
45
7
1
1
1
21
27
27
3
25
21
12
45
45
98
98
59
59
59
12
12
25
25
25
25
24
52
52
48
16
16
16
16
34
37
37
69
69
77
21
21
32
53
57
10
10
39
26
26
16
17
17
51
61
61
32
32
23
26
26
32
57
57
8
8
0
19
19
34
90
97
83
90
87
27
34
6
6
4
4
-6
35
52
-12
-23
19
32
32
29
-6
27
52
52
48
70
0
54
29
33
11
5
5
34
39
22
17
25
54
71
42
38
26
42
65
20
44
44
29
19
12
64
48
54
40
28
13
21
32
22
22
53
48
53
58
59
23
37
11
65
65
67
28
58
51
51
85
36
36
35
27
-2
-2
18
37
37
48
25
65
58
9
41
23
51
51
77
10
39
39
56
54
16
20
43
36
38
54
52
49
4
-27
48
33
53
20
22
34
34
67
12
48
12
-3
21
21
12
27
44
51
51
52
49
76
76
23
12
52
58
67
57
39
66
56
37
37
20
16
54
53
53
72
25
133
133
131
146
44
40
40
52
-42
66
66
92
115
32
59
59
57
105
57
53
3
13
-1
-1
72
109
129
130
130
28
59
73
99
92
92
5
74
112
112
101
67
88
77
1
1
-5
43
32
-35
-35
-2
-18
-8
5
32
-45
87
87
98
2
40
113
113
130
148
21
68
69
69
-3
49
67
67
102
99
28
37
38
-18
-18
41
28
68
85
50
0
53
76
76
42
-25
-25
3
-18
-20
-10
48
48
57
55
-19
9
11
5
68
40
52
44
42
22
65
43
48
16
39
57
55
8
74
73
-6
38
64
-5
21
53
59
56
23
97
4
32
38
38
34
12
27
29
24
8
12
81
4
28
23
33
49
9
51
41
37
52
37
28
20
21
39
70
36
17
12
37
34
45
39
23
29