0
21
21
25
50
-6
-6
2
4
4
4
51
29
29
33
33
17
-22
-18
57
42
42
27
42
42
88
81
-2
40
37
29
41
36
36
51
29
29
43
33
17
1
40
34
34
35
99
99
99
99
99
99
96
-35
-35
10
-21
-21
7
7
26
27
27
26
36
4
3
3
73
7
7
86
220
220
197
23
23
-69
-69
-38
-11
-11
-5
1
10
10
3
17
115
115
119
106
8
74
80
123
170
33
0
87
118
132
147
-25
-25
8
0
21
43
26
43
43
57
70
72
108
122
102
97
43
109
104
104
176
38
73
60
101
-35
58
107
107
43
19
32
56
82
12
12
-7
5
5
-2
-2
-23
122
122
161
135
33
84
144
144
38
8
8
60
6
-12
22
22
22
28
-24
12
34
33
71
-69
9
41
41
57
9
39
82
72
81
81
11
53
99
119
131
80
99
101
123
18
-21
35
48
48
60
28
52
114
132
89
89
3
89
120
144
141
50
50
73
112
-34
27
119
130
152
152
32
101
98
112
112
8
7
7
49
-19
38
38
42
85
9
-23
40
112
123
108
32
12
55
71
-18
150
150
153
202
-43
-24
65
42
42
7
68
119
137
-3
103
136
154
169
-84
0
-17
-17
-18
-11
-43
4
28
32
32
100
100
69
76
85
75
115
115
145
-38
99
99
164
107
48
-24
-24
10
-3
-7
57
112
57
-17
113
113
184
233
213
-19
-19
2
-5
-57
19
19
129
169
-37
23
22
20
20
35
32
97
130
130
9
86
82
68
68
26
82
82
87
70
60
70
149
149
10
51
75
75
96
102
131
137
185
177
0
-105
-22
89
109
177
121
180
71
19
-17
-4
-43
37
-29
86
85
92
24
-118
-109
-142
-107
-51
-40
22
48
81
35
66
1
32
3
42
22
64
23
77
65
-10
80
28
73
44
26
51
43
65
58
52
50
56
42
5
23
83
18
59
-4
72
0
19
6
26
58
20
27
-40
0
58
24
83
83
144
-4
-26
-7
0
45
10
37
3
39
49
73
23
67
20
6
-19
9
72
148
57
13
33
-4
19
103
-46
-77
-26
-74
4
64
40
76
55
73
64
77
20
117
26
-9
6
-29
112
82
5
3
12
-69
17
7
-9
-2
55
80
104
37
-24
-81
66
53
51
22
82
26
69
188
214
249
149
53
-45
-146
-218
-145
-110
-65
-46
-41
-72
24
27
54
43
100
43
104
74
39
69
-2
26
27
16
43
66
56
25
57
50
41
17
22
37
32
37
37
12
57
64
20
4
-12
39
55
57
16
50
39
28
22
34
39
57
19
17
38
52
75
172
220
304
357
234
116
-24
-129
-102
-103
-98
-119
-82
-66
-58
25
8
50
26
29
26
5
74
76
35
-37
-26
59
5
0
56
48
67
8
26
16
4
66
-11
-189
-268
-295
-292
-131
-2
68
73
121
171
128
125
149
160
119
115
113
97
103
76
118
40
40
104
71
66
53
40
34
41
81
59
74
76
66
70
66
49
49
58
50
-19
-19
-42
-41
-41
-9
-20
4
-3
16
16
16
16
27
53
26
37
23
23
26
43
23
20
-1
-1
0
0
0
16
9
17
21
27
27
27
29
17
43
85
85
76
54
55
55
4
4
64
64
12
12
-2
25
72
72
72
162
155
155
24
-19
-19
-19
24
24
6
6
-7
40
44
-2
26
39
39
65
65
44
44
24
24
49
49
49
2
2
21
-4
-4
-17
23
23
20
20
20
20
33
33
8
8
20
16
16
38
34
34
13
13
56
51
23
18
13
42
21
21
-17
-17
49
-7
-7
-28
24
3
-5
23
43
43
59
66
66
66
18
39
39
39
39
39
39
24
24
12
12
-20
-20
50
50
69
25
25
38
40
40
54
54
27
5
-7
10
34
21
21
16
16
16
16
64
24
2
2
10
10
10
10
10
10
10
10
21
21
52
67
67
67
29
50
50
48
57
-6
-6
41
41
44
54
54
40
40
25
55
55
55
43
43
43
-2
57
57
57
36
36
57
57
23
60
60
65
38
9
9
12
52
52
27
27
54
54
60
60
34
26
34
34
44
18
42
42
38
68
68
77
77
38
38
38
33
37
40
6
6
16
16
55
55
55
-19
-19
-19
-19
7
64
56
56
50
40
19
59
55
43
43
65
37
75
43
43
39
43
43
5
67
70
11
4
-23
-2
12
24
25
33
33
48
11
51
40
39
45
64
-2
17
17
27
13
22
29
25
70
70
36
24
24
35
23
20
22
22
33
9
12
20
42
67
18
6
6
51
42
53
36
28
48
43
42
48
48
73
17
18
48
48
28
51
24
51
42
41
57
34
8
36
12
-6
-4
-4
42
42
-8
-21
37
55
32
32
4
41
41
72
42
43
48
48
80
67
41
52
65
55
68
70
70
80