0
76
112
49
37
-10
4
9
-5
-36
-18
-5
-1
28
25
24
9
-25
50
54
20
-1
37
34
26
-3
51
20
40
1
25
28
56
18
10
36
88
32
49
6
10
19
21
56
11
26
-2
48
65
42
23
17
20
20
36
-5
64
64
24
7
54
12
44
9
11
43
40
21
29
27
54
23
58
18
71
56
26
20
22
9
28
54
20
-2
29
37
18
28
19
49
36
10
44
26
27
29
33
50
-29
19
13
23
49
36
2
70
50
35
8
37
33
17
19
22
33
57
37
41
16
-14
89
89
21
65
-24
85
38
25
-2
43
50
59
87
84
67
23
27
22
1
9
21
26
-20
59
37
34
53
32
48
44
25
4
42
5
73
22
40
6
-19
39
38
48
34
44
12
24
28
24
22
28
8
88
13
33
4
64
54
56
7
-3
53
43
36
82
84
84
-3
-28
-3
53
13
-8
42
20
37
6
-8
-2
-3
-20
29
54
4
42
51
19
23
9
42
24
65
102
44
23
35
72
72
101
8
11
11
43
43
75
75
32
38
38
19
27
27
1
1
90
90
11
12
12
40
49
49
16
16
16
4
4
38
44
44
44
35
54
57
33
33
27
27
27
27
26
26
26
26
12
12
41
24
24
19
23
58
58
17
18
18
56
57
57
24
56
56
3
22
22
35
-7
-7
-7
-7
-7
22
22
-22
-4
-4
57
42
42
36
36
21
24
-13
-13
20
-12
-12
21
43
43
71
49
49
54
-2
85
37
37
17
3
3
-33
43
43
75
8
8
8
-9
52
52
48
65
77
-10
-22
48
48
48
50
23
-2
65
76
27
27
-14
-6
-6
-6
21
21
21
16
16
34
-10
-10
23
-3
-3
65
81
11
32
32
44
35
35
35
35
59
23
24
-9
-28
-28
69
69
57
57
48
48
48
48
68
66
0
-2
-2
-2
16
16
19
19
64
41
41
-2
-2
26
21
44
25
25
25
25
25
27
27
-8
-8
20
18
18
51
51
36
10
52
-21
45
45
38
38
38
39
-24
-24
51
44
44
34
17
21
21
28
28
28
66
7
37
37
37
35
35
54
0
0
23
5
48
48
72
42
57
57
57
59
54
54
1
19
38
44
20
20
2
6
6
24
24
54
71
71
8
37
2
20
20
45
38
36
24
24
8
57
-18
-8
-8
38
24
24
33
37
42
42
16
20
17
38
45
-3
6
6
19
53
27
49
61
107
50
153
113
113
104
5
-8
-4
1
-22
-24
196
186
186
121
35
145
112
112
149
-182
-189
-179
-177
-148
-130
-110
-110
-38
-26
58
73
69
102
136
83
2
9
9
36
38
27
54
24
24
-40
-36
-1
25
58
58
36
36
85
39
73
20
33
39
39
39
58
70
68
5
4
-38
-38
21
20
68
88
65
65
145
152
101
83
-3
17
38
38
33
55
134
213
197
197
-29
-58
-37
-37
-46
18
33
-17
57
-10
7
32
32
49
2
76
76
76
48
-8
55
34
-5
36
53
53
16
17
17
135
-51
12
-24
-24
-20
6
1
8
8
-5
0
65
55
55
118
66
51
-1
12
32
36
72
91
91
-13
124
11
38
26
7
7
36
35
35
67
-1
9
22
50
43
19
19
57
21
-3
3
34
25
21
44
44
16
21
43
-14
-2
-2
20
9
9
44
-12
26
22
10
7
27
49
48
40
55
68
34
-22
-39
-21
57
36
36
22
23
3
81
81
90
28
4
27
27
27
8
68
12
12
39
75
61
19
66
67
86
33
9
76
34
27
-3
50
22
49
39
82
22
38
54
-7
28
24
-19
0
-9
65
19
34
0
26
11
22
0
37
28
13
69
16
32
54
29
8
42
22
70
5
83
38
9
25
-1
12
41
54
16
8
21
42
37
-4
5
60
58
25
55
16
-6
1
26
26
43
53
34
13
19
10
51
24
48
9
40
22
43
26
32
19
25
26
26
39
35
50
25
72
39
34
27
3
-9
20
70
27
35
18
36
37
66
60
81
60
24
18
2
20
-10
35
1
10
-2
-19
72
43
6
9
26
16
76
32
29
69
35
27
51
16
20
50
16
21
27
18
43
72
52
27
3
27
3
52
60
-11
-13
9
33
6
19
115
75
76
44
0
17
4
43
38
43
69
68
88
40
10
67
43
50
21
56
73
-10
51
29
102
24
73
-23
44
38
-6
49
-8
28
21
60
148
170
129
-26
-56
-81
-55
7
-5
18
5
-5
43
52
11
64
42
44
27
39
-2
53
77
37
28
19
58
27
11
26
86
19
9
33
-7
20
61
64
-6
37
-12
3
7
27
17
26
19
37
51
32
40
29
48
20
18
55
26
54
-9
2
-5
16
41
35
71
23
59
17
-6
7
2
56
-13
5
54
-23
11
-72
199
258
83
-26
-45
-36