0
-5
-3
-3
-4
42
4
59
80
75
38
75
28
27
23
53
19
34
28
48
57
70
197
185
201
180
180
-43
-3
-3
17
13
6
10
10
5
37
27
35
36
40
84
196
59
48
37
-73
-59
-50
-36
-17
-19
-19
-13
55
38
32
26
26
52
55
58
53
43
74
119
88
96
96
-82
-118
-54
-45
-29
-33
-33
-11
-33
-33
-5
9
104
118
91
73
73
211
92
69
69
38
-58
-58
-17
-37
60
75
138
184
184
74
-41
-11
-5
-5
-12
64
64
54
73
43
60
26
49
20
49
50
60
90
90
23
50
12
19
17
16
-5
82
105
103
27
28
59
-20
-23
-10
51
-22
26
43
52
66
107
64
35
86
57
76
61
5
74
17
32
-8
129
10
55
10
89
-65
-33
10
3
-12
35
40
42
20
33
50
-53
133
171
53
4
-1
-7
-1
-51
19
44
-4
4
49
42
106
59
-5
44
22
24
4
54
20
27
29
-23
17
1
53
96
52
-28
59
23
35
42
-5
37
35
64
35
18
52
27
86
-2
25
36
-6
7
-7
23
43
55
64
57
57
12
25
43
44
-26
87
42
54
83
43
23
59
44
39
45
-12
2
-26
36
67
44
71
82
70
-3
-29
-28
-20
-34
-17
-13
-17
-5
6
-35
54
17
4
36
-4
9
71
10
59
48
38
25
17
48
64
57
36
37
43
-1
41
-1
81
53
51
26
54
77
34
40
-3
12
50
36
7
75
22
7
20
-18
20
38
-45
35
40
77
5
42
32
117
44
21
40
8
28
24
21
21
22
32
35
-4
-24
6
-20
13
-21
55
61
149
179
-67
-104
39
25
82
4
8
58
129
-11
69
102
8
66
35
8
-68
77
101
155
21
16
42
5
50
-27
71
-29
25
59
45
262
252
99
-9
-57
-131
-162
-98
-115
-152
-17
20
55
-4
33
-44
38
17
23
-19
43
52
76
25
28
10
55
89
19
105
74
35
41
84
-29
21
11
21
38
-8
85
38
-8
-51
72
39
25
-13
-4
72
91
122
104
54
34
34
34
-26
21
21
85
0
38
-4
-29
11
11
11
-18
-18
99
-20
67
67
22
22
20
20
20
48
75
71
28
28
39
65
65
40
1
1
-2
41
41
2
42
42
34
10
10
10
24
24
55
29
41
12
12
41
41
71
70
70
35
2
2
8
8
8
8
23
-2
-2
-39
-39
-39
75
44
10
10
37
6
6
49
90
86
134
161
151
154
154
-21
-119
-119
-119
-119
-119
-119
-119
-119
-119
-119
-119
-8
-8
33
33
80
80
81
29
17
17
17
17
45
61
41
41
12
-11
-11
-11
-11
-11
-11
-11
-11
19
19
76
11
11
33
39
39
39
39
2
18
18
-19
22
22
57
73
52
36
64
88
88
88
88
88
88
12
12
33
33
17
26
26
57
57
57
75
67
-2
4
7
36
36
36
36
24
24
70
70
70
16
16
16
37
37
19
16
16
-13
-13
-13
-13
-13
2
2
2
1
61
-3
-3
7
41
41
49
65
65
57
36
36
36
71
71
6
41
41
41
50
50
33
19
19
53
40
40
40
48
48
48
48
7
7
49
10
33
35
37
22
22
58
36
36
-25
-25
21
21
21
21
32
32
20
38
38
10
12
12
28
25
7
80
25
25
29
91
91
91
29
34
41
41
41
3
44
11
-17
40
36
-11
6
23
4
4
-9
43
43
20
7
27
54
82
39
39
36
54
54
68
68
65
20
39
37
38
54
60
74
69
69
64
59
-9
17
33
64
76
19
27
27
12
19
35
72
26
65
75
35
11
11
27
9
-3
11
32
32
54
-10
6
11
33
33
-13
64
37
29
44
-8
-8
28
27
10
59
8
33
33
43
54
80
41
41
24
55
55
17
26
17
22
8
8
3
-10
67
83
102
84
3
-10
7
7
-14
34
40
2
0
19
21
-1
-1
1
41
35
39
53
38
38
49
49
18
7
-17
50
50
18
-8
3
60
54
41
40
70
70
40
42
23
16
-3
20
32
60
40
39
45
20
20
21
73
73
44
3
52
32
43
54
48
48
40
20
-58
74
74
76
57
41
32
28
40
40
8
9
50
54
54
49
66
66
83
35
3
3
1
20
20
37
98
114
102
124
89
-33
-40
-70
-70
-30
-39
61
52
57
27
11
17
43
43
105
108
80
35
55
65
33
33
23
23
40
40
73
51
51
50
29
81
32
-37
-46
-45
33
55
37
37
35
41
56
19
38
38
82
55
9
20
20
8
57
57
34
59
160
188
106
-54
-147
-120
-71
-66
-58
-28
-12
23
29
33
39
26
48
7
38
61
48
87
130
221
420
288
200
2
-129
-200
-310
-306
-158
-130
-88
-40
8
64
37
83
61
27
45
89
80
45
27
72
51
45
36
32
51
39
22
48
69
23
26
41
29
23
13
37
41
22