0
38
57
20
34
-26
147
-12
66
-2
23
52
76
-17
-3
0
0
-73
-73
-73
112
112
59
54
54
65
116
116
5
5
-6
-6
-6
73
73
10
80
80
11
11
26
139
40
40
6
34
34
107
107
107
36
48
73
123
123
123
123
123
37
122
17
64
64
36
7
7
1
-72
-72
23
23
-51
-22
-22
39
-33
-33
148
-26
-26
58
-23
-23
-50
50
50
50
-25
-25
11
50
50
162
162
162
162
82
-8
-7
50
-27
-17
-17
-17
19
19
19
-14
-14
25
43
43
43
43
54
54
58
58
82
21
21
16
69
69
69
69
69
69
48
48
48
37
37
35
74
74
52
52
52
52
6
-13
35
35
50
45
33
25
-6
-6
33
33
33
33
33
32
24
8
22
22
6
33
33
36
26
9
24
6
71
71
71
22
22
22
-18
-18
-18
-18
-2
-2
-2
-2
-2
20
34
34
32
32
6
27
27
56
56
56
56
56
40
38
45
45
19
64
24
24
51
51
59
59
98
74
74
86
25
25
-20
-88
-88
-88
176
11
75
75
11
-23
-23
-23
32
-6
-6
12
12
35
10
23
23
37
37
55
-4
-4
-4
-4
6
38
-24
-6
12
21
38
86
86
71
71
-2
-21
0
0
0
0
0
-28
-28
-28
-28
-38
-75
26
55
55
35
82
82
68
75
49
28
73
73
107
96
35
12
12
43
51
12
35
52
81
81
53
20
102
55
55
52
56
18
21
49
39
39
24
5
33
137
72
72
76
29
-1
-88
-88
-82
-117
-86
-74
-74
-29
35
35
65
65
69
25
81
65
85
86
43
48
20
6
6
56
75
82
82
33
52
36
70
84
85
43
20
60
60
58
35
33
33
21
42
4
-14
-14
-14
4
42
58
52
98
48
7
1
48
48
73
73
36
2
61
44
44
41
34
34
43
41
32
-20
48
72
72
42
38
23
34
11
17
-44
4
4
-8
23
60
40
72
27
28
101
108
98
70
75
44
44
3
8
85
57
57
-14
32
74
57
51
51
54
70
84
54
44
24
35
35
22
18
17
21
41
57
57
16
-7
-3
12
6
32
32
5
-8
-8
64
-35
34
24
24
0
88
117
24
24
55
53
59
114
114
161
118
-14
50
50
-5
-24
-8
71
64
59
59
7
50
26
21
37
16
19
24
21
21
22
39
33
58
36
34
4
-21
-21
70
24
32
36
43
54
53
32
39
39
54
33
36
27
41
76
64
23
24
24
54
75
13
49
51
26
26
-29
-29
-9
64
22
-3
10
28
28
-28
-26
-24
-7
-7
6
37
0
81
55
43
77
65
55
2
26
36
12
33
38
22
64
-3
-17
43
1
41
69
19
64
27
68
-12
25
7
21
13
50
20
21
28
40
55
11
-18
23
38
5
48
35
48
-4
21
5
33
5
7
43
19
-17
64
12
92
-9
27
38
44
24
43
59
80
23
38
60
37
50
-11
12
33
33
43
35
54
-2
65
48
19
-41
50
33
48
40
53
8
17
21
16
18
20
4
1
69
25
24
0
28
92
67
27
32
32
45
36
54
9
4
17
28
5
-4
66
50
36
54
60
35
-11
18
9
55
22
56
10
54
8
37
-2
35
21
66
108
51
19
-28
-1
-5
-13
11
19
-1
13
33
-1
9
36
37
23
116
77
28
25
-7
-35
38
24
41
55
73
84
24
49
33
16
22
9
12
-17
64
34
-19
12
58
36
1
57
-41
184
183
74
44
-1
-40
3
-49
-4
-2
22
-5
22
44
32
19
48
41
13
27
53
48
16
8
44
70
51
18
-5
22
-1
55
36
40
27
-3
38
28
28
28
73
11
20
0
39
38
59
-18
36
-26
48
45
5
11
25
37
21
6
44
73
87
58
86
56
17
2
33
19
35
32
16
33
60
19
20
24
38
43
1
-27
11
20
75
45
41
48
58
39
96
41
69
25
9
43
32
28
3
41
20
42
-5
-8
58
35
43
8
1
35
56
34
38
36
70
50
6
32
53
16
66
20
21
21
49
12
23
19
9
81
19
24
41
44
68
43
10
32
39
10
25
58
18
28
16
28
32
57
53
22
27
-11
71
20
33
49
29
67
-2
53
-11
37
12
-3
0
71
27
58
29
36
-24
5
55
44
57
52
43
73
4
50
51
37
20
41
10
55
66
27
4
-2
24
44
43
76
16
38
-6
29
25
21
43
48
55
53
26
35
34
9
37
27
59
2
8
28
10
23
32
33
53
34
8
22
38
163
75
-1
-74
-12
16
4
-21
0
-7
22
-7
35
11
44
22
-21
81
71
0
54
-45
44
-1
25
7
38
34
37
34
0
6
37
34
28
65
102
38
34
27
12
39
44
85
16
40
18
37
-6
25
36
59
38
27
43
66
24
39
25
25
24
54
65
2
40
26
-23