0
76
-35
42
0
-23
74
21
139
249
133
38
-20
-94
-91
7
16
151
58
16
-3
-12
-53
-42
-51
36
51
51
-25
69
53
42
21
35
52
52
21
49
43
-10
-5
5
36
-22
56
82
67
33
12
39
32
27
82
-3
28
29
32
41
-14
12
34
32
67
35
18
-7
6
7
39
-3
34
105
50
65
9
107
23
28
-13
-71
-18
42
87
-2
17
-11
52
64
57
-21
16
55
49
68
-10
44
16
28
57
23
65
55
25
27
27
17
35
64
41
20
19
68
45
-4
41
38
27
8
21
54
16
8
55
51
-35
136
117
3
-22
26
20
44
28
1
33
54
10
-6
34
-1
60
-3
32
16
20
36
9
-1
5
13
33
38
38
25
-6
74
55
40
28
27
36
7
53
40
38
57
-5
16
4
28
28
148
149
115
21
32
-42
2
29
5
23
24
56
18
44
44
25
7
3
39
21
44
39
25
34
3
-17
74
44
57
81
38
80
20
180
245
298
258
180
74
-46
-172
-237
-264
-185
-185
-185
-185
-211
-211
-203
-203
-203
-203
-203
10
10
10
20
20
65
65
71
81
81
64
85
85
44
44
44
27
5
5
45
45
-17
52
52
44
35
-19
21
21
38
19
19
4
71
71
97
105
-8
-5
3
21
21
21
13
37
37
37
17
17
21
-20
3
0
7
7
7
53
53
-3
29
29
-10
9
9
-5
-12
-12
27
27
9
9
27
74
74
40
40
2
8
8
0
-17
-35
38
38
32
43
-1
-1
-24
66
66
73
43
43
23
37
37
0
39
42
42
42
16
-3
17
7
7
7
20
20
44
49
49
32
37
34
22
60
60
60
60
60
12
12
29
7
7
3
28
28
52
52
54
54
54
52
52
37
37
-17
-8
-8
7
37
37
52
52
-10
13
18
18
56
59
59
-18
-13
38
38
-26
41
41
41
2
-33
-33
57
65
20
39
42
42
75
75
39
39
39
87
87
87
87
117
117
36
36
36
12
12
73
5
-23
-23
60
60
32
32
53
44
44
33
21
21
8
66
52
-14
-27
5
5
44
11
-21
35
32
32
21
20
20
33
90
29
29
18
18
-20
28
42
48
86
86
11
11
1
1
23
5
5
59
9
9
18
1
1
16
11
11
3
61
61
61
42
90
122
26
26
26
26
-10
64
52
36
48
43
61
70
13
18
18
49
35
35
42
17
43
27
17
-8
-8
45
23
-14
6
12
37
37
-19
35
27
19
39
32
32
50
59
4
52
58
39
58
57
33
33
42
64
12
50
50
36
23
33
50
20
29
48
3
39
39
36
44
12
81
67
52
19
5
-10
-10
-25
1
9
72
52
52
67
52
59
45
24
27
-21
34
5
5
9
-24
9
20
57
18
12
25
25
32
32
36
42
39
39
26
66
11
7
21
-9
27
27
32
42
21
16
16
-17
67
88
8
49
53
73
18
85
83
82
1
2
2
4
28
3
59
59
27
12
40
3
25
65
37
24
3
42
12
35
64
44
91
83
83
57
20
20
-24
3
72
72
52
71
71
-1
10
-5
-3
-4
1
67
22
22
-19
16
6
35
16
26
-23
74
57
57
52
26
43
32
36
68
34
34
24
59
27
20
13
26
39
6
66
37
26
26
10
1
12
-3
-3
41
71
71
76
56
73
12
52
67
68
48
48
-28
-27
-1
45
42
42
37
37
24
6
2
-4
57
54
54
29
58
-19
-2
21
51
51
72
17
26
51
51
40
2
-4
12
12
45
69
69
70
76
-6
67
67
64
90
4
43
107
56
91
56
113
35
199
236
168
57
-43
-104
-178
-73
-91
-7
6
-89
64
35
-53
135
-17
108
39
49
39
16
9
178
-27
4
70
-82
41
164
-43
66
68
70
37
12
106
38
-85
89
92
81
13
8
73
-2
-177
-24
106
39
38
24
-29
11
100
92
19
134
68
4
248
27
-41
22
100
22
-24
112
-2
68
-8
108
88
12
71
37
90
-4
27
-55
19
113
-14
21
93
-3
71
-20
-46
73
40
-44
37
72
-11
44
-11
43
55
12
-17
49
122
84
-18
52
-25
-69
71
-8
-99
11
19
-22
67
8
25
4
11
93
67
59
0
-59
53
21
56
-21
2
93
28
-9
75
16
93
-49
119
-25
11
61
38
41
87
11
49
86
53
-6
-84
153
99
41
8
25
-40
-24
21
56
57
43
0
-37
69
51
52
49
55
-21
44
-2
29
17
12
-11
70
-42
10
-18
64
37
-52
-9
-1
80
-23
26
50
29
135
89
42
203
229
378
267
292
231
188
104
82
-123
-209
-369
-331
-364
-184
-114
-62
4
-18
129
-14
133
19
83
151
41
87
52
107
35
11
55
72
69
102
1
40
2
32
89
105
-34
76
90
-13
52
16
-34
38
59
81
125
-49
93
23
-1
-7
70
-20
108
24
49