0
0
0
0
0
0
0
141
32
1
19
36
56
12
57
38
24
-3
-25
51
41
41
54
38
24
27
-7
55
37
41
6
56
37
24
48
36
68
-2
22
32
53
34
43
12
33
23
20
10
38
3
27
22
53
34
71
28
40
7
17
-2
24
16
39
37
22
60
27
32
59
-29
44
-2
56
11
139
82
38
-22
-1
-12
23
24
-41
13
19
-17
26
67
53
45
20
36
64
23
33
43
44
27
53
6
23
69
59
18
18
9
40
28
41
-12
40
39
40
16
33
-2
11
29
42
25
55
10
32
58
34
41
55
39
13
42
41
39
38
-8
37
12
23
19
6
19
35
39
56
12
32
41
36
72
1
42
16
28
16
37
28
38
25
20
42
10
9
33
18
57
37
10
-29
8
18
36
8
43
22
39
-6
42
56
35
92
50
42
41
69
45
2
28
24
8
44
0
20
26
37
20
0
-25
86
100
25
19
-7
-25
34
39
26
20
49
-22
26
91
73
71
5
49
1
52
23
59
-25
0
17
61
38
9
24
43
12
54
55
38
64
65
33
-7
21
36
52
19
3
75
0
19
40
-9
19
-8
17
33
23
-3
23
59
25
18
60
41
50
64
51
27
34
9
99
1
37
35
8
66
40
18
1
72
32
39
37
35
19
22
60
43
29
-6
7
40
26
22
28
33
71
55
39
33
36
20
18
3
29
20
38
19
26
21
54
48
21
57
28
-3
-3
13
82
53
74
41
82
29
35
23
88
40
18
40
13
8
33
55
51
39
38
53
69
45
58
53
21
21
42
24
57
38
38
35
57
55
50
13
24
40
23
32
37
25
36
-6
26
66
26
38
-8
54
69
-5
73
-9
70
41
93
57
-2
-2
-11
-7
50
43
8
25
8
69
25
39
16
3
-13
58
26
17
-13
16
59
21
-3
23
42
-2
24
32
-4
35
42
37
-12
22
11
81
26
1
25
25
44
38
32
22
22
34
26
43
23
37
23
42
37
25
40
45
25
19
68
39
36
65
2
-34
44
24
28
4
-3
-10
80
-9
-11
-22
20
-7
10
75
40
52
44
36
2
57
71
52
13
54
22
23
64
44
36
-35
-59
-54
1
71
37
50
3
57
82
26
53
59
-5
38
147
266
162
86
-34
-66
-71
-20
-50
-9
12
56
19
-33
64
68
48
51
-12
35
77
52
-26
35
22
-5
-2
99
18
28
25
23
33
43
5
65
54
13
7
34
11
22
19
4
56
21
9
24
24
68
58
39
-5
140
129
171
189
139
41
-44
-121
-149
-129
-130
-33
3
-3
33
52
67
77
87
74
28
66
97
43
33
34
20
35
43
71
55
76
16
57
72
16
58
24
4
34
64
-1
51
20
22
43
25
40
35
12
32
4
34
93
13
32
34
4
67
-2
4
26
69
35
70
25
20
45
64
40
70
77
19
43
16
32
-17
-9
19
52
50
53
40
68
-7
22
20
33
39
86
8
38
-6
16
13
43
43
71
74
38
64
3
-10
70
13
23
9
35
-4
65
35
22
2
42
42
7
20
23
65
0
42
59
-3
16
35
90
17
42
49
1
102
-20
-12
5
52
59
2
8
21
24
51
20
68
50
37
49
-7
51
24
66
40
28
39
-18
18
11
26
-7
34
23
28
48
32
5
6
27
25
38
56
39
11
24
52
22
24
68
21
60
-8
53
38
23
8
65
7
18
4
24
2
25
36
50
49
65
19
4
59
-11
7
33
35
-4
-17
38
27
50
90
51
21
28
22
43
35
55
48
13
49
23
56
37
23
34
27
-4
13
33
75
12
32
32
6
71
20
24
24
19
3
69
104
36
18
37
-13
19
5
53
21
39
32
44
65
60
17
36
-10
77
9
41
10
35
36
26
-7
-84
35
25
41
-6
19
45
50
44
13
60
88
52
-6
50
61
40
44
39
-13
25
-1
20
16
40
-17
60
72
18
19
16
0
60
17
40
70
21
33
59
19
8
40
33
41
16
4
9
3
11
113
67
33
22
25
22
43
48
39
68
0
27
56
56
35
11
53
55
21
48
27
64
25
27
54
87
90
121
11
-11
4
12
33
-10
-6
66
-4
17
39
9
8
10
-9
80
35
43
52
57
23
-4
8
40
-12
-12
56
24
33
21
40
48
60
18
84
34
53
9
-8
-24
146
150
0
-38
1
18
16
40
28
28
49
-12
23
41
-5
38
37
76
13
20
21
26
32
22
22
-4
1
34
8
42
68
27
-25
5
51
27
71
59
35
43
27
20
28
37
18
38
35
4
91
9
29
9
10
33
28
55
20
0
67
51
37
-1
35
44
1
29
36
25
36
39
-19
50
-7
64
21
64
40
51
3
44
-6
53
12
42
34
34
69
29
36
82
32