0
11
33
23
53
32
26
20
48
53
71
24
23
52
39
3
20
53
16
66
34
8
21
41
58
2
24
55
24
18
28
23
44
71
96
48
27
48
21
-9
48
21
29
-37
-1
3
37
50
-3
56
21
33
65
69
57
113
64
32
28
28
43
20
36
-13
20
-1
36
28
22
50
37
27
17
50
11
11
18
86
55
42
52
106
41
-10
34
-11
27
10
107
18
22
18
41
20
20
42
28
36
40
65
71
52
44
18
26
22
3
35
39
70
26
23
-18
42
25
43
28
64
26
9
-2
23
22
16
22
33
23
38
73
35
33
70
16
19
10
38
-1
38
25
41
38
10
-5
-8
38
44
35
33
28
16
20
10
37
53
71
59
32
39
45
21
32
3
-29
70
67
32
45
6
25
6
49
39
52
25
19
4
41
20
61
-7
58
69
48
-5
32
-22
38
43
34
38
3
16
22
8
40
7
42
3
50
38
38
56
84
45
26
68
26
3
24
26
21
18
48
97
28
25
7
35
-14
-24
41
9
-34
55
42
56
59
-4
16
23
20
-4
37
9
44
57
80
52
39
51
21
38
-26
-2
20
38
34
49
54
2
25
0
37
67
50
83
37
26
20
41
27
32
45
34
10
26
17
49
18
-3
11
13
20
25
92
44
5
-1
37
7
4
28
34
24
25
32
2
28
-19
16
11
26
-4
51
50
73
22
52
0
44
26
23
37
45
41
64
39
36
35
26
43
64
27
22
69
-11
33
11
33
-7
-5
54
-4
8
11
68
38
10
10
21
29
12
50
19
13
68
60
-3
29
70
70
73
59
83
38
67
-5
18
1
84
13
24
17
21
33
13
17
17
54
36
53
8
84
45
34
39
42
17
8
41
-36
26
67
17
10
-17
22
-27
39
25
24
29
96
53
65
28
43
28
17
26
56
-17
8
66
32
8
59
57
49
22
21
-8
19
2
9
34
39
45
23
48
68
-1
-8
8
6
43
23
48
55
33
20
3
42
23
32
11
57
67
85
34
35
12
28
26
-6
23
35
80
20
38
64
22
11
26
43
71
43
23
34
36
17
-35
-4
12
16
75
54
32
39
26
45
59
86
40
81
20
38
8
9
19
53
58
16
10
48
25
6
-2
-10
-22
13
35
53
42
17
60
42
34
-13
41
28
38
67
40
-17
-3
12
-19
39
66
68
17
20
29
17
66
7
-5
37
-19
58
56
70
33
34
-5
57
61
34
69
21
10
49
23
33
48
35
18
52
20
12
109
102
41
54
5
-25
-10
32
33
57
21
38
27
88
8
22
45
3
27
32
60
54
54
56
56
64
-9
51
38
4
40
-2
7
-43
36
28
-23
119
43
41
7
-9
11
48
36
34
38
48
39
-39
59
82
22
-30
11
-13
-13
49
28
66
59
-4
13
38
40
48
-3
69
59
101
5
21
25
-11
36
-6
-12
72
73
82
23
33
16
2
12
44
-8
58
6
73
27
50
57
-2
32
35
53
27
56
71
60
77
25
45
51
2
53
50
-1
49
12
4
61
35
-6
27
20
29
1
22
3
89
19
27
-1
38
40
68
35
43
42
77
17
5
-9
12
20
17
60
19
10
29
12
-13
66
45
7
57
5
52
59
58
27
11
54
27
-1
51
19
57
58
39
22
1
45
45
19
57
21
44
24
85
1
1
22
34
36
21
18
35
43
85
9
-10
26
40
24
10
41
-10
37
32
-6
33
-4
39
10
48
58
-4
5
5
26
-4
131
73
48
56
9
4
42
25
17
48
21
29
55
20
121
34
37
38
43
34
21
43
8
7
61
21
57
5
51
70
20
16
21
40
49
23
52
19
59
28
53
0
43
36
33
39
24
71
7
23
24
-22
26
35
10
35
35
70
-10
-4
-38
163
64
9
32
-18
36
71
44
9
49
12
34
39
-21
186
139
43
-17
-23
-103
-52
51
0
-14
92
17
-9
8
41
42
6
-1
32
6
-7
-4
60
19
27
-1
56
19
84
77
19
69
37
82
55
25
26
45
71
-12
41
36
19
-22
107
29
22
71
21
-40
55
57
-2
0
35
81
36
43
33
40
11
29
82
19
39
37
10
45
64
72
37
53
20
0
10
11
7
24
20
-3
37
60
33
9
18
66
41
65
49
-12
16
17
43
27
7
53
11
11
44
25
57
42
54
40
8
41
59
33
25
42
44
45
20
48
33
59
40
51
41
74
25
42
42
52
17
67
39
65
9
22
-14
74
28
41
25
23
18
25
38
18
53
10
72
52
17
-2
18
36
-3
77
71
43
12
23
1
56
20
-4
69
40
24
11
22
93
50
25
27
9
7
20
4
37
56
36
4
54
28
59
27
26
5
40
22
43
65
19
-3
32
21
52