0
-18
45
35
21
34
20
38
59
37
-8
23
26
52
7
4
38
50
17
48
35
11
48
-11
25
41
41
50
53
28
-4
32
73
81
51
5
3
5
33
36
28
25
24
49
60
-26
23
40
41
36
81
29
58
19
-5
-20
34
6
43
66
66
54
-10
26
48
26
48
-7
20
43
9
19
23
33
60
68
6
43
23
53
37
36
72
12
22
48
42
18
60
100
4
-7
-9
35
-11
33
17
-10
-14
53
61
58
18
9
33
16
80
69
42
19
-8
2
49
65
81
64
40
-13
27
43
33
45
41
22
39
10
12
11
39
36
28
36
54
32
26
58
21
22
33
-6
11
35
36
11
42
50
52
38
16
6
32
18
11
35
36
12
44
6
72
38
19
-8
29
-10
56
28
56
1
17
56
37
22
54
-1
16
17
10
27
18
21
23
39
17
12
89
27
22
21
48
35
53
53
66
21
-50
3
65
68
0
32
19
-4
8
53
53
35
-24
54
52
33
44
18
23
40
49
13
28
60
45
-13
29
33
19
38
13
43
82
45
60
23
49
55
37
55
23
16
56
165
211
57
-69
-43
-17
96
100
4
-12
23
-22
7
-51
32
-4
-28
89
39
3
41
55
114
16
5
16
-19
52
68
67
25
48
53
24
8
8
82
2
2
32
58
5
22
13
20
32
9
27
56
28
60
21
22
3
10
48
32
23
54
52
71
36
55
71
86
-27
1
52
57
8
36
53
17
12
19
89
69
53
-14
-2
40
32
54
57
32
11
50
-45
25
49
50
10
43
-39
253
186
18
-66
-57
-60
-50
12
4
9
11
35
-18
90
197
120
106
20
-24
-37
-87
-7
9
28
41
12
9
55
13
42
59
75
19
23
54
2
28
8
18
57
41
29
48
5
99
119
83
38
4
-1
0
-12
9
57
2
38
53
-22
-82
-37
24
56
-2
5
74
105
76
53
51
109
66
58
17
53
66
21
24
32
27
27
40
-8
74
130
216
212
12
-71
-51
-46
-52
-19
-8
17
26
35
73
43
130
41
-17
-10
-1
24
11
16
10
39
64
51
17
22
7
37
26
40
-2
32
60
53
-17
1
54
50
59
10
54
12
21
87
25
58
9
-4
35
17
41
23
43
7
37
25
-18
120
11
75
-4
-42
80
10
43
56
42
25
48
-9
43
38
38
50
65
27
41
37
-6
57
10
42
35
21
20
61
12
-19
-37
-29
51
-10
43
24
-1
50
56
-4
35
3
9
26
35
43
56
34
13
35
42
-2
42
60
45
51
17
33
58
59
43
12
36
-13
48
24
-4
19
49
27
-8
5
66
66
41
84
52
103
13
68
35
22
50
3
23
8
57
32
59
53
68
10
51
-2
17
-12
36
2
48
45
20
21
69
64
-8
-34
7
56
9
18
12
-9
59
68
25
50
-14
25
21
11
26
74
55
21
24
11
27
32
28
72
10
27
2
17
-13
40
33
21
26
17
11
77
72
17
70
71
44
33
35
55
49
-13
39
70
19
18
11
21
6
59
91
17
23
-26
48
24
-4
-25
11
32
35
-9
49
38
57
10
66
71
45
34
22
23
41
11
24
32
57
52
41
69
44
21
18
20
53
20
53
44
41
41
22
16
49
65
54
22
21
0
10
28
7
26
37
41
32
36
56
-36
12
23
48
58
40
32
5
36
24
28
18
11
-2
28
6
26
34
23
34
32
72
42
36
53
65
-3
20
44
53
23
33
11
23
55
37
34
37
6
55
33
16
11
64
18
8
32
20
21
-13
33
-10
34
32
33
32
17
17
35
19
-20
98
40
27
24
3
21
42
69
9
44
49
27
32
54
28
38
77
-2
9
-4
39
10
36
34
0
71
42
43
-10
7
-11
33
56
59
20
34
-9
17
12
-4
41
53
37
75
-5
55
21
5
48
25
53
25
17
37
48
38
35
12
51
4
35
10
32
73
65
44
32
36
9
1
5
22
-10
53
25
35
20
9
53
1
48
11
44
11
11
-2
29
9
34
81
38
1
18
19
72
22
24
18
29
-27
55
22
59
34
22
2
44
42
20
41
48
1
-6
12
17
80
5
39
10
7
58
60
28
39
1
3
38
41
28
29
83
42
69
-22
38
18
19
6
3
9
16
27
90
44
-3
90
59
17
21
11
3
37
7
28
17
34
53
28
9
35
17
36
18
59
22
52
42
65
-26
37
34
58
8
19
65
53
82
23
20
4
23
25
32
17
-12
38
13
65
12
80
57
9
65
-1
20
39
36
42
9
26
42
35
40
-6
45
50
27
21
19
6
52
24
24
38
-8
3
70
35
40
26
1
84
85
44
35
37
-7
29
-6
51
100
32
65
60
-1
-4
11
42
35
26
-13
53
52
5
45
10
11