0
33
118
69
21
133
96
147
52
-44
43
-20
-35
-89
-21
4
38
-35
41
-6
122
84
-25
7
8
-53
57
-37
5
70
67
52
37
19
74
17
3
41
-9
34
89
9
4
52
72
102
9
44
-22
36
27
32
58
56
8
33
101
51
55
-4
-13
0
12
-27
21
28
-51
150
52
-8
-36
5
86
76
19
68
6
-10
-4
55
-4
66
55
8
89
80
0
91
72
92
25
80
-27
-23
8
28
52
39
61
-51
106
54
-26
58
66
-59
3
28
-35
113
32
-85
9
28
34
48
34
85
21
26
2
37
5
52
4
43
91
125
-9
69
-35
121
-1
-10
32
-2
49
18
18
106
64
-18
23
59
27
54
45
-59
92
22
-14
36
-14
112
50
40
-34
-54
12
54
17
52
67
13
28
59
39
24
59
3
55
35
71
-8
115
54
3
-8
68
35
-3
-5
68
55
48
87
6
74
-56
39
21
81
65
19
39
-5
19
42
-29
68
49
11
92
19
35
45
19
66
50
-14
23
56
39
99
-20
88
34
-56
56
-24
51
100
58
-21
-11
39
101
10
25
24
3
52
80
20
-17
22
37
90
82
-2
70
53
12
1
72
64
40
-7
39
64
48
-50
123
-38
120
21
17
58
57
77
-26
55
53
22
4
105
50
5
-56
65
24
57
8
-11
-37
140
57
24
1
64
60
26
-1
39
-4
83
17
6
7
119
16
-44
50
69
2
2
122
21
-3
20
-58
59
28
19
12
-4
55
29
68
35
27
32
4
39
-50
-24
32
-11
-7
-17
26
22
-4
38
37
29
130
48
112
117
37
32
-38
4
0
-2
43
12
29
7
50
38
22
44
37
-18
27
19
-10
-10
36
40
83
22
38
42
16
29
7
10
69
41
109
68
51
41
45
21
24
-3
36
11
44
41
21
21
24
85
49
66
-12
60
23
23
-22
45
-4
8
0
44
18
20
-9
-11
49
54
20
48
57
70
35
16
20
81
38
44
22
19
65
6
25
18
37
39
33
33
17
-2
16
53
24
42
29
21
-4
28
65
70
25
103
41
41
43
44
40
7
20
36
40
12
9
83
48
48
27
3
29
45
64
38
-10
113
53
64
37
-24
35
33
-4
38
23
57
-2
27
16
11
35
21
36
38
28
93
81
69
9
8
76
20
52
43
51
28
32
34
26
41
41
-37
74
68
40
-2
5
17
27
18
12
6
13
70
53
39
29
-19
81
48
25
43
68
43
48
11
-7
6
59
9
32
19
-11
9
135
45
57
32
19
-9
3
53
39
54
25
58
20
48
41
40
49
45
80
58
24
89
19
76
52
52
72
119
84
146
96
8
3
-25
-59
-53
-19
-51
-29
-14
-9
49
56
36
44
84
26
91
67
51
8
24
50
43
24
13
53
64
33
84
93
37
149
161
144
101
21
-52
-137
-106
-73
-75
-7
-22
23
35
91
80
12
7
55
23
53
54
20
57
102
58
76
35
2
35
-8
57
53
-3
50
52
38
57
11
6
57
38
-38
93
-2
18
66
1
24
50
80
32
34
65
22
22
88
42
66
38
54
97
-3
22
60
-28
108
56
-49
59
-39
8
25
25
34
19
24
66
42
54
-24
-1
52
25
13
35
39
24
48
89
2
0
-2
-22
-17
64
25
-5
17
-1
-150
154
129
22
33
44
28
83
67
53
-2
-9
69
90
80
40
5
7
89
-11
28
38
-7
43
59
24
87
-27
7
44
-2
-5
3
-5
-17
18
43
2
22
50
102
32
75
53
38
5
52
36
37
3
16
51
37
80
64
148
154
77
1
-43
-69
6
-39
51
-1
1
60
13
3
0
68
32
52
48
60
27
28
49
-20
60
27
43
25
17
-6
39
61
56
42
2
-10
36
28
-34
22
1
-12
87
60
76
21
21
34
39
54
-21
1
-27
-1
43
25
56
-8
69
39
82
51
-30
49
38
3
49
34
56
32
39
54
38
7
4
26
75
41
36
28
56
-4
-27
10
22
89
22
9
38
42
-3
-5
59
16
66
45
38
23
20
45
67
56
35
41
54
53
42
7
-19
17
35
37
18
64
38
90
18
27
69
60
2
13
42
6
38
71
52
33
29
-7
39
9
17
1
54
2
51
36
17
29
5
24
8
3
1
22
51
32
39
29
38
25
40
52
12
19
-6
-56
-5
29
35
42
16
10
91
54
33
74
49
36
28
59
-6
34
56
37
45
-18
37
33
88
54
36
22
9
60
-5
51
-1
-1
66
16
39
32
39
11
20
44
74
40
42
53
27
5
67
26
51
32
27
21
23
18
-10
37
33
3
7
50
-3
75
22
42
53
41
-3
36
19
70
13
-14
9
10
23
23
65
59
-4
49
59
-22
38
26
6
80
39
13
23
54
36
27
68
85
38
122
83
88
33
-52
-70
-26
-34
-25
1