0
34
1
-51
102
50
6
-43
-21
124
21
41
187
157
86
153
213
97
136
104
72
67
90
103
40
-18
-3
57
6
8
18
55
34
40
50
-3
-45
-17
86
12
-43
-55
51
-8
24
44
-4
50
57
69
-17
42
-4
6
12
42
36
92
50
101
80
37
23
40
-30
81
107
16
57
97
73
-7
76
-130
-1
-26
-59
-45
11
9
17
10
34
89
102
37
20
34
13
3
-10
162
-46
81
128
37
-59
114
37
6
-42
-58
53
-8
-6
-81
29
104
11
43
65
-3
-8
60
34
-13
-45
90
38
-1
-28
101
52
-30
49
-24
116
72
41
22
1
51
48
43
51
52
5
36
-44
-43
72
53
38
-3
-34
72
90
48
39
9
-1
17
-4
161
8
2
-3
83
36
13
12
-18
27
71
42
162
54
49
-41
9
20
53
40
-5
52
50
4
42
59
18
-44
-29
34
33
55
50
16
50
50
-7
39
80
57
103
23
-8
-2
59
60
12
139
22
-38
52
-14
36
3
8
40
83
3
-23
26
5
64
136
51
55
27
10
34
-27
85
64
4
39
34
8
-8
22
9
-85
-29
-22
77
49
54
48
29
114
22
3
84
16
11
19
42
20
21
20
74
52
9
11
60
33
39
40
4
-75
-65
-76
-77
-86
-65
-60
-37
-3
18
-11
45
2
44
-2
81
51
40
-3
53
80
60
100
101
60
21
10
-3
-12
27
11
20
22
32
42
10
25
-33
61
70
53
24
98
41
93
42
41
-4
8
23
101
65
82
43
16
36
22
67
50
87
34
16
37
6
-11
17
52
34
25
57
34
101
59
17
41
55
36
32
44
-17
75
25
12
68
58
69
75
116
85
113
-26
-20
-18
-20
-39
22
180
227
374
208
84
-24
-126
-202
-205
-195
-225
-89
295
524
321
81
-27
-195
-342
-425
-268
-167
-40
-18
123
132
145
123
107
106
134
128
123
76
60
86
60
52
52
66
59
93
32
77
6
41
37
-8
6
37
49
67
-21
8
-27
-11
-11
72
61
48
55
45
39
-13
24
55
32
19
59
23
53
12
24
25
27
55
60
54
5
13
44
60
44
19
64
56
43
99
57
24
8
13
11
11
72
60
7
16
51
34
2
-11
65
39
34
10
40
86
48
53
49
24
23
0
73
53
128
60
-8
-12
22
-18
44
-5
21
9
68
-1
19
25
27
41
24
25
55
37
42
40
-11
48
-21
12
60
26
-2
67
10
34
59
18
66
12
18
65
35
38
41
56
-10
7
76
34
50
43
17
55
1
38
10
20
-21
59
20
66
21
54
11
43
41
69
22
42
40
25
74
73
28
8
42
23
23
17
50
37
37
24
39
19
59
53
41
13
6
10
34
24
59
33
22
44
-1
25
18
64
27
9
50
33
39
25
28
28
20
39
20
25
12
20
33
21
41
34
8
103
59
55
50
56
55
54
43
66
34
5
3
19
1
5
-2
20
19
12
83
28
20
43
26
18
-3
65
91
-20
58
2
54
51
51
49
21
24
60
5
51
23
34
43
35
45
24
59
55
51
-9
49
122
51
33
67
34
2
20
24
74
55
21
-27
51
68
35
11
21
27
27
9
24
69
-7
25
61
27
50
33
33
51
23
9
6
25
22
48
24
41
50
81
103
49
18
10
33
50
35
3
67
21
41
24
64
10
59
34
35
41
66
-2
10
10
24
2
22
5
90
35
41
44
28
-26
24
6
29
12
17
53
3
54
33
53
51
27
7
10
20
-10
50
70
1
59
50
44
24
87
6
2
7
22
17
21
61
10
43
58
43
54
22
49
-5
48
28
27
33
68
61
5
-11
-23
29
35
21
34
55
56
71
24
6
59
16
44
8
55
5
51
41
59
60
29
54
1
34
2
37
96
10
18
48
28
4
2
84
73
53
3
21
7
23
11
44
56
35
10
42
1
43
50
61
25
5
-3
29
20
4
6
16
-17
53
67
58
16
22
24
22
51
23
12
35
60
25
26
35
9
42
76
56
24
53
36
-7
41
55
51
32
64
-3
85
26
22
48
34
56
54
4
12
40
49
54
38
36
40
51
49
11
43
10
82
68
20
33
20
6
34
-18
-1
29
49
17
96
57
23
38
27
-3
67
16
68
10
43
26
48
-1
9
37
57
21
6
13
19
45
-1
55
53
-28
16
37
20
-6
58
42
80
40
60
35
37
29
44
40
35
-4
42
7
35
-8
41
22
41
10
18
22
-24
10
10
74
67
44
12
52
26
38
48
49
6
-26
81
44
18
40
45
-5
37
3
21
50
0
18
41
73
68
40
35
28
35
7
13
42
34
49
38
25
50
34
41
37
17
42
53
69
28
97
36
9
0
39
36
10
16
7
-30
23
45
55
24
38
18
-4
17
68
74
53