0
35
43
35
38
23
66
26
-7
44
25
1
8
23
33
8
22
23
37
39
50
51
54
25
52
-10
28
-1
12
59
84
12
13
18
2
17
74
70
90
2
20
10
50
3
34
19
-11
8
43
-44
92
57
20
17
10
26
68
69
38
34
8
26
19
73
40
50
39
44
13
38
65
24
74
-2
90
48
43
39
44
8
24
56
39
10
9
12
41
42
5
28
25
55
32
1
32
37
28
-3
35
39
101
49
43
34
32
-41
74
5
38
-17
21
40
26
54
33
-8
27
60
-20
25
43
73
24
86
52
33
-3
58
8
33
6
11
5
44
53
-22
21
26
39
11
81
11
50
35
20
24
44
20
24
13
71
32
-11
42
16
39
19
21
34
98
28
24
55
23
1
25
9
44
19
29
27
-5
45
57
37
8
61
37
64
9
32
34
21
53
56
-13
50
-1
58
-5
5
9
23
11
0
34
68
36
53
12
2
32
23
88
58
-11
4
53
71
44
99
-37
61
26
81
44
49
10
4
-36
-14
5
24
25
24
7
23
6
38
-8
73
11
-2
64
21
56
12
25
29
71
-8
23
52
38
36
-5
60
34
39
-3
44
16
21
60
21
17
36
39
27
54
37
51
-2
35
57
77
146
58
22
-23
5
8
-27
43
10
41
44
43
58
29
10
-6
53
33
35
43
35
21
55
27
83
80
50
8
57
67
48
56
-12
3
-20
59
51
43
23
19
28
24
20
3
93
57
65
40
3
10
18
37
54
-7
2
22
8
49
-2
66
39
38
29
24
32
49
23
32
35
10
23
16
18
24
19
121
36
4
41
45
65
25
38
5
42
28
68
-2
52
35
43
36
70
22
40
28
41
49
38
40
17
51
22
53
23
72
6
34
26
42
28
1
28
13
39
36
43
5
36
60
56
25
50
26
13
53
32
54
49
29
59
48
11
25
65
71
259
55
-5
-41
1
-25
8
33
19
21
64
48
48
53
-5
57
28
56
27
34
26
27
35
28
25
64
57
34
25
27
24
37
44
27
36
36
0
70
-19
32
45
5
42
-25
6
7
21
77
53
29
24
37
29
55
17
18
36
64
60
41
16
4
20
19
76
0
2
76
68
137
41
-2
-8
10
4
53
12
59
19
19
-9
5
32
28
99
215
147
39
1
-53
-60
-54
-13
-37
-23
44
70
-10
45
51
38
49
7
4
52
7
33
19
68
-2
44
38
23
27
49
-4
2
8
40
53
101
75
29
59
17
44
21
27
10
33
19
35
48
-3
35
21
13
40
65
11
-8
-17
35
64
37
36
60
24
42
32
8
48
19
-20
42
32
28
16
19
75
67
9
16
-7
8
39
35
37
20
22
28
57
10
19
13
-5
66
-10
20
53
33
88
12
44
91
26
1
8
56
40
6
24
38
64
12
48
69
20
24
37
22
34
103
16
99
0
26
90
33
33
51
25
-4
32
37
29
8
2
16
13
49
53
6
70
60
49
147
37
26
18
-25
-34
11
-7
7
36
-12
2
4
4
50
16
4
48
18
26
20
52
39
76
-35
51
24
-38
99
4
22
2
33
49
19
1
-7
25
51
16
57
-27
51
-14
51
19
19
-18
1
-4
104
88
-61
-28
-25
-22
48
108
48
-22
38
106
22
42
10
48
-8
22
44
48
44
-129
-38
123
-4
1
81
34
52
-8
51
52
17
10
41
-22
50
83
90
73
4
9
3
72
18
49
66
55
6
12
-18
8
24
37
55
9
61
42
33
57
34
12
26
33
-5
12
65
33
18
92
27
88
19
50
49
80
64
-6
22
59
24
33
16
92
11
40
35
51
51
1
8
-8
89
-11
18
19
11
22
33
11
64
69
10
23
-39
57
12
57
54
56
44
45
7
54
26
17
27
48
40
49
57
69
37
55
49
52
67
52
22
28
-35
-45
8
-5
6
35
60
39
13
82
51
4
16
-33
0
49
33
71
52
20
39
45
41
23
7
33
35
36
20
11
0
104
68
108
2
91
27
-10
4
-1
37
-42
58
57
34
36
-3
19
65
-35
44
20
66
80
-33
64
40
51
65
10
32
18
8
41
40
1
25
32
35
4
32
51
40
53
59
7
8
-3
66
11
68
50
21
52
38
53
1
16
-4
68
49
24
13
20
32
-3
2
19
10
21
8
16
72
33
12
27
20
-2
34
101
12
37
36
67
55
68
42
29
39
3
60
40
8
32
7
11
43
13
82
54
22
44
57
28
60
10
33
20
48
27
42
-18
45
13
57
53
52
10
27
-22
-9
55
73
9
36
121
55
105
1
17
-19
-43
-23
-12
10
48
35
33
13
6
73
49
81
42
35
64
34
16
-8
75
172
32
20
-22
34
-26
21
21
16
43
45
20