0
24
-4
44
68
33
50
-8
21
-18
27
58
22
24
26
11
38
40
12
12
49
27
51
8
-17
9
77
24
-20
26
72
24
90
42
-2
2
54
113
76
50
12
-14
11
67
7
-20
8
65
5
84
19
58
-6
4
12
1
42
24
52
32
9
49
27
4
22
49
49
52
59
32
24
35
-10
41
20
64
60
11
44
42
18
17
43
85
69
88
49
26
4
0
-27
2
9
36
-2
-14
-5
77
43
68
82
66
41
18
23
6
69
39
57
25
36
35
-2
65
33
32
37
-17
12
25
25
67
27
37
38
35
57
-29
138
112
20
7
1
23
-14
8
18
18
10
12
4
21
13
67
69
17
27
23
12
32
9
34
49
41
12
24
3
34
53
72
20
9
66
57
16
2
35
18
-13
56
107
86
23
35
21
-13
213
146
22
2
-40
-70
1
-42
6
-1
44
13
43
53
22
48
20
43
4
42
7
65
48
60
27
10
49
32
45
37
38
12
41
66
17
37
8
57
41
21
10
2
36
3
17
44
56
10
52
33
18
-18
3
5
52
39
26
53
34
18
72
19
56
48
70
32
33
10
23
10
5
36
17
51
37
114
23
49
76
19
-4
41
20
34
-1
39
26
43
11
52
26
18
16
51
80
18
40
9
27
35
23
11
23
65
8
72
7
43
49
50
11
41
45
38
-44
36
64
35
20
9
1
21
22
9
-5
26
50
-1
75
20
16
70
67
28
60
9
7
42
43
33
9
51
39
51
26
8
43
37
19
3
29
69
40
50
7
21
50
24
42
9
22
22
34
45
38
36
55
68
27
28
39
8
9
22
8
25
32
38
17
64
2
27
19
29
-3
36
52
26
-4
23
80
52
29
4
56
-5
26
39
21
73
35
39
5
24
12
36
40
35
39
6
29
50
45
13
29
37
-5
16
34
91
18
65
70
41
-9
-19
-1
0
34
55
33
51
6
11
1
13
8
33
65
41
60
-9
18
9
16
34
48
67
29
7
13
56
72
12
26
41
36
58
12
22
7
-17
67
18
-1
-25
22
42
32
5
64
21
39
56
48
36
12
48
92
58
43
33
38
-12
58
45
25
34
12
10
21
50
41
13
19
28
44
12
24
65
27
34
22
34
45
54
21
11
38
50
43
20
-12
8
56
27
51
24
18
22
43
28
17
6
22
41
37
45
29
41
36
12
20
3
98
74
59
48
22
64
1
20
45
54
22
26
32
3
13
49
5
-2
2
56
35
33
13
28
39
37
38
36
40
55
21
57
8
17
65
50
34
36
26
70
40
42
-18
16
34
25
55
38
54
23
17
20
2
65
-4
82
57
64
37
6
21
-7
12
49
21
23
17
17
54
44
28
51
-6
9
21
-2
64
23
19
-5
37
40
48
26
33
54
6
49
8
29
19
3
26
40
-4
7
23
26
42
51
12
-8
42
43
18
43
42
26
21
44
34
55
-41
86
42
60
48
41
7
10
20
56
50
-2
54
74
22
36
-1
43
26
49
39
43
11
40
3
33
7
38
23
32
24
41
36
32
40
16
32
49
17
39
50
43
23
59
36
65
28
27
4
39
50
41
23
9
43
44
-10
6
-17
27
57
37
-26
-1
55
37
28
8
5
82
56
34
50
71
-2
73
22
50
38
-3
-6
-11
57
18
54
51
45
39
-8
12
37
16
53
18
-11
106
44
39
58
52
6
54
10
37
53
71
8
33
19
61
4
50
-11
21
12
27
28
53
35
9
8
25
42
50
55
13
39
56
11
49
66
80
23
23
27
-23
73
17
36
17
42
40
18
9
21
21
36
16
17
26
8
20
69
2
25
72
-4
49
13
50
21
71
16
42
13
35
-26
-6
-8
61
67
57
45
-9
34
44
22
39
39
34
37
13
13
52
50
41
2
27
0
38
-1
56
54
43
76
85
23
-5
-11
72
-3
21
52
39
53
38
-22
4
40
41
71
-8
-11
24
26
50
7
40
34
51
28
43
29
42
21
33
-10
2
67
16
35
64
42
49
17
-23
43
40
48
36
38
25
65
98
58
60
48
32
2
16
0
25
11
39
27
83
57
48
8
69
8
17
19
77
39
22
10
6
41
48
58
93
4
28
26
1
18
-34
58
50
82
13
9
39
40
24
44
70
20
44
0
25
28
20
42
19
59
40
69
60
8
58
41
36
35
-23
23
66
45
38
2
-10
25
57
21
10
3
68
85
24
56
27
12
22
27
9
69
58
10
12
1
37
13
-6
29
49
41
96
61
7
-3
43
65
51
24
43
24
36
12
-10
4
37
66
5
6
96
58
28
64
-13
101
59
16
4
128
16
33
19
131
16
64
114
-24
-27
32
-6
-8
2