0
74
102
16
109
164
249
505
361
214
136
-6
-85
-87
-74
-180
-131
-242
-310
-334
-332
-249
-162
-85
-14
76
124
144
162
184
180
145
74
147
123
23
123
57
42
77
42
88
66
24
28
53
25
-4
60
1
56
10
73
36
33
17
8
-29
12
77
21
59
42
80
38
76
59
27
28
41
29
23
55
18
39
39
34
8
-12
-4
20
25
60
43
44
33
16
56
56
27
25
71
38
57
3
86
22
45
44
22
55
-4
25
54
60
34
34
34
-34
-11
1
66
38
-25
22
48
33
29
88
0
27
82
44
27
36
69
45
23
19
22
7
66
43
5
83
43
19
17
18
49
70
54
9
138
58
24
25
17
44
12
6
16
60
6
50
6
-10
23
39
49
59
71
8
16
-6
43
40
91
91
49
83
58
2
19
17
42
-97
-74
-76
-84
19
2
3
-12
40
57
35
48
72
67
53
7
-3
60
-11
113
-4
-46
5
306
227
179
57
-50
-38
-104
-81
-85
-3
-50
26
55
28
41
20
36
44
12
6
55
8
43
59
1
32
48
-9
19
37
42
57
50
83
49
55
34
20
-11
24
5
28
53
40
34
23
48
68
45
44
43
24
17
61
20
-3
45
55
52
41
3
42
39
8
64
59
33
40
20
6
22
42
52
38
-1
39
52
67
28
-17
-3
23
23
4
21
52
52
84
19
52
39
11
112
16
26
42
23
-11
43
29
90
48
56
-19
41
10
24
-14
52
33
25
33
-14
43
-8
36
8
7
29
-6
9
55
19
72
34
32
55
-11
7
2
53
50
20
38
-24
51
54
36
39
48
21
5
50
23
43
44
55
50
33
36
-14
21
19
52
58
40
27
83
41
34
54
39
4
13
16
26
48
16
8
73
57
55
36
214
203
57
8
-56
-18
-98
34
-26
-13
4
38
17
48
74
20
28
58
42
20
120
-40
4
49
58
12
2
24
21
69
41
33
80
33
-22
87
43
-1
54
56
82
27
60
34
74
6
36
35
28
-19
11
51
87
24
38
66
50
32
17
7
16
22
33
81
40
38
56
34
11
-10
-2
34
22
3
66
27
25
41
44
11
16
33
44
7
32
34
10
70
83
26
40
50
39
9
37
52
36
0
40
4
53
64
60
60
28
55
24
33
19
-37
-9
6
25
-21
48
-9
18
72
43
49
8
26
44
22
54
64
-6
27
35
21
29
71
0
34
21
66
55
27
34
12
80
43
55
-29
39
64
66
-4
49
11
-10
28
37
16
75
59
34
61
103
7
20
41
25
45
1
-8
25
41
60
38
20
-39
28
35
19
17
66
27
33
50
21
48
43
6
12
88
-21
20
28
25
49
90
54
54
71
120
148
70
68
60
33
-101
-51
-29
-54
-33
-3
-25
7
59
36
70
28
33
2
64
5
43
29
48
56
32
86
27
25
70
32
25
70
1
21
2
8
20
44
43
65
-10
25
66
-4
35
45
32
32
20
60
32
35
75
33
33
34
28
9
67
67
42
21
51
25
21
50
25
27
38
25
41
76
32
27
25
36
6
28
6
16
29
21
51
17
7
60
-22
40
73
9
32
53
6
11
22
17
36
0
-11
33
76
72
18
100
4
-12
34
28
36
38
-8
32
75
57
58
8
39
65
-8
34
19
21
21
6
51
23
38
21
55
17
44
27
20
76
44
37
9
65
22
60
2
43
88
36
-8
27
57
9
59
70
53
119
185
226
153
28
-102
-195
-170
-119
-36
-38
-65
-24
5
28
34
49
50
51
61
59
50
24
39
39
39
49
35
49
89
33
75
25
0
34
50
-17
68
48
37
38
18
26
9
21
44
28
67
32
39
-6
7
44
21
-17
38
3
-25
-2
71
44
48
43
18
28
18
8
-10
18
28
28
53
72
88
40
44
9
48
35
26
57
37
74
85
-22
53
32
61
39
4
75
41
-45
10
2
32
39
65
71
-8
32
25
41
18
55
44
52
56
18
57
4
19
-3
12
65
16
-33
56
8
23
55
40
21
41
19
35
4
-6
33
17
58
35
84
12
29
32
27
-24
50
35
-41
35
37
33
24
24
-1
64
33
57
87
50
-38
24
44
66
16
19
21
-11
60
67
50
72
51
-18
37
-10
34
0
39
-5
50
22
-4
49
24
19
22
87
35
41
35
52
50
27
25
41
64
39
23
17
24
39
16
27
68
50
6
55
34
64
113
7
12
22
57
20
39
28
54
38
-21
-28
26
24
-17
4
23
23
26
10
28
42
49
7
22
76
54
-1
21
39
12
37
17
33
40
12
68
49
24
27
23
67
18
37
33
-5
67
3
18
61
11
39
107
67
-4
45
-1
-17
44
1
-28
0
-13
-9
70
38
18
34
7
86
34
40
36
57
49
33
-12
59