0
4
43
67
70
52
0
36
-9
59
23
40
34
-1
-18
90
105
49
20
33
-19
-4
25
20
33
-11
2
11
55
77
56
52
76
137
85
4
-23
-41
-10
7
-50
24
48
51
52
4
25
16
-19
-17
39
64
24
50
101
107
69
32
80
51
52
59
29
44
43
13
61
-17
-3
16
21
-11
57
65
52
55
23
33
20
39
33
11
-26
-10
43
19
49
21
24
41
45
27
56
35
6
-42
1
20
60
-2
7
38
41
-4
3
42
56
16
53
19
16
52
40
24
24
68
54
40
8
32
29
76
27
43
-3
36
28
65
16
27
43
28
61
18
55
44
17
52
24
24
51
43
93
32
75
51
38
53
43
18
16
42
74
57
48
19
23
6
20
23
45
57
6
56
2
51
38
58
19
2
21
-2
2
48
45
7
27
38
-11
2
-13
57
80
27
8
-17
43
39
24
52
37
-4
36
56
98
74
65
-1
-7
10
21
21
32
33
42
-1
36
42
58
52
55
17
28
10
21
25
26
66
51
28
-20
11
-8
49
28
38
73
28
52
27
52
37
58
74
27
28
-52
92
69
52
-21
-1
1
-2
28
35
-4
24
40
44
37
43
38
85
77
0
35
50
33
21
68
93
25
40
22
4
0
-3
8
23
25
-2
0
-3
1
-6
32
52
53
92
102
43
-8
17
-60
3
48
52
-4
2
23
3
25
26
54
12
8
67
21
26
29
70
25
75
66
61
44
68
59
39
13
36
6
25
9
26
44
37
36
41
35
40
10
84
54
36
32
42
36
17
33
42
24
21
-8
28
34
60
32
3
5
52
28
44
81
21
20
37
57
42
74
57
34
45
33
41
16
5
43
-1
41
70
-6
-19
1
59
71
34
19
19
70
56
7
23
51
33
24
0
64
38
41
21
57
51
10
-2
21
19
45
12
4
55
40
27
18
71
-2
3
49
-12
38
19
45
24
55
69
53
55
40
13
50
52
67
8
28
-8
44
7
-19
18
20
70
53
24
22
25
28
51
38
9
17
18
23
-6
60
59
16
36
43
44
53
17
53
-10
49
57
-3
51
38
42
22
34
34
24
39
0
17
51
61
35
48
53
1
24
17
33
6
64
44
16
36
23
72
12
42
48
54
121
24
-20
-36
-24
-12
52
3
80
9
107
48
40
1
74
-9
27
49
37
41
67
2
-21
61
42
35
44
-1
64
54
6
133
-1
44
50
10
4
1
41
67
42
38
54
-6
23
40
69
10
49
39
13
34
67
26
16
2
54
56
56
72
33
-21
-13
-3
44
27
44
54
52
1
49
67
-7
32
34
23
-39
132
44
-10
5
22
34
27
48
-45
-132
-243
-130
73
247
227
245
164
103
107
70
49
1
138
125
58
4
-67
-154
-25
-33
-88
-139
-134
-35
8
26
122
172
180
19
-125
-195
-221
-155
-39
-243
-434
-531
-363
-226
-101
-52
-29
-11
-7
236
337
251
176
58
115
184
359
50
-242
-170
-119
-129
16
157
5
-147
26
629
378
456
470
498
454
339
320
232
140
163
132
161
194
133
141
134
161
96
72
12
17
144
146
123
-25
23
6
65
-23
-21
-35
11
51
34
6
-10
-8
52
48
-12
-58
-89
-178
-89
-82
-65
-77
-27
-38
1
2
-4
-58
-88
-11
57
22
39
-14
20
97
96
13
26
48
-8
12
-12
-10
17
87
17
29
74
70
87
17
39
25
8
-18
-14
5
-2
-24
-26
60
86
40
10
35
21
38
17
13
10
29
40
33
44
69
20
84
7
50
-1
33
7
29
8
29
-10
28
38
72
2
40
38
2
51
99
42
50
49
5
25
61
54
19
16
-9
20
18
23
16
60
5
-9
17
60
38
1
10
12
13
-17
29
33
25
83
65
25
11
80
12
51
54
34
49
48
43
20
41
10
67
48
65
6
50
4
26
40
40
5
37
49
67
34
54
52
42
29
68
43
19
36
54
65
55
-19
8
32
-21
34
4
80
27
28
10
49
85
12
19
26
12
103
26
53
18
35
64
37
28
20
0
35
4
22
51
54
25
28
34
42
24
27
27
66
35
24
12
16
16
34
59
23
23
40
67
67
4
11
17
-5
58
80
20
-8
91
35
18
-22
39
-25
28
50
-7
50
-2
24
41
37
36
48
26
40
52
38
49
25
13
20
61
18
36
20
89
-4
71
51
32
23
59
-52
151
124
38
-12
-19
-12
-13
21
61
22
22
50
71
16
39
23
45
19
59
22
6
-7
34
-2
74
0
52
24
89
76
108
25
17
-23
9
-21
17
48
2
48
44
34
52
55
44
27
57
34
70
65
89
52
19
-30
27
33
50
52
56
39
33
19
36
59
28
64
20
4
7
24
16
44
29
22
39
59
12
21
8
19
-7
49
56
27
50
33
8
52