0
84
-11
35
24
5
42
57
11
24
44
34
57
-27
3
-29
53
54
51
66
67
80
21
13
40
-9
-12
36
6
72
71
49
56
1
40
-22
-8
-18
23
65
11
-5
60
42
11
74
59
115
42
22
49
-17
-6
40
58
38
27
55
1
-5
68
0
68
9
23
2
13
56
22
67
36
4
6
40
24
50
34
42
5
21
17
49
74
20
4
2
-12
29
37
39
18
27
91
33
49
23
71
55
26
40
35
33
8
39
33
36
0
11
38
43
36
18
57
12
16
58
35
9
66
40
52
19
34
51
55
-4
60
81
26
19
56
27
-9
60
22
17
53
-11
-5
40
43
33
56
21
50
2
34
11
75
77
29
25
9
39
27
42
49
48
39
27
-9
35
26
9
25
38
28
1
66
42
-1
64
25
12
19
10
12
21
1
50
27
21
49
-20
34
32
23
54
45
41
-10
71
23
9
49
49
25
48
38
45
104
44
7
-4
-2
-5
26
26
39
29
12
-1
20
56
45
56
35
91
44
36
33
55
18
24
38
25
17
9
25
6
21
18
36
36
27
33
50
25
54
32
22
49
45
53
65
34
21
-1
26
1
10
8
38
37
22
85
51
-1
12
25
-19
34
32
12
68
42
48
27
2
23
27
81
41
36
44
3
53
18
23
-7
40
19
18
20
40
-4
38
61
67
56
9
17
12
22
24
33
21
2
74
48
41
7
38
1
35
51
51
72
24
-7
32
20
-11
17
33
-19
39
45
77
76
20
7
39
17
17
48
18
57
13
50
42
1
10
36
35
24
33
-2
38
26
69
32
12
44
90
75
-21
20
-38
16
7
82
41
27
52
48
39
57
23
54
38
-1
12
12
28
7
40
2
26
23
-12
20
67
38
96
103
43
2
38
23
27
29
41
33
34
17
61
1
38
11
11
5
29
49
57
2
89
2
4
65
11
-8
41
40
0
16
54
48
13
39
22
33
34
42
-5
21
38
53
22
36
51
38
56
34
85
66
12
-8
-19
-20
57
37
-22
67
61
9
10
7
32
49
-11
19
49
82
49
0
42
-17
38
55
21
41
10
77
25
39
-9
-28
42
35
59
70
18
-17
24
20
61
54
9
85
32
8
13
-18
1
17
49
44
-13
81
40
17
64
36
-2
20
71
-58
43
64
72
37
18
-23
37
61
50
54
56
-1
22
44
17
100
20
18
2
66
33
32
39
38
84
6
22
73
3
32
-42
-13
40
76
57
88
38
3
59
33
68
51
61
12
-10
33
23
73
54
71
185
173
128
43
-46
-197
-179
-138
-36
-29
-20
6
92
35
26
38
42
23
17
1
55
67
51
18
85
53
40
1
44
26
54
66
9
50
25
36
53
25
48
2
20
51
45
21
10
98
45
42
43
53
38
-10
36
27
51
56
10
3
9
27
32
32
21
42
34
44
41
24
9
49
23
49
80
82
26
52
51
41
66
20
-4
-6
27
6
26
-37
8
20
40
-1
50
77
18
18
9
20
32
100
-41
20
13
39
105
-21
49
10
55
42
39
18
131
22
27
23
55
5
44
-9
-99
58
4
48
57
90
51
2
49
23
-8
35
2
73
45
43
23
7
3
17
19
66
48
101
-7
82
25
-2
66
12
36
1
25
100
60
70
72
28
19
21
24
20
-3
-11
83
26
72
23
24
19
67
49
24
90
76
57
34
-1
9
-9
5
3
-18
21
65
43
25
23
103
36
42
58
12
41
44
-13
52
16
51
25
52
53
1
83
44
73
65
27
55
41
59
60
86
16
24
23
43
34
42
51
-22
50
35
-4
21
50
36
16
19
21
53
-2
20
33
69
23
34
8
-20
76
18
27
36
59
34
2
10
24
67
42
-9
42
28
29
21
16
51
3
57
51
66
86
-37
-4
35
37
21
7
48
8
66
44
26
17
84
38
2
18
-34
27
0
10
16
6
49
17
56
21
52
26
56
0
52
35
43
0
96
22
43
33
53
-6
48
37
25
-25
23
12
33
-10
23
27
54
17
24
8
41
44
50
68
-2
23
42
22
44
58
41
19
32
65
33
99
8
22
54
36
22
-70
69
58
55
48
39
41
26
10
51
51
10
34
28
7
57
1
48
-2
37
21
13
45
10
8
9
18
23
28
56
36
18
28
67
36
106
48
-6
1
-5
-38
11
23
26
16
44
51
40
34
48
27
55
25
51
43
54
56
44
35
48
65
17
25
49
10
57
60
49
51
20
5
7
25
37
39
88
72
35
28
29
7
32
41
13
52
43
8
33
48
21
26
21
10
32
58
32
7
-6
35
32
28
36
60
54
39
5
23
13
32
18
10
19
-27
-28
21
16
71
41
48
-8
-4
22
34
10
-6
27
-6