0
39
165
71
-29
28
56
-50
-41
-44
-72
-85
-51
-73
-33
6
-89
-35
1
-26
12
-1
-51
-23
12
51
52
32
12
68
11
-37
-19
32
58
34
102
103
41
53
74
-27
32
-11
-8
-12
33
16
16
52
71
59
83
104
72
77
44
71
-5
101
72
45
55
7
11
73
26
-2
-5
56
48
22
90
36
18
61
10
37
41
44
26
11
22
20
73
53
64
7
-11
-2
36
66
70
22
81
-39
64
-14
24
60
91
34
27
57
118
-26
104
75
6
84
1
36
1
-11
21
-33
5
76
51
56
12
35
4
83
108
41
12
3
23
26
44
82
44
7
34
40
6
10
-9
40
52
29
101
59
70
2
26
0
-2
13
-4
51
23
4
-25
71
37
38
9
10
-17
-28
-11
27
36
86
42
43
35
28
1
12
21
43
42
39
51
-10
57
24
16
6
26
27
44
13
10
68
43
64
88
196
29
-7
-61
-24
-60
2
53
18
5
32
25
70
29
48
16
12
48
24
17
60
64
58
60
10
21
32
21
20
7
56
43
76
11
9
59
45
-7
10
55
49
60
37
27
6
72
24
27
43
51
-11
50
64
16
10
27
41
35
41
64
20
50
-9
5
-4
21
60
0
6
40
42
71
67
25
37
85
58
38
8
13
23
4
64
75
17
40
34
-9
54
39
11
49
49
50
49
33
-43
76
22
24
37
20
56
44
35
11
29
75
37
49
34
1
33
73
17
-4
43
-5
9
18
74
55
33
59
35
49
-2
13
18
59
7
50
51
16
13
23
21
19
24
-3
49
3
71
48
44
12
67
11
-8
28
59
40
22
22
-12
-8
3
13
56
65
53
-12
42
28
20
8
7
7
60
50
37
52
22
71
44
10
52
19
43
55
7
10
32
48
66
34
45
19
45
26
60
-22
37
51
19
98
82
105
123
36
-4
-59
-75
-59
-3
-17
-17
80
69
41
22
3
87
36
13
84
43
50
58
33
18
32
53
8
105
51
24
59
28
12
65
105
70
42
-18
11
-3
-10
34
11
40
7
49
54
33
57
-38
13
43
6
21
40
39
29
29
16
37
28
-21
35
-4
43
71
32
21
36
23
72
41
19
10
32
64
52
55
26
4
-13
38
60
24
38
58
23
44
42
37
43
-5
11
35
2
42
54
24
64
28
-4
41
10
60
43
48
69
61
22
32
45
-6
-2
61
8
57
69
27
34
-19
49
44
3
33
7
22
6
55
84
41
96
26
-3
12
-30
-4
36
38
34
25
32
8
85
54
22
53
9
-9
42
35
52
28
39
17
27
20
38
38
51
44
29
55
26
22
57
48
25
9
57
53
33
68
40
56
64
1
-11
23
-1
12
-8
7
9
6
-34
34
18
35
11
10
35
65
9
7
91
10
-9
37
91
60
75
75
77
56
41
5
16
23
32
41
65
5
44
5
37
39
-24
22
19
40
10
151
121
25
3
2
-40
13
-33
38
45
10
-18
11
87
48
51
26
35
8
73
36
64
33
32
57
34
20
67
42
5
20
58
36
43
32
28
53
28
12
17
22
20
57
29
35
49
41
33
39
76
12
6
-34
-9
6
36
41
9
20
25
3
72
-3
74
74
19
12
59
69
65
54
-4
48
54
51
61
24
25
38
58
9
38
72
97
209
75
-41
9
-52
-9
24
-19
10
18
19
-5
26
57
48
55
17
58
16
67
37
-19
40
48
8
-5
106
48
33
6
38
-3
55
59
57
28
37
52
7
50
26
57
25
49
49
26
55
6
43
36
34
34
68
57
36
50
58
34
9
27
27
27
32
60
13
8
17
71
17
26
56
-4
49
27
11
-2
56
69
39
39
40
21
53
20
3
27
29
27
-2
37
11
52
-3
55
17
67
3
81
58
26
39
39
-1
11
59
64
33
36
32
51
18
11
17
69
68
28
33
34
40
13
-2
43
57
49
5
34
44
22
57
12
27
64
19
49
16
2
23
22
29
36
29
54
34
25
28
53
10
8
42
-19
11
29
36
50
99
73
20
37
72
22
26
52
-5
44
10
36
5
11
39
42
19
34
43
10
25
0
40
26
9
8
49
20
45
57
66
37
43
-2
22
25
43
36
28
24
56
-10
24
11
9
16
9
18
161
182
163
65
1
-82
-53
-77
1
34
-17
5
24
4
37
72
-4
40
19
51
82
56
11
75
50
40
22
16
39
43
-21
7
27
-12
38
12
26
48
60
22
19
23
61
59
-6
33
21
16
66
-10
13
65
20
32
35
40
54
-17
52
17
33
36
1
10
38
29
50
12
33
52
25
24
75
73
48
37
71
-3
18
6
59
11
67
-1
-2
7
20
11
13
38
22
35
91
25
16
80
42
-4
7
-7
50
6
12
48
4