0
54
25
21
-8
38
-22
34
20
49
34
33
53
52
58
40
-6
41
2
5
-44
22
89
72
20
85
37
-13
11
48
41
39
40
39
76
24
1
82
37
29
86
36
45
27
22
-12
-52
49
58
24
33
-52
12
19
34
7
17
0
83
67
-6
-39
87
70
38
32
37
18
25
52
57
76
18
20
21
132
6
48
8
-17
8
-1
35
58
36
36
148
-19
60
-67
59
75
39
9
108
-44
83
43
16
-54
39
67
8
-9
-21
57
37
57
32
6
77
10
-44
87
-4
84
-38
-20
-6
76
24
66
69
55
108
18
67
36
102
39
-24
28
-29
76
-3
77
34
33
0
35
-1
74
40
5
-6
71
25
19
-12
-21
20
69
35
23
58
-38
72
48
16
9
-14
-18
81
71
9
66
-13
87
-68
83
60
59
42
34
41
-13
36
2
28
38
0
74
-2
25
19
76
-6
109
53
75
19
50
17
9
6
70
66
28
22
67
16
10
107
-13
65
44
-17
74
27
27
83
-12
42
-52
91
71
-3
43
72
-26
7
36
5
19
13
56
76
10
44
75
41
4
-23
23
65
74
29
-13
89
12
42
2
38
101
-13
119
5
52
23
34
3
60
5
60
21
21
85
42
56
-5
37
-40
-26
91
64
-6
71
28
64
99
97
-9
0
53
69
-20
-20
-12
50
72
44
-13
72
-7
51
16
44
-9
106
55
45
13
18
71
118
75
17
68
34
66
48
54
36
-42
-7
9
44
55
1
27
-40
124
35
33
96
-23
66
65
26
-25
90
3
57
34
82
-24
22
-4
17
73
75
20
24
114
7
11
101
59
-27
22
76
18
29
6
66
27
-34
24
20
34
11
32
70
-25
86
-25
0
-6
83
27
42
40
23
-10
91
36
17
74
-12
59
52
9
-11
48
92
5
64
2
-3
11
50
3
39
27
17
25
17
59
103
93
17
96
59
67
-44
65
-69
26
17
35
69
25
32
128
70
10
52
22
41
10
28
34
20
48
102
-6
88
34
-1
39
-1
66
71
-12
74
81
-34
28
-5
-66
42
-7
54
28
73
-8
45
55
39
-42
86
-18
9
117
40
53
52
72
-9
4
32
37
49
6
-23
45
36
41
53
53
18
-25
-2
36
28
3
66
2
37
-43
40
71
-10
43
-41
52
73
89
44
-1
12
91
21
45
57
-6
70
48
-13
29
42
4
-9
24
-12
-8
75
25
-28
22
37
27
3
84
48
-4
-23
49
77
27
86
-18
12
28
18
-11
-5
19
35
50
-2
37
-10
-38
67
55
66
35
-7
34
28
75
-22
64
-40
91
91
39
-4
-23
58
32
66
33
16
-1
99
6
59
-12
51
60
48
-3
80
34
50
50
16
51
22
23
27
-9
4
65
108
8
5
-1
71
25
-2
68
9
40
43
54
60
42
0
68
34
-14
125
-26
-4
59
36
25
98
74
105
106
-13
8
28
81
19
17
16
24
77
49
-39
61
26
26
-10
98
27
39
10
51
19
80
76
-4
32
74
-7
27
49
41
105
-1
56
6
36
53
55
-3
38
-28
7
52
41
-8
117
23
33
45
-5
59
16
50
50
-10
51
52
56
40
1
38
-50
3
42
116
19
22
18
19
29
10
22
72
17
0
-69
66
44
33
74
54
53
32
-10
54
38
71
35
-20
51
71
20
57
20
65
104
-53
64
-28
34
9
88
6
91
49
32
-35
73
2
36
112
18
40
51
19
49
-38
13
9
66
-69
49
24
53
71
67
-2
70
-13
12
16
40
-11
49
32
-28
37
17
50
49
9
-23
40
123
90
-12
16
0
66
90
38
41
48
-19
29
41
26
73
5
-10
26
-39
48
-22
-2
57
44
80
-68
41
-50
24
77
0
22
89
56
-34
21
16
54
12
-5
-44
91
50
43
39
12
40
70
74
39
184
-58
25
-23
59
84
88
23
55
77
4
28
66
26
11
-18
-35
80
-11
85
43
24
-17
60
27
24
64
16
49
33
24
75
37
49
-41
100
12
-13
88
37
37
19
-25
-23
57
74
19
24
18
106
24
12
-28
147
-6
57
51
-39
54
-18
49
34
28
17
-4
22
24
58
56
59
-17
138
16
-10
86
68
43
131
64
33
-10
54
40
60
-12
-4
55
-5
0
-55
34
87
-39
49
80
18
22
-5
1
82
-13
20
0
48
125
54
-10
45
76
23
22
17
59
-2
-58
28
7
-11
32
-35
68
19
117
64
38
22
-8
19
98
80
26
28
101
60
-17
11
41
-1
49
40
9
1
-116
-3
42
44
-3
-2
69
80
68
1
2
36
-29
56
10
57
93
19
2
26
34
21
59
33
-18
10
38
82
3
64
75
-14
41
72
22
-21
75
36
42
82
93
70
32
19
9
81
40
37
-19
4
16
75
70
-26
66
3
-6
59
103
32
68
68
51
-40
51
32
-29
6
35
59
38
37