0
27
51
59
-6
73
27
2
76
67
29
82
-10
73
88
-23
-38
-8
53
39
80
1
22
-41
-18
96
136
32
9
-20
2
5
-7
-7
4
10
-21
9
-5
-44
48
89
37
84
112
4
58
-11
-49
-35
7
-6
2
72
28
74
25
6
-1
64
73
64
54
71
11
23
59
80
-145
106
61
50
20
60
12
28
1
128
-5
5
-28
57
21
70
82
35
-8
86
-14
3
34
60
-8
100
32
-53
28
131
-7
90
8
-24
-40
-36
20
71
-8
-28
0
-4
60
16
60
40
64
37
34
65
54
24
2
8
53
39
13
-5
51
42
59
71
4
19
7
35
24
16
27
42
34
60
1
72
43
32
27
-2
-6
24
40
4
66
57
0
36
25
3
-23
49
24
37
20
80
-3
27
-6
4
67
-4
51
20
-21
33
52
37
88
20
68
45
56
52
38
10
25
21
41
-13
45
38
59
51
17
74
89
91
60
-22
56
-2
18
74
50
-2
84
59
88
56
1
59
-35
-24
28
-12
-12
19
87
102
6
55
-50
59
49
51
69
71
56
5
43
36
70
92
28
33
33
2
26
41
54
37
52
11
33
1
26
27
35
44
54
43
-2
-2
67
4
36
51
28
107
20
24
21
27
41
21
50
97
38
74
11
23
-13
16
16
25
39
43
16
33
40
-25
27
56
55
-38
89
34
66
17
41
73
-22
24
12
6
20
57
72
57
-43
38
33
-13
41
48
19
51
50
39
49
75
45
36
53
41
21
16
22
-11
42
29
81
48
86
34
13
24
12
26
73
9
-9
16
-9
7
20
73
-9
68
19
35
48
33
-21
45
42
68
82
16
44
36
32
-2
29
45
-17
-12
32
28
28
41
45
12
-9
9
-1
57
24
33
32
-2
-20
68
20
0
10
20
-17
6
36
54
18
8
39
39
26
41
73
37
48
41
48
68
24
10
34
64
43
3
17
42
3
-35
66
3
29
64
69
6
2
-9
51
24
18
43
10
55
25
33
11
27
69
4
38
-9
23
42
34
19
49
12
48
16
2
22
3
22
91
5
42
-3
12
55
50
48
40
40
53
49
32
9
40
19
115
-20
29
26
0
68
5
23
27
7
58
57
34
36
21
20
12
-5
23
48
40
37
55
9
44
42
59
34
32
9
19
28
24
7
-2
36
7
48
26
16
59
28
21
6
26
60
34
51
55
20
27
20
42
21
18
21
-2
20
-10
40
32
59
43
39
38
-1
42
11
39
41
28
52
69
10
28
20
55
42
25
37
17
5
-10
-9
38
68
21
50
-19
66
20
-21
64
70
20
65
25
20
33
81
16
66
42
35
51
55
17
35
16
22
-23
24
60
39
74
-5
49
3
34
18
2
24
36
33
53
-2
5
36
-6
34
43
56
39
50
19
35
20
35
60
-7
44
49
-2
16
41
22
21
49
24
34
28
50
58
37
7
50
52
28
32
38
-5
40
25
1
49
37
18
24
40
37
53
16
39
44
2
9
48
-1
35
7
36
22
81
21
35
36
8
4
-23
60
32
19
9
18
11
53
12
49
17
36
58
24
38
41
76
27
16
24
32
1
11
50
5
43
35
55
71
41
45
-38
57
8
24
66
45
12
11
10
42
38
53
71
64
7
19
48
34
39
11
50
-1
-17
28
3
7
22
55
40
21
39
25
16
81
83
23
38
-29
8
53
48
21
9
3
4
35
77
29
2
34
35
44
33
76
17
60
72
66
-19
41
34
-2
51
11
21
36
18
5
64
-7
67
24
11
44
53
51
48
80
28
51
50
11
54
43
91
43
60
16
33
44
21
68
25
50
53
-27
36
37
24
32
27
77
44
39
8
2
40
51
74
53
13
3
25
0
9
9
1
25
27
11
7
25
25
29
52
32
3
-8
51
5
35
7
60
34
4
-10
51
90
61
53
34
20
42
53
8
-7
24
72
48
60
43
13
42
37
60
-1
26
51
41
-4
25
28
70
50
67
33
89
42
28
-1
64
40
19
1
52
26
76
24
37
49
66
36
38
4
35
33
-7
38
10
3
75
-10
-26
58
4
51
48
34
-27
-1
37
29
22
18
51
117
18
-10
54
12
51
72
68
16
64
-23
-21
68
-11
27
55
68
42
22
-4
65
58
4
-5
2
12
33
23
9
28
43
19
29
-6
32
38
4
54
29
16
42
61
0
38
37
24
43
68
40
17
19
83
68
-3
26
50
18
50
21
-7
27
-11
49
23
26
12
76
58
33
45
55
24
0
56
-18
-13
20
37
-4
16
80
39
7
41
33
27
16
34
81
34
23
20
0
52
73
98
123
131
140
45
5
-103
-120
-116
-67
-97
-28
-98
-21
73
55
52
2
90
120
73
7
-42
54
44
3
3
76
77
36
50