0
8
7
26
4
42
43
57
21
5
20
13
36
34
49
64
39
34
-21
8
23
58
-3
27
32
69
91
72
66
-19
19
19
24
37
54
44
28
83
74
19
25
28
1
8
40
48
36
9
7
-17
45
-4
-2
-6
20
45
38
73
1
37
-9
-7
43
41
41
34
71
35
33
49
37
2
6
34
57
11
37
11
40
23
45
20
18
18
59
27
33
32
34
11
39
16
50
18
43
11
52
19
33
64
5
22
36
13
4
4
69
105
75
6
-24
-3
48
48
5
40
53
26
57
42
57
-11
41
33
52
36
41
27
5
2
103
26
49
49
37
-3
34
33
45
44
72
22
41
38
4
-18
33
12
39
52
24
20
11
49
22
37
6
20
38
68
39
-13
7
3
8
25
59
41
76
44
58
53
59
80
41
52
68
52
20
36
67
5
11
19
51
-11
26
36
69
86
-1
-1
13
0
33
41
26
28
4
55
102
34
18
2
55
34
25
58
-25
20
43
12
22
57
33
60
57
22
20
37
49
28
58
73
-26
20
-3
23
11
11
26
45
55
-10
-24
87
80
54
39
26
40
10
41
66
16
5
53
-4
-13
52
6
9
36
58
20
50
25
24
45
53
100
27
16
-24
22
32
51
-2
41
-1
54
56
55
49
56
44
32
42
88
114
53
49
36
3
7
53
27
16
25
16
27
41
42
22
7
26
59
45
-1
19
39
64
12
6
34
41
59
57
21
5
26
42
49
17
23
-4
51
36
36
49
-25
86
40
52
26
23
19
10
10
36
12
11
53
53
48
17
-3
20
32
24
99
84
11
60
-1
10
21
70
40
71
48
3
59
35
1
22
48
52
38
38
56
59
34
27
66
20
58
-27
40
21
37
40
37
43
39
41
49
27
11
-20
-19
0
6
44
-2
74
53
39
35
36
18
83
40
51
53
-1
42
2
26
4
-52
54
7
39
38
-19
10
164
144
122
67
21
-43
-77
-21
1
-12
33
7
18
11
12
13
17
56
65
35
28
67
88
42
68
5
49
58
8
33
49
51
25
35
53
53
6
51
37
55
29
9
48
23
11
51
9
39
-7
22
48
23
33
8
12
5
-12
-18
-26
1
3
58
58
38
60
36
72
53
51
39
26
35
36
40
21
58
21
17
4
69
76
22
45
-35
34
28
50
45
25
33
40
53
29
-11
17
19
35
12
42
34
33
22
67
5
2
67
12
65
52
-20
4
34
29
35
18
32
36
38
6
41
3
109
50
37
42
-2
-13
40
39
29
34
7
27
51
-34
-13
-11
27
-4
-20
36
65
20
72
58
50
69
73
58
25
42
37
-2
17
41
8
53
56
53
51
24
40
33
57
58
58
35
21
43
51
33
17
12
27
28
32
44
21
49
66
41
5
22
3
19
13
22
3
36
53
37
44
42
43
2
10
36
8
-10
11
48
13
18
42
32
60
25
40
35
19
9
68
17
5
17
9
23
27
28
39
34
48
43
59
10
-4
34
45
18
-9
34
-19
-11
18
36
53
20
45
-1
11
34
48
33
68
64
64
41
42
-40
105
115
28
39
28
-7
73
-7
32
17
16
53
52
12
-4
42
43
28
23
-28
18
26
33
57
22
29
19
37
-10
55
55
57
4
71
34
54
55
42
-5
28
16
18
18
36
-29
36
52
18
44
0
33
39
41
36
55
66
34
69
2
54
19
39
35
25
23
0
34
-21
48
25
85
-1
33
11
48
16
40
21
33
-4
0
37
23
19
34
25
19
25
107
81
57
48
8
-25
5
36
35
33
44
32
33
66
-3
23
69
54
41
27
21
58
26
24
65
-5
44
65
51
36
22
86
39
83
73
65
18
28
34
33
75
49
38
37
25
4
60
56
19
48
5
24
17
64
17
33
69
43
42
23
25
20
18
37
43
61
38
8
59
22
22
20
59
35
19
12
61
34
34
40
2
44
29
50
22
57
35
24
-21
88
33
34
36
18
33
7
27
3
-20
34
25
41
10
5
38
36
34
42
44
23
48
-8
1
25
43
-8
16
52
26
-2
38
43
48
84
40
28
33
43
40
38
34
20
74
22
72
39
32
65
49
32
-11
99
101
61
17
6
20
52
24
7
4
35
50
33
25
28
101
69
37
40
39
42
3
10
24
36
16
74
26
-24
17
-3
32
44
18
53
1
18
-12
1
20
-9
-21
33
21
27
32
35
60
33
33
44
52
51
33
42
13
26
-7
55
66
20
52
42
40
37
36
11
21
42
27
21
56
37
24
11
88
16
48
41
9
35
41
21
3
3
40
59
24
43
50
53
36
17
33
21
49
8
64
48
12
-5
-5
81
24
53
12
22
37
60
22
21
9
49
8
101