0
41
24
56
25
49
18
19
36
44
24
22
-1
25
74
-8
2
1
64
64
33
53
36
56
34
-14
74
50
35
41
29
17
59
32
34
34
25
70
-10
21
34
34
36
40
36
43
36
56
43
12
59
54
27
-6
49
33
34
6
24
55
44
17
24
-23
11
20
34
56
74
2
102
27
37
27
29
37
16
172
57
34
-22
36
-4
81
57
103
43
-4
8
72
-18
41
36
-35
38
19
-1
-102
-34
28
50
53
90
149
132
138
231
131
144
86
54
20
3
-39
-50
-56
-54
-46
-100
-82
-44
-49
-99
-76
-25
35
64
27
25
82
44
50
89
130
121
53
2
-68
-8
58
114
93
93
6
40
-125
-20
8
0
25
107
101
44
-75
64
59
91
-6
-6
10
33
86
116
166
68
-11
-46
-70
37
9
20
74
72
81
82
8
45
23
0
-10
18
26
48
48
18
67
-14
17
108
294
323
256
0
-200
-315
-251
-188
-115
-74
-50
25
49
72
86
115
112
36
42
90
52
68
35
67
48
56
-6
41
40
32
38
57
48
19
24
56
23
7
6
53
41
57
33
22
54
75
17
16
48
21
34
-2
3
60
68
26
38
27
16
25
32
18
20
43
25
37
76
67
-22
6
32
73
75
28
56
-12
49
53
43
-1
1
3
37
9
66
-8
28
52
7
52
32
7
57
34
18
32
9
56
40
-7
42
54
58
34
59
-1
61
12
32
20
20
45
116
-5
16
6
81
23
59
9
12
19
50
26
86
42
61
25
55
9
33
20
35
12
54
55
58
39
42
1
60
32
54
16
58
50
26
-2
58
-3
58
19
1
33
64
23
32
45
12
18
66
35
27
64
42
37
43
11
33
54
5
0
7
52
21
5
39
1
76
32
51
0
-6
42
7
-3
37
8
16
6
58
10
44
22
37
18
29
18
-5
24
12
48
35
41
91
148
194
105
-37
-75
-43
-54
-35
4
2
25
43
60
122
282
304
102
-120
-147
-132
-151
-88
-25
2
36
50
24
58
16
24
26
53
51
55
69
68
42
44
50
53
32
90
65
44
48
38
-11
22
13
22
40
41
-2
86
-2
20
11
49
58
57
54
48
25
36
18
16
25
10
0
26
35
36
43
80
48
-7
24
49
2
36
43
48
39
59
41
21
12
43
-27
34
21
51
-1
-8
10
-52
28
20
5
24
11
16
19
37
8
52
72
50
57
22
10
37
57
49
26
3
8
32
39
29
12
3
2
36
28
21
28
36
39
41
9
4
98
166
156
50
38
20
-7
27
35
97
18
92
19
4
-34
85
2
33
12
37
-14
22
35
29
-7
34
16
13
65
36
38
18
40
26
54
26
66
57
20
26
18
16
8
-11
8
50
71
16
122
144
52
-2
-18
-17
-19
49
-21
25
23
52
-42
18
-22
37
28
27
40
26
-7
64
53
39
49
50
20
16
66
26
-20
-19
-13
25
68
44
42
22
9
18
34
28
41
83
57
23
41
9
28
37
25
73
-4
73
-12
65
54
60
56
43
56
83
27
-30
18
5
19
-21
32
45
11
10
57
11
32
-5
-1
44
21
24
6
73
9
16
6
37
22
-5
20
35
38
54
86
40
70
51
18
41
42
24
13
67
43
91
25
49
49
5
51
20
3
5
48
64
2
53
40
102
121
76
22
11
4
-20
35
33
23
5
59
22
21
0
21
20
50
81
-17
73
120
38
-4
-6
-39
-7
-2
-2
25
-17
-7
-33
32
2
27
38
42
44
44
32
44
58
54
27
60
24
43
40
44
23
60
-5
39
76
18
59
58
80
45
10
32
32
-4
12
-18
4
24
9
43
23
23
-26
21
25
-4
44
11
50
59
42
5
45
41
24
52
10
33
20
58
49
32
36
4
66
48
55
17
42
27
12
17
-8
45
12
38
6
43
54
10
54
6
54
76
20
12
34
24
20
-13
40
40
42
65
35
33
28
19
11
50
58
37
66
40
21
40
52
55
3
20
11
11
9
1
34
39
76
34
61
42
26
17
27
33
27
60
37
-23
42
43
65
38
16
51
71
25
38
39
72
18
13
2
11
59
13
68
2
80
-9
52
19
28
50
3
5
69
41
25
50
32
35
11
28
44
42
16
22
25
24
32
42
-11
17
11
50
23
4
28
54
72
33
23
54
32
82
50
27
7
17
-22
171
104
12
38
-17
10
24
-17
3
39
19
41
67
9
32
21
33
17
2
25
4
57
38
-59
-10
26
65
7
3
11
75
11
43
48
58
43
80
82
88
59
33
17
26
25
6
12
42
38
-6
-3
70
21
9
49
40
26
42
33
34
23
11
24
10
44
58
38
24
32
45
-9
-10
5
49
112
64
26
21
-4
33
7
28
40
59
23
25
20
40
9
64