0
-5
18
22
69
13
44
34
12
21
23
17
12
22
49
37
28
72
41
82
33
25
21
28
-8
12
73
38
50
32
40
-7
51
13
7
40
3
-18
10
32
54
33
33
55
39
69
35
56
55
76
-8
39
34
37
40
54
20
-17
48
48
37
19
69
60
28
25
10
27
-33
21
17
54
26
17
29
19
76
34
0
10
23
33
-9
21
2
81
38
-8
53
34
85
16
18
35
40
25
42
35
38
50
65
-17
70
28
-7
20
4
12
64
9
54
34
33
71
-38
89
32
7
3
22
16
2
2
52
53
40
27
34
13
28
25
5
25
16
33
104
57
49
3
28
26
22
71
82
67
55
49
51
90
23
42
18
-35
13
39
6
-7
37
6
24
69
38
48
42
44
61
45
20
26
39
-12
53
23
11
16
39
27
6
36
36
27
76
51
22
6
25
42
26
9
45
80
72
43
53
42
25
2
29
89
64
49
49
73
28
4
-14
-23
8
32
65
3
18
37
57
3
51
42
43
37
34
1
12
19
6
34
7
49
11
40
-17
52
35
24
72
40
21
41
45
24
35
23
9
32
-1
7
19
5
60
10
83
65
2
18
-42
-14
-20
5
-11
19
6
37
12
10
40
28
74
48
34
32
53
105
105
-13
32
-6
-5
9
39
11
39
33
35
6
53
40
28
20
5
59
35
24
58
35
73
38
-2
28
29
69
59
21
37
2
1
52
52
-1
59
9
49
37
28
10
-2
51
22
19
9
65
5
27
59
36
67
-2
42
44
9
1
-50
82
75
12
18
68
26
118
39
34
21
-6
69
36
18
66
65
21
66
18
60
8
25
-4
33
74
55
42
18
34
66
109
27
25
18
8
9
34
-51
-27
-22
-9
6
-8
27
1
40
17
25
86
66
72
10
64
53
-7
141
168
139
43
-4
-58
3
-37
-50
-52
144
6
138
105
-44
-21
55
56
18
-20
-13
27
33
-24
-41
21
100
19
70
25
12
-22
20
56
44
38
27
-41
16
36
41
42
25
52
-23
93
69
162
24
87
-33
-49
18
37
68
53
86
26
27
41
8
1
24
-13
56
108
74
54
37
12
43
4
25
37
44
35
42
-5
38
18
40
72
53
48
27
76
-20
37
35
50
9
-28
72
17
23
39
-1
72
-8
11
44
52
-20
59
65
80
60
-33
18
42
-3
28
74
73
60
67
-26
66
27
55
2
70
19
12
5
71
8
-40
27
54
5
90
-34
26
44
37
6
37
66
76
3
-3
-120
11
129
23
23
51
39
71
6
21
22
-36
60
55
71
12
35
-38
10
49
-27
50
11
59
0
121
21
-4
53
13
56
69
24
124
2
-13
24
49
67
107
10
19
75
33
28
4
32
4
64
-1
28
32
18
-5
66
52
54
25
22
51
33
38
42
48
16
65
37
35
19
73
32
49
9
25
53
-50
86
28
36
12
54
11
-19
22
35
69
-5
-5
-3
98
22
34
-4
11
50
1
42
76
4
51
51
22
23
73
83
49
54
43
57
57
16
39
6
41
69
12
25
34
44
20
54
1
48
39
23
28
22
19
37
21
0
67
28
44
74
21
20
40
28
5
28
37
26
29
22
33
75
72
52
9
25
-35
-18
33
6
55
36
5
17
57
28
51
27
48
68
20
4
8
65
42
11
54
3
25
2
45
20
32
44
8
16
11
25
87
69
50
65
82
26
9
9
-9
32
42
32
27
67
0
41
60
97
60
19
43
-19
5
18
-36
2
34
99
5
9
35
64
61
55
59
36
22
17
16
65
44
10
13
51
35
25
-7
-36
6
23
5
23
66
9
34
28
1
33
41
9
-4
50
2
18
51
43
103
-6
4
-6
-2
42
-35
12
32
49
12
-1
39
24
32
50
56
74
49
45
40
-13
23
89
61
33
25
39
16
41
-10
1
44
50
21
-2
10
59
41
35
20
68
9
97
-29
17
-3
-20
19
4
44
19
71
32
42
55
51
81
-11
106
173
96
56
-18
-2
-21
2
38
33
-12
-12
8
0
32
42
18
44
28
9
40
25
52
34
26
35
59
65
76
6
50
35
-2
70
7
-89
133
226
144
-19
-67
-69
-51
-33
-42
8
-30
11
38
2
74
65
59
67
29
36
38
11
40
28
66
22
42
48
72
12
52
52
21
26
17
7
51
60
22
51
69
37
18
-12
54
12
41
23
64
10
51
-18
36
10
17
21
20
21
51
4
16
28
52
34
40
43
39
52
40
59
26
-3
27
56
23
-4
-30
45
11
36
42
28
56
7
-6
-3
26
41
32
45
13
20
48
12
50
41
11
39
7
77
54
57
10
40
13
1
56
50
42
23
44
32
33
75
66
-41
21
54
5
6
44
21
37
43
10
27
56
26
59