0
90
-1
66
25
59
25
67
21
27
18
57
6
26
26
56
72
-2
-5
57
36
2
-13
38
-1
0
23
20
34
-14
19
8
50
27
-5
58
20
60
27
58
36
58
71
-22
23
51
8
96
32
36
-13
34
64
43
-17
58
16
51
-10
72
42
23
21
27
34
29
53
54
34
26
33
53
57
28
6
17
33
59
29
35
42
16
90
65
38
56
36
55
48
73
43
59
41
32
53
17
76
-3
6
-5
21
17
41
58
37
6
12
76
29
29
35
-10
80
-22
71
22
22
38
18
40
16
81
76
36
34
3
-1
23
13
36
58
12
20
24
-8
6
42
0
43
41
16
73
54
9
56
21
38
48
18
-6
25
16
68
73
19
42
20
33
1
26
22
48
23
25
33
44
29
37
-25
36
36
33
26
20
1
54
17
68
38
55
-38
24
48
51
38
37
22
27
-5
19
33
25
38
43
43
41
36
54
23
7
52
43
-4
35
32
20
45
56
37
40
36
41
4
26
52
45
33
28
17
5
55
22
24
1
55
50
10
24
20
38
11
24
45
33
33
36
20
38
37
10
50
64
34
40
9
40
36
54
19
41
55
29
25
43
-12
90
8
20
81
-4
57
51
34
9
25
39
11
54
27
44
-12
-1
38
28
17
39
-7
68
36
50
23
53
56
84
66
17
44
44
34
-35
7
3
5
39
22
21
6
52
2
56
57
-2
37
19
48
25
25
3
35
53
25
44
21
27
10
10
55
-8
54
56
42
29
22
20
37
32
9
41
44
13
50
44
41
36
51
-9
16
51
36
40
35
44
48
27
-10
23
45
12
24
26
37
39
55
21
20
12
60
26
35
49
21
44
25
33
57
10
32
36
50
59
50
11
33
29
-2
54
41
92
33
58
55
21
17
-4
11
16
5
37
32
-6
13
35
34
39
12
41
11
41
41
59
24
-12
55
34
60
28
50
0
13
42
48
58
50
18
58
-1
27
21
20
32
36
43
76
56
-10
37
23
53
37
16
0
34
-6
55
24
52
65
49
-3
35
3
17
48
32
-1
50
40
1
6
34
43
-17
48
39
53
24
23
9
48
40
11
26
68
66
121
53
25
7
-7
7
-2
33
56
16
23
48
44
4
27
-13
-5
42
4
18
38
36
33
18
43
43
45
2
58
18
55
50
16
-24
24
17
38
16
22
25
32
67
40
10
33
39
21
55
-17
33
58
97
37
26
-4
39
-36
38
18
27
-7
52
45
55
56
40
33
20
0
12
35
24
41
28
24
34
28
16
33
28
32
39
69
60
52
35
22
35
28
55
3
34
38
42
-2
16
20
22
37
57
34
1
34
41
-6
39
37
76
48
34
40
34
43
25
26
26
10
6
26
22
40
40
35
5
13
54
34
27
-4
21
9
0
35
25
23
22
43
24
43
19
69
38
43
-4
36
18
34
80
43
61
41
35
-11
49
36
9
17
48
35
29
18
48
69
59
25
45
51
57
37
0
20
29
32
41
32
65
39
20
25
24
49
58
25
35
32
42
8
16
56
49
32
4
0
4
21
13
65
60
33
37
45
16
22
58
43
-10
33
42
77
17
-24
76
-29
34
11
49
41
39
21
36
0
50
48
6
85
44
8
52
-6
84
5
35
57
24
34
-6
-5
81
55
57
44
11
40
33
12
40
27
59
43
-12
3
6
58
35
12
52
34
42
4
-8
75
65
80
26
22
16
27
75
32
41
19
24
-7
4
-21
-34
21
42
37
11
21
36
26
26
56
61
-4
23
4
-3
17
53
43
52
45
59
29
17
13
87
52
53
42
39
2
21
36
18
-4
49
17
0
17
64
45
25
22
16
34
21
66
59
66
53
28
53
59
12
26
53
21
17
45
50
58
57
37
4
0
2
71
33
12
41
16
56
23
36
21
-5
32
55
26
16
-10
73
11
49
12
26
9
49
26
52
23
39
21
-8
54
16
37
68
16
43
2
53
21
36
33
64
38
16
42
40
0
11
85
13
12
41
36
54
13
39
39
43
50
20
35
-20
23
22
68
101
57
49
11
-4
1
48
10
28
51
38
54
49
35
26
50
3
85
36
43
7
-5
57
53
55
10
19
44
35
-6
34
36
-5
43
12
69
18
40
28
25
-5
16
0
-3
39
49
26
28
71
43
33
36
-1
9
53
16
36
37
9
12
57
19
22
42
4
67
34
38
21
49
20
64
52
65
39
4
44
-21
52
90
34
-4
-5
52
37
41
50
55
-21
43
28
20
22
3
23
19
65
8
18
20
0
19
16
89
88
10
56
51
22
-2
90
56
27
10
39
1
58
44
69
65
36
-51
-2
-1
37
26
22
20
12
50
8
45
21