0
54
65
5
57
44
18
83
53
5
-9
2
6
17
38
42
5
27
24
6
49
-2
65
10
16
5
-20
27
-11
24
-7
48
55
108
21
81
124
42
83
-3
35
-11
93
96
-55
3
33
-9
17
-20
1
22
54
17
12
41
61
-26
44
9
2
11
16
58
37
2
51
-5
3
26
113
43
36
28
56
52
33
4
36
9
17
40
48
-14
55
33
45
43
35
-8
33
4
61
43
-17
3
12
16
32
-42
39
75
16
98
33
38
38
74
38
-3
16
-19
5
69
56
61
26
42
150
114
213
150
45
19
-49
-99
-73
-56
23
-17
60
59
129
33
-44
49
-12
-8
25
65
65
38
44
6
49
56
73
73
64
19
41
34
2
55
45
37
38
-17
-7
66
37
38
45
48
29
19
-17
33
17
19
39
-21
35
27
43
21
24
77
59
69
29
3
-10
49
67
81
64
4
-2
8
-1
2
40
24
36
61
22
38
48
43
-27
-3
-19
21
18
65
39
106
119
113
52
24
13
-8
0
152
16
22
25
-50
27
16
67
-1
165
74
39
-1
64
-4
-11
49
19
4
-23
-19
36
2
59
58
42
27
59
52
71
80
129
50
21
-42
-37
-9
-25
18
8
51
32
-30
97
75
17
56
29
40
55
69
23
89
71
20
50
3
6
52
-4
96
8
59
57
42
-22
-11
34
61
43
64
9
5
26
34
32
40
20
21
59
54
57
85
87
84
66
13
43
51
55
-27
45
45
105
8
-11
8
-12
-4
28
91
57
-13
97
-65
7
-29
28
16
68
24
90
27
57
-36
-34
20
37
-33
-18
-2
65
1
6
16
20
59
32
23
12
-3
68
162
50
-11
38
-19
28
58
-21
70
53
-28
66
88
24
3
64
65
6
23
37
98
45
23
32
81
88
137
122
149
80
-3
10
-25
-69
-108
-82
-140
-43
24
21
20
70
59
10
21
76
37
71
83
67
69
84
37
38
49
24
38
32
39
25
56
65
10
28
50
20
34
49
42
-23
50
17
76
3
69
33
40
59
66
60
74
61
38
23
23
17
51
54
40
28
9
34
9
64
16
6
40
21
44
7
50
32
1
51
72
9
52
-17
23
75
-29
16
34
16
81
0
18
18
71
48
10
34
25
52
32
44
49
26
9
17
-2
29
51
-12
21
38
45
64
36
-21
75
51
36
67
103
121
116
135
84
23
-72
-61
-113
-108
-45
-34
5
61
9
-1
-8
83
5
65
9
26
69
25
36
60
6
72
2
-18
-9
55
16
11
69
23
60
1
53
75
27
50
6
41
52
32
2
65
16
19
-1
56
37
42
3
23
49
25
2
65
71
54
17
6
7
0
22
4
41
21
13
7
64
85
2
39
39
42
53
61
53
-2
24
32
40
150
201
187
86
29
-35
-75
-106
-91
-39
-24
-3
10
1
8
70
55
51
25
5
6
81
88
-23
28
13
53
36
3
54
88
43
64
-5
37
18
7
10
-17
67
88
56
42
3
67
39
70
80
25
11
17
32
26
34
115
226
265
182
49
-108
-123
-169
-117
-45
-1
-56
-4
10
72
38
53
35
80
83
50
72
59
69
33
33
28
28
39
49
32
42
26
37
91
18
17
23
-1
58
55
-11
18
18
13
26
39
9
115
139
40
-35
-9
-40
-14
-13
-7
58
16
68
-44
91
161
64
1
-26
-8
17
22
39
83
28
51
41
27
6
34
57
40
40
40
50
21
52
41
54
56
20
26
43
6
70
22
11
73
9
23
41
4
-41
45
52
2
35
41
33
-21
23
51
11
48
26
24
18
36
70
32
8
57
33
22
8
66
60
3
22
7
25
27
52
4
33
65
28
34
-5
56
9
25
35
0
39
58
24
9
57
26
26
38
45
12
8
91
89
54
42
28
-4
16
-6
24
55
5
20
49
41
40
34
86
27
5
43
67
51
84
22
4
42
-7
20
57
18
32
48
27
21
34
53
34
19
41
23
36
17
27
71
21
56
10
4
12
44
45
42
45
2
73
51
36
36
27
32
38
16
10
33
26
39
48
32
24
29
23
20
36
34
35
16
42
33
33
22
41
42
10
42
22
24
-2
27
53
-5
6
38
23
34
9
56
36
38
40
21
36
38
28
37
41
18
50
11
-9
38
70
52
50
56
49
17
38
19
32
52
50
-4
50
66
0
17
35
5
29
22
54
41
44
23
44
20
58
18
27
3
8
10
91
42
38
43
29
34
25
5
32
56
43
22
26
3
37
38
51
33
43
38
49
59
45
35
18
36
22
44
37
26
35
20
18
23
12
16
39
51
36
32
34
19
12
-8
-28
24
13
-8
27
29
60
10
65
37
45
0
81
35
17
16
54
53
89
42
6
11
33
38
19
48
52
53
17
16
-37
65