0
-9
51
43
40
-21
42
72
1
11
-1
22
48
9
53
68
44
74
25
4
20
33
45
21
5
8
73
32
11
43
34
29
23
54
-10
-9
5
48
55
59
39
28
65
48
18
65
23
20
24
42
22
27
-20
38
70
25
35
26
27
8
-7
68
35
20
1
53
29
60
81
37
71
51
22
-10
5
36
57
38
18
25
-2
60
44
25
7
20
20
81
49
67
49
8
-22
27
36
27
27
24
58
58
28
-20
6
90
33
54
6
23
61
33
7
20
2
19
83
-43
44
39
37
17
24
49
73
-19
82
38
40
16
59
25
27
12
50
71
49
70
25
8
33
34
24
33
33
59
20
25
36
-11
67
-11
-4
11
70
16
66
36
43
8
5
32
28
36
70
83
58
53
24
7
-1
12
-5
9
41
25
51
23
55
10
20
19
12
38
23
24
81
43
40
66
23
17
27
12
39
32
66
39
-17
36
40
44
-4
-25
107
22
40
20
74
24
-37
23
-14
1
42
28
24
8
58
29
58
-1
83
-1
41
45
43
58
28
37
80
69
51
35
69
85
11
5
0
1
19
-10
1
23
33
45
45
32
25
27
16
20
38
-13
75
42
34
41
22
17
2
17
22
71
38
43
74
5
20
1
49
60
22
26
26
40
52
80
33
44
38
21
52
2
34
41
20
24
32
66
43
66
34
37
33
36
22
33
32
3
22
61
60
36
-11
48
-1
19
77
9
27
17
-12
18
35
26
44
32
22
13
-3
72
39
51
20
18
34
39
48
40
59
57
45
77
42
8
12
55
1
34
59
0
50
43
10
34
64
24
42
-10
24
8
34
27
29
28
38
42
18
23
51
-27
-7
91
53
17
50
69
32
11
36
4
4
32
20
39
25
24
40
16
60
-19
-13
38
29
11
-65
49
-9
50
-6
33
0
36
44
33
36
55
35
49
39
40
98
4
6
5
29
74
55
-3
34
24
44
22
16
60
19
41
6
43
8
23
44
39
9
49
38
42
96
32
38
56
51
36
36
9
38
55
34
20
40
38
66
23
-3
40
55
13
1
32
22
28
54
28
38
8
40
1
-4
10
5
18
44
18
68
29
22
38
52
37
16
74
60
2
99
21
58
74
33
43
-2
85
48
50
64
39
18
73
6
-6
52
1
24
32
39
2
18
36
42
49
17
44
74
37
32
41
26
65
57
56
23
-17
1
2
33
56
51
43
-18
-12
-35
43
32
38
24
28
57
52
26
92
0
48
105
12
5
50
26
40
-3
80
-17
-19
5
71
49
-6
56
45
-4
18
22
-7
26
8
56
22
83
67
56
60
-45
0
21
11
17
-1
44
64
106
33
-19
-75
-24
41
28
65
66
17
42
71
42
-1
-25
100
49
-46
70
118
36
16
45
43
38
8
-50
40
-12
-24
80
71
25
56
100
65
48
43
-9
34
-7
12
-13
-5
23
81
11
54
-12
60
2
64
43
27
25
5
9
43
21
36
3
4
43
37
84
27
55
1
-12
20
64
42
28
34
52
37
-20
32
59
13
54
-35
20
107
61
28
34
89
40
24
72
87
65
58
39
32
22
41
24
33
0
-21
6
51
51
41
-55
38
17
10
19
43
18
-18
12
20
76
-4
44
35
92
20
50
87
21
27
-12
104
-10
-51
10
48
108
28
-10
45
41
120
51
123
10
65
9
-6
-8
-56
59
-40
-6
100
64
-6
22
25
73
41
28
-29
37
12
36
83
58
60
97
40
-3
-4
10
38
40
7
103
36
12
-12
20
37
100
58
82
19
-23
67
89
51
44
72
70
67
5
-9
67
25
24
-20
76
-3
45
57
34
-1
17
88
75
28
41
41
75
41
22
3
12
58
24
35
23
-13
37
60
34
36
52
-11
38
25
40
8
44
3
57
23
32
22
33
11
50
-9
-5
66
48
33
38
39
56
-7
34
64
50
61
0
20
11
21
52
5
33
92
41
-12
20
6
33
35
18
44
100
22
-1
0
5
56
21
-6
20
11
43
38
58
28
33
-6
96
16
35
48
49
-2
51
49
56
53
18
70
5
18
67
32
67
-1
18
5
22
65
21
21
29
8
-18
32
44
28
71
23
44
40
12
-9
-7
23
61
34
3
32
33
-29
32
74
53
-4
23
56
9
36
76
39
10
44
9
57
7
25
26
66
24
73
16
-18
4
2
54
26
-19
36
32
25
25
37
7
28
65
25
37
-3
44
19
28
34
36
-24
52
24
49
-20
22
25
23
64
53
24
-4
6
45
58
22
19
65
-2
32
32
60
75
17
41
4
19
41
17
39
12
21
3
17
53
20
37
59
35
-4
33
10
45
53
34
4
23
60
35
13
19
69
24
25
37
9
5
25
34
54
-9
41
20
41
50