0
-10
59
56
-23
171
131
27
-19
-45
60
133
25
-19
4
92
43
44
-66
7
91
-55
89
20
-21
54
131
-38
20
36
12
169
75
28
-50
12
181
1
6
19
73
55
-34
107
53
1
-11
50
17
-51
40
41
115
91
70
-19
33
123
-73
113
106
-42
120
-4
-40
56
33
84
26
-66
-27
-18
-46
97
-4
25
-41
11
140
1
-27
-7
-20
80
100
67
-40
-59
-98
-73
218
230
168
156
197
22
6
-51
-44
26
-68
-26
-6
74
188
82
98
71
90
166
137
36
56
28
-52
36
12
-14
3
-4
-11
-154
-217
-275
-156
-136
-100
-18
50
83
107
100
84
155
123
97
131
98
64
133
133
59
59
60
64
60
105
65
61
86
33
39
-37
-5
80
34
-57
3
26
49
44
65
25
53
84
-4
11
-13
77
28
4
113
69
-10
-22
-7
23
-14
-7
21
25
48
-4
-17
38
19
-12
38
35
-4
58
41
85
1
21
66
6
65
-21
-10
33
52
28
32
-3
53
64
82
66
23
-35
88
113
11
-17
-10
53
61
44
13
4
59
82
85
13
-2
65
42
25
8
43
51
17
48
-12
39
5
11
42
57
19
73
71
36
90
101
103
82
105
56
40
135
92
24
89
124
144
60
22
-52
-81
-53
-66
-101
-92
-177
-217
-203
-126
-43
13
90
88
90
99
122
128
215
356
448
472
215
-61
-193
-273
-253
-215
-121
-35
-44
28
48
80
88
60
54
83
81
42
64
65
21
56
45
80
58
-13
65
45
20
11
48
36
48
8
26
56
34
10
27
74
37
22
33
44
-7
37
35
40
37
4
-5
74
43
42
28
11
35
-19
84
9
53
5
58
55
35
73
10
5
70
-7
18
38
85
19
11
117
166
156
69
-58
-66
3
-87
-58
-18
26
67
22
50
9
16
35
-2
85
58
35
24
-10
28
55
40
92
38
59
26
34
21
33
22
3
55
53
50
20
73
119
234
245
66
-38
-121
-204
-120
-90
-26
56
-8
37
26
52
42
16
18
50
36
21
35
86
66
58
21
52
81
48
81
48
-12
19
-49
49
53
28
26
-22
4
26
22
-20
54
34
81
13
41
32
11
21
83
54
-1
-4
36
36
-3
61
-9
38
17
80
4
-13
25
49
4
25
10
122
17
29
7
-9
33
53
55
53
20
34
38
44
64
25
45
66
20
-33
71
1
19
84
37
-3
-22
40
0
22
29
35
-18
-26
69
60
6
50
84
107
59
25
56
6
44
-17
9
83
2
152
131
100
17
-99
1
37
3
-5
76
36
18
7
85
18
27
67
28
100
38
20
-10
-10
10
9
68
-19
58
26
86
21
35
50
75
-8
18
-2
1
26
35
-11
107
53
59
1
21
56
17
-21
53
41
55
71
5
77
44
3
19
38
8
59
-28
81
87
33
-12
7
41
17
21
6
4
4
9
21
35
11
11
13
116
-41
25
57
13
51
71
6
9
64
19
-13
-10
-18
9
20
106
55
72
59
37
6
37
44
21
21
10
17
60
92
68
32
39
52
22
66
20
4
13
56
24
20
82
18
5
24
27
75
32
39
41
61
26
-11
54
25
54
2
26
37
-4
41
76
74
122
60
69
60
-10
6
-1
-20
-1
57
26
40
-11
32
56
96
42
55
41
87
51
51
-9
-35
5
10
65
35
58
7
25
64
81
27
-9
1
21
91
32
68
-58
1
77
10
18
34
54
21
13
65
-26
9
27
36
56
36
48
21
64
-33
80
20
7
43
44
85
1
96
18
19
34
23
57
-6
4
35
67
39
118
28
38
-4
56
-10
-18
3
16
43
24
27
12
6
37
56
42
17
23
72
43
51
9
83
42
-38
-2
22
44
92
10
29
8
21
-22
11
57
33
13
-22
35
11
36
-41
39
20
19
2
108
-11
45
67
24
10
-13
-27
1
61
0
28
91
35
0
19
4
60
28
13
59
44
9
60
-25
83
10
1
1
-7
42
59
52
75
37
37
45
35
33
-4
33
10
66
6
25
70
10
106
-89
51
-10
80
8
6
83
57
-23
21
41
24
210
64
122
35
-56
-100
-27
51
69
54
-10
35
-8
2
-36
5
21
16
69
26
6
97
33
5
24
43
66
50
42
-27
51
49
10
17
56
43
73
11
52
36
-19
58
70
87
24
48
65
74
3
24
60
43
28
49
49
68
45
48
53
39
22
-3
33
22
2
53
22
18
1
26
43
12
61
24
29
52
24
6
-11
64
12
9
49
11
58
18
42
1
-13
26
26
84
12
40
64
26
49
60
52
-11
12
24
28
38
77
50
12
-19
3
29
42
41
22
24
50
43
11
9
-24
57
72
-4
45
41
39
43
17
38
42
25
11
25
42
54
50
36
67
52
-3
76
11
21
68
11
22
8
44
13
10
42
60
33
73
22
5
-34
64