0
68
35
74
48
65
90
98
34
12
32
19
16
-11
25
49
72
58
32
50
34
-12
21
38
9
12
11
57
43
13
17
8
69
36
60
2
4
8
20
48
5
33
75
72
7
25
51
40
74
11
41
13
32
25
37
50
48
34
17
27
59
13
0
-4
60
19
83
36
45
41
60
-2
45
-23
56
41
59
6
28
8
61
52
11
38
41
39
28
13
58
9
51
55
3
13
71
18
49
23
49
36
35
39
43
34
37
37
53
-17
57
2
6
5
25
20
17
-20
9
53
61
68
-8
1
27
26
50
51
84
33
6
43
42
48
22
-1
38
42
-1
56
9
22
61
40
90
16
71
24
38
9
18
50
25
54
20
33
-9
8
100
56
39
-2
59
12
0
59
17
51
42
45
35
3
25
10
24
17
20
40
24
51
34
17
27
42
6
40
32
48
12
54
16
21
41
6
32
67
36
36
-4
58
41
54
13
41
27
64
24
-5
-7
2
156
237
146
36
-61
-82
-107
-37
-12
26
5
57
29
49
88
101
-12
29
37
3
18
24
-9
28
49
43
19
54
42
25
26
80
33
58
52
33
54
35
50
55
20
68
55
39
53
22
37
33
17
43
36
34
49
34
16
35
34
35
37
61
55
45
37
35
36
72
11
5
59
66
10
75
18
58
25
64
-2
108
51
-6
5
24
-1
66
33
10
1
60
39
-11
4
-8
12
12
50
23
103
40
52
24
-35
56
22
37
24
36
10
16
28
19
5
45
68
25
35
24
22
55
22
36
23
37
-12
28
37
12
16
67
58
25
27
22
25
52
65
17
11
53
23
24
8
24
35
52
65
64
37
17
-10
54
33
36
-5
25
74
2
49
-6
53
20
28
26
60
18
-3
0
2
50
-6
38
56
25
1
4
18
50
16
20
68
22
44
59
-3
53
22
40
19
20
-6
25
70
43
54
59
26
2
16
22
60
59
58
7
43
41
9
51
17
73
-13
-12
104
57
37
18
16
-10
44
52
44
41
83
57
-3
20
22
24
73
53
-4
41
20
25
66
5
51
24
48
72
19
43
48
98
9
10
34
61
0
4
33
22
3
37
49
4
21
70
35
21
44
19
69
24
36
34
29
5
16
51
26
3
11
24
-11
36
20
40
8
36
52
23
22
74
35
27
12
21
2
17
-6
73
69
53
16
37
7
38
49
-8
45
6
-13
16
8
32
57
80
42
-2
38
61
43
42
36
28
35
11
43
28
9
-1
29
0
41
43
53
6
-10
42
27
40
38
51
49
44
18
18
27
0
0
49
73
52
48
17
68
33
26
2
9
104
54
-22
32
53
74
58
48
27
12
17
-6
8
33
60
70
50
12
60
3
39
20
49
60
6
18
22
45
36
41
55
38
20
40
0
25
17
35
33
39
-2
38
43
-22
32
27
-4
22
44
26
-13
0
8
-3
42
103
29
28
38
2
50
35
60
18
45
-1
54
56
41
11
0
39
29
71
52
32
22
-7
16
26
26
74
37
57
48
49
50
27
23
37
57
51
35
33
19
34
35
35
-17
81
37
-6
28
6
22
35
44
44
10
16
28
40
35
55
11
28
33
6
2
33
19
66
-6
113
39
35
29
26
-5
1
21
54
44
29
21
32
39
5
1
28
50
1
43
54
21
2
3
-2
9
73
37
40
-4
67
19
-50
26
28
50
41
43
1
32
-26
4
52
18
38
45
45
25
-6
57
65
51
43
26
27
37
0
10
19
39
55
23
7
16
51
57
35
60
53
23
12
-28
48
56
96
58
6
-58
-2
44
-1
-23
22
23
65
26
101
58
22
19
57
-5
1
-3
57
28
48
125
57
57
32
10
37
23
42
38
64
66
27
-8
26
43
22
73
19
17
28
38
-23
7
28
43
9
11
59
52
93
28
72
64
-1
-2
23
72
-46
80
34
41
23
7
11
64
74
26
28
5
-36
-9
34
40
-2
106
54
34
8
16
48
29
54
37
27
-4
12
12
27
28
86
44
48
17
41
17
7
87
6
60
57
26
-18
52
76
32
34
10
40
11
35
37
0
52
20
21
38
42
40
-3
41
20
38
11
16
38
61
53
36
5
24
41
9
25
6
18
67
36
3
57
21
59
34
4
16
38
13
23
72
57
21
0
-7
-38
35
44
43
42
26
39
13
8
26
18
35
-2
37
16
44
24
23
37
54
67
107
89
55
25
24
37
34
71
8
16
-8
51
54
23
33
51
24
44
48
52
11
-20
25
9
48
40
13
-6
26
33
33
53
17
43
44
53
32
44
-23
44
43
-12
-8
48
16
4
7
65
28
42
-35
69
-19
34
19
56
35
54
-6
5
11
18
76
34
27
39
57
16
19
44