0
24
52
57
53
35
43
-3
33
59
34
55
57
25
8
3
60
1
-18
55
40
60
58
37
21
10
41
64
42
25
36
2
55
7
90
23
-21
29
2
-21
33
52
54
28
21
58
18
-9
48
33
12
-6
35
56
72
49
81
50
3
57
52
49
76
-3
32
-2
-5
71
26
39
64
27
5
64
-1
28
44
19
32
103
22
42
12
43
16
39
50
54
53
75
27
11
2
-7
29
-1
34
23
10
42
39
19
58
36
85
29
35
103
-14
-1
34
45
2
27
23
66
3
70
65
37
9
18
36
-13
24
7
7
25
38
73
22
57
36
56
33
13
20
-34
56
39
-2
-55
67
16
25
4
-9
-4
87
28
-12
-34
87
1
28
27
34
34
40
64
58
55
76
12
-20
28
51
35
35
42
23
24
37
-21
32
45
23
27
74
18
-33
1
52
42
-62
40
6
29
48
44
136
57
53
-23
-24
178
103
66
-40
35
-73
-93
-77
55
69
75
56
-27
-28
194
176
132
55
-25
22
104
-56
173
-43
-38
-37
218
27
148
115
-45
121
80
116
241
-4
83
-90
22
-20
-38
26
10
20
-4
93
-141
58
76
-13
55
-1
61
2
54
36
60
9
58
48
96
83
5
56
20
-34
-117
1
165
-34
75
-67
-26
102
22
5
19
-13
113
41
10
-14
43
17
34
-60
-109
-24
57
76
-5
-21
57
37
52
21
102
42
160
13
64
-25
65
26
71
0
-49
-3
26
43
-22
36
13
96
83
-41
33
12
113
-11
53
-3
22
56
-14
59
10
81
56
65
-35
104
27
38
45
50
24
18
-5
42
105
-34
37
53
11
-54
45
32
83
83
35
70
-35
33
-23
38
117
36
107
70
-11
-28
-1
28
59
48
82
38
28
-56
25
53
104
-3
-56
115
1
86
35
21
5
5
82
0
-87
21
-41
96
-68
84
115
107
51
-12
65
-12
-2
8
106
68
112
33
1
6
39
-40
23
44
104
44
32
-26
3
27
-5
34
-20
123
53
-41
18
40
10
53
11
60
10
48
87
33
113
-22
-73
105
44
66
26
-19
38
82
8
-6
26
77
74
-43
2
-29
82
125
83
-25
13
138
-8
-35
-29
18
83
64
53
44
35
22
-26
70
84
71
-4
43
-12
26
9
43
75
-10
36
-11
2
4
10
144
49
25
77
28
89
-11
-65
-56
26
-27
115
-3
43
58
112
-24
70
70
96
38
71
9
43
-40
75
48
87
56
0
2
32
73
-42
11
-2
105
0
28
-39
75
27
-17
67
-9
-1
84
51
2
118
48
-81
69
12
-10
83
22
55
-4
6
117
36
-3
-45
19
20
82
26
77
25
-11
36
24
140
34
-18
72
61
-6
33
-13
54
19
43
1
56
33
80
-2
24
37
-57
18
34
157
28
-59
-69
20
35
87
19
131
20
5
-24
97
52
16
17
41
11
34
65
-51
23
81
65
-35
28
24
28
-2
102
-7
55
8
58
152
2
7
65
6
69
8
100
72
20
11
85
23
58
10
76
-41
83
-3
44
77
-29
49
32
57
18
54
102
18
99
41
90
-53
40
84
73
43
84
-82
89
0
4
66
86
5
57
-44
119
56
59
37
8
43
42
-14
42
-58
28
20
-56
34
24
-75
37
98
12
89
9
17
66
-2
18
-18
85
72
-49
84
27
11
36
56
52
35
49
42
-34
70
39
70
80
-51
19
59
61
-41
81
168
-25
7
115
-4
-57
56
44
60
49
-12
-39
118
-24
49
97
-106
-34
116
39
20
135
-55
113
151
11
-30
66
85
55
52
6
6
72
27
36
101
5
50
135
25
5
113
-71
51
51
-28
-2
66
69
-1
73
57
-42
21
50
-19
19
117
57
12
7
28
33
40
1
48
25
-13
-18
87
56
51
1
112
-11
112
22
48
77
81
59
40
29
-14
42
2
49
-59
53
4
34
10
113
-23
8
-19
51
154
45
-10
72
37
-9
-25
-51
18
90
48
72
92
43
13
-51
55
39
-4
80
88
-12
4
-41
70
40
37
37
64
38
0
34
119
-8
89
21
52
7
-36
-43
10
121
41
-11
-50
59
104
-6
-36
7
26
21
59
-20
43
66
71
20
-28
11
106
44
106
-13
48
-26
38
69
35
-17
9
-41
88
-12
70
103
-57
16
66
-21
26
5
60
113
18
61
61
64
23
26
106
80
90
48
133
-36
-70
-2
-36
71
64
-11
-5
74
9
24
23
80
32
51
24
67
25
3
55
34
24
19
43
-27
73
35
40
52
43
39
-2
25
42
-18
65
40
9
0
-21
28
17
51
25
69
-3
57
36
64
26
70
13
119
35
40
26
21
-26
19
8
24
42
33
49
41
32
1
-3
60
-18
114
-7
52
28
8
49
53
0
-11
50
85
26
-69
38
27
35
93
-38
44
17
74
50
-5
91
28
75
89
6
45
105
39
41
57
-5
27
13
7