0
35
10
-3
28
-4
32
49
10
8
20
58
28
43
20
42
27
17
37
53
42
28
24
40
81
59
67
123
32
26
8
-2
-26
75
70
22
37
-5
117
19
41
45
17
36
21
-8
-10
66
132
38
37
-10
16
-11
52
55
56
36
53
22
44
-11
35
25
48
40
34
21
-2
2
23
56
28
21
25
52
-4
8
38
12
55
4
24
40
49
1
20
24
19
21
35
91
55
9
66
5
33
35
17
11
26
60
22
22
10
32
36
54
70
68
35
-21
11
70
26
41
11
11
44
26
28
19
12
33
71
7
21
16
69
33
32
57
88
64
36
11
-2
56
41
28
53
42
33
49
32
-10
16
61
11
34
54
27
36
48
1
6
20
37
28
6
19
81
118
8
26
32
1
61
67
51
16
75
48
53
58
21
8
55
22
21
3
26
34
-8
57
69
58
19
12
67
17
24
5
21
28
38
35
35
25
1
72
36
19
51
29
-9
33
20
53
24
23
27
33
44
43
27
7
27
26
59
12
28
58
42
3
-4
23
25
1
64
21
43
-1
2
43
16
-8
26
40
42
65
17
5
24
42
-6
27
16
-7
32
41
13
17
49
83
21
87
43
18
33
38
41
39
19
11
60
57
38
6
22
12
53
22
11
-2
37
18
48
68
-3
23
43
48
16
34
22
43
29
68
5
9
57
25
12
54
36
34
49
65
8
28
4
22
10
43
11
25
60
18
54
41
22
40
13
21
82
56
11
80
-19
28
49
-13
56
22
32
12
59
52
34
22
25
64
-17
80
48
19
-33
-8
60
-20
60
52
36
16
17
43
17
49
10
28
-4
42
4
42
54
24
58
66
11
40
29
5
29
-1
19
11
42
48
64
3
22
56
23
48
24
11
16
72
65
24
38
26
-28
26
50
3
8
52
34
32
25
3
59
9
75
-9
19
36
51
49
53
33
67
26
49
21
11
16
32
1
28
7
75
27
58
22
-8
39
54
26
32
42
33
34
44
18
38
64
12
26
44
24
23
-5
17
25
54
39
45
85
23
54
55
37
7
7
-6
67
29
20
4
58
39
49
40
22
11
43
33
42
32
13
28
19
52
43
81
35
-22
9
33
11
60
34
34
56
28
37
-37
72
9
21
91
-3
32
10
9
67
-2
52
37
69
32
60
8
19
38
55
21
25
91
65
55
7
37
49
22
28
7
25
24
5
1
32
57
73
64
-19
10
48
9
42
34
10
59
32
19
17
60
82
55
34
10
40
12
32
42
42
25
49
28
23
68
52
41
56
33
48
80
35
29
18
27
22
35
-13
-3
-17
51
64
21
29
52
57
72
50
22
60
42
0
13
34
35
52
36
33
56
25
2
21
37
22
40
19
54
73
20
38
40
19
26
20
40
50
24
44
6
39
-19
20
72
56
11
65
40
44
2
43
8
-2
36
8
11
64
41
-4
23
6
45
6
25
26
1
40
68
38
33
38
-6
36
2
70
35
58
40
29
10
40
70
1
-4
27
52
33
64
5
50
-21
39
44
38
58
67
10
66
44
13
54
-2
16
-2
18
35
18
21
25
42
41
4
11
39
51
6
26
25
43
41
70
-10
-8
1
13
22
25
81
26
45
73
53
27
43
33
32
81
37
37
51
29
26
32
7
11
83
1
51
-10
68
24
50
6
7
56
22
74
-24
49
48
29
24
50
19
-18
3
33
41
36
24
71
43
12
24
32
37
48
-29
-3
25
21
8
43
9
16
43
50
43
42
3
76
40
41
2
13
25
45
3
40
-2
-5
8
36
51
21
21
41
55
58
26
11
-2
20
35
37
25
49
54
-12
54
-8
37
27
-2
51
59
35
37
-33
23
33
23
40
44
38
59
55
22
34
32
48
0
48
-1
41
33
50
10
19
29
67
86
7
-17
40
20
12
28
38
70
10
37
4
50
33
3
41
-18
41
65
27
39
-10
21
64
37
9
35
48
28
33
27
11
21
65
39
35
27
60
80
50
53
4
57
32
13
48
24
37
51
22
-11
57
58
43
21
53
53
37
32
8
-1
16
44
27
9
16
11
32
56
51
-6
22
23
49
34
2
25
-2
25
29
7
38
-8
18
-6
34
64
42
19
44
41
45
64
1
29
52
39
74
76
57
65
20
9
60
25
24
54
0
41
25
4
32
51
17
35
36
21
87
36
21
24
41
60
43
0
-5
56
58
51
-17
28
67
-12
87
57
-3
12
26
6
-12
69
84
40
26
2
49
5
17
11
21
39
52
43
67
52
-1
49
8
55
66
6
80
52
38
23
28
49
88
52
1
18
70
-13
53
6
-8
7
1
-24
29
54
74
40
103
7
54
4
5
36
41
33