0
20
92
86
13
-7
68
-19
38
-2
4
1
18
58
105
-20
128
4
12
33
92
41
7
-2
35
-6
9
2
-7
57
-6
-10
-10
38
65
28
81
11
-18
138
85
27
19
-20
70
0
48
76
40
80
60
44
32
76
26
39
-11
20
32
32
51
60
44
3
10
86
-24
35
-24
38
19
21
34
37
8
28
38
57
-6
56
22
22
-11
25
32
76
41
134
144
98
118
101
86
-43
-76
-73
-97
-43
19
37
39
4
12
40
44
18
56
-17
19
56
2
37
-4
-12
37
52
82
36
53
16
10
102
49
66
-1
45
40
32
48
0
16
27
36
40
-1
4
88
21
75
20
44
57
22
58
37
48
82
55
106
84
147
144
74
25
-115
-139
-101
-97
-70
-37
22
56
6
40
43
28
26
57
37
72
21
60
21
53
64
24
52
27
20
24
20
36
28
54
-9
-3
34
8
34
12
32
55
34
50
45
34
56
53
96
40
8
36
48
0
2
113
87
7
11
-5
17
22
22
67
51
33
54
33
19
54
-11
12
17
25
51
6
35
26
-19
-13
84
17
-37
25
16
-17
43
65
-8
-1
44
57
48
21
19
17
-33
54
26
36
56
6
55
90
35
11
25
32
-14
39
38
50
34
35
83
-5
44
11
23
32
32
27
-18
67
36
27
112
76
26
-22
-19
-14
-25
57
39
13
-3
22
44
32
3
36
22
8
23
39
71
42
24
10
11
24
37
29
59
42
8
4
-11
0
32
7
-2
37
77
12
24
1
3
42
56
44
28
68
11
7
8
51
54
36
43
-4
23
35
84
42
16
35
25
26
59
60
26
70
-1
0
17
34
69
26
13
11
97
42
22
21
40
24
33
34
40
44
51
25
27
34
-2
53
25
48
-1
26
12
34
16
56
34
21
-41
81
88
36
65
-18
5
6
23
28
11
51
37
34
26
48
45
50
23
41
24
39
22
44
32
55
39
-5
105
153
105
11
8
-33
-52
-28
-29
6
58
34
44
29
17
16
10
72
39
40
7
16
40
90
-3
65
5
8
48
38
28
2
51
64
38
54
37
-17
41
36
19
48
23
2
39
66
17
57
50
48
44
29
24
9
98
72
81
37
4
-6
18
43
67
10
-7
17
42
60
50
2
80
39
16
38
36
71
-10
10
18
19
9
53
9
18
39
7
37
25
112
57
45
-1
91
42
37
69
52
50
44
-1
43
-3
24
7
-5
20
42
41
-28
-3
3
91
55
28
6
22
71
1
-12
86
-23
80
26
22
36
28
18
49
48
25
68
0
32
26
6
23
2
91
114
92
56
-23
-17
0
13
42
39
28
48
-12
24
-17
58
93
61
57
51
7
28
20
-2
40
56
49
106
53
0
41
-10
-6
-28
39
72
48
11
33
7
21
40
38
34
23
57
16
11
34
26
9
20
72
38
22
60
36
-17
24
48
49
20
1
18
16
54
-7
26
-11
53
37
69
93
96
179
132
26
105
148
80
4
80
50
-24
-67
-21
-43
-177
-241
-213
-187
-119
-53
-10
76
105
98
105
164
92
114
124
120
87
80
29
19
34
118
125
155
146
87
-35
-18
2
-60
-50
77
38
28
-3
25
4
-1
11
28
41
58
56
44
81
75
49
27
17
25
19
-9
69
7
49
28
3
44
104
-52
87
41
39
59
24
32
35
4
53
35
49
50
-7
75
26
20
35
7
64
34
60
18
35
27
35
-8
91
3
-19
18
48
84
39
35
41
37
35
18
54
-19
33
16
23
18
23
32
9
53
20
56
32
26
-2
50
50
40
59
57
25
85
16
44
65
16
42
36
-6
60
58
53
25
19
-4
27
53
4
22
22
26
59
55
27
29
39
26
17
-23
33
-3
35
102
-2
0
39
10
10
57
25
28
10
24
42
21
54
-11
87
9
38
40
18
32
18
82
67
83
26
13
34
11
51
51
2
-30
19
43
32
3
51
32
48
2
45
67
37
36
84
20
23
5
33
-22
23
32
19
21
76
39
48
48
65
-22
-19
0
18
29
51
24
41
6
-22
23
38
-7
33
48
10
65
48
70
-2
55
27
37
48
53
16
1
32
-9
68
66
33
44
7
44
19
-4
37
37
8
23
-1
23
36
22
75
36
77
103
84
114
41
19
-13
-62
-10
34
4
9
22
2
67
53
65
40
5
34
56
8
11
42
5
56
35
-8
11
10
32
72
21
49
43
49
10
38
53
12
26
19
28
39
-6
11
13
5
35
36
90
6
37
11
48
72
28
33
-6
-1
29
68
112
33
40
36
260
176
153
224
165
108
134
166
65
77
49
41
101
55
-97
-24
23
34
26
17
7
35
12
0
-14
-12
-45
25
43
-22
25
48
49
32
19
20
13
3
12
61
26
12
50
10
-1
25
-41