0
23
-24
35
57
45
45
69
11
19
10
49
73
12
-20
42
-2
36
20
38
50
27
-4
-21
17
-7
49
-21
50
32
56
4
41
37
25
56
43
50
36
12
57
67
22
16
59
-22
33
157
204
125
69
-59
-60
-50
-29
19
33
65
21
37
-5
2
86
38
51
20
17
27
64
-7
32
8
-26
76
0
-22
25
11
21
21
25
20
-33
38
38
52
37
71
51
48
12
-40
19
42
-3
48
49
18
24
76
40
12
17
23
12
67
35
29
42
32
20
20
38
27
-23
89
-3
24
-29
115
98
17
-18
48
-14
27
37
10
69
-14
-39
7
58
20
1
96
44
9
56
28
38
16
27
-4
20
5
33
57
24
90
58
58
4
21
-1
19
45
34
74
42
6
22
27
17
76
49
32
35
1
66
64
-4
24
7
12
52
41
10
38
-40
58
52
-35
18
67
52
49
87
27
21
104
28
7
-11
55
60
49
38
54
60
61
40
65
13
23
149
-45
-68
-39
53
24
32
69
53
35
32
60
9
115
65
2
91
7
-27
60
39
116
-29
-3
3
32
50
18
-41
4
5
7
37
-8
13
5
2
56
48
26
64
44
83
-37
4
-4
-1
3
52
55
1
53
-3
48
4
44
75
64
53
115
98
25
56
5
-13
56
-4
22
27
39
-8
45
50
76
34
41
33
65
-51
44
39
33
49
61
44
22
74
22
39
19
12
41
-22
21
74
-5
-2
53
32
32
41
50
53
-23
33
8
37
73
-4
54
27
10
43
53
32
4
65
37
5
80
29
3
49
-27
53
73
22
39
68
-17
7
36
64
2
56
32
6
52
41
48
82
-17
71
-4
48
18
-6
108
39
22
68
50
-6
25
20
59
38
19
48
22
72
24
43
37
17
7
64
32
13
-1
8
69
28
28
50
23
8
26
6
28
69
45
64
49
27
43
51
25
17
2
33
23
51
19
25
56
32
11
37
26
67
-3
28
12
-34
55
38
82
39
104
-21
-7
-2
0
34
59
-4
2
36
38
11
33
-3
80
72
52
57
32
6
-17
33
35
18
59
23
19
-3
58
21
49
21
32
68
57
44
8
54
48
36
34
21
53
13
2
26
40
16
7
69
32
58
-1
27
54
48
26
16
8
82
59
2
-33
-21
22
-5
-5
-1
19
39
49
6
73
71
29
39
53
35
21
9
53
43
41
19
20
74
38
11
48
51
29
68
42
48
58
34
26
36
29
64
24
40
27
24
-3
155
151
45
0
-33
-24
-61
-10
35
-28
4
18
28
44
37
51
59
26
49
2
69
51
57
1
-4
-11
57
41
-11
51
53
60
36
33
32
17
23
27
54
60
54
72
44
50
60
74
20
16
49
22
38
49
1
22
6
32
37
0
26
52
6
50
70
43
38
44
17
57
22
-11
36
49
32
33
27
28
20
11
52
72
16
8
7
54
38
11
26
7
-20
25
102
103
42
33
-11
-1
-13
28
35
-8
26
-7
17
43
34
26
18
33
18
55
58
45
26
59
44
27
32
52
32
76
58
40
33
38
24
-29
53
64
44
66
35
22
37
12
-18
11
32
26
41
9
55
80
27
101
69
19
36
43
35
57
16
26
25
21
24
33
23
54
29
67
-17
-4
8
67
49
52
37
59
12
9
12
36
33
25
24
-10
7
27
7
41
9
28
34
23
-20
100
134
45
-17
-4
7
44
107
7
-7
8
3
54
18
-4
37
-22
4
18
57
39
16
43
-13
53
39
7
53
59
-28
19
42
1
35
69
82
42
39
9
23
40
25
51
3
2
1
6
45
77
19
48
21
23
20
23
11
21
43
70
-6
54
37
76
55
24
34
18
22
-5
6
69
9
35
28
66
58
50
18
38
-35
58
-22
72
34
4
20
48
54
69
45
24
17
44
28
12
43
81
45
23
16
37
-2
71
18
52
-11
49
21
34
-21
27
12
21
38
49
24
40
54
67
56
66
74
25
41
34
-1
4
39
19
28
34
-25
4
49
-6
42
32
86
40
23
-23
-17
59
96
53
60
29
-44
8
-2
-20
7
9
88
105
68
19
53
38
12
106
154
130
24
56
35
20
16
2
52
10
40
11
82
51
43
9
39
17
81
9
-4
11
42
-9
-12
117
-1
4
27
1
60
66
-13
8
-18
-2
29
10
6
55
54
-36
3
-22
16
37
50
2
64
52
102
8
4
60
-25
26
2
-24
56
84
49
10
23
59
66
11
13
51
86
80
52
29
73
11
54
86
11
9
-19
-27
-54
-45
-26
6
25
17
86
43
-22
-86
132
109
-19
91
148
291
179
75
-68
-13
-62
-106
-52
-22
-99
-61
24
53
61
43
19
37
71
48
37
8
-9
-36
-36
67
72
65
7
118
8
-35
54
12
83
48
60
34
-8
41
134