0
5
23
-12
11
72
25
-5
36
33
29
74
24
50
-49
92
3
52
23
29
17
64
52
-25
9
54
35
7
71
11
21
6
64
39
51
16
-8
21
53
39
64
-13
37
38
-5
24
-14
80
49
27
29
66
6
131
-27
37
29
25
98
24
-4
34
66
33
-7
74
50
57
91
1
66
11
-45
34
3
83
45
-2
40
-18
40
56
-17
101
12
-17
37
87
66
33
84
-20
16
9
52
74
36
21
1
75
-13
57
-37
-8
11
100
12
28
32
-50
101
51
-22
26
43
35
56
22
108
67
91
108
56
-10
-43
-1
-94
19
10
58
2
98
21
17
101
64
76
-7
-33
-43
68
24
-6
12
19
49
-2
8
-12
-4
18
82
72
5
92
50
-84
86
230
168
10
-7
-43
-70
-7
-1
23
91
76
77
-2
-7
20
3
18
21
26
3
2
3
44
10
36
28
27
54
28
59
34
10
36
40
5
8
65
39
69
49
23
57
-1
26
99
41
45
58
21
25
-9
69
20
37
41
57
26
93
82
16
57
16
-6
2
2
59
-1
58
36
57
33
6
-13
-11
75
38
26
34
41
2
7
28
41
32
4
-34
-5
69
4
34
93
53
36
72
61
3
26
16
32
40
85
51
68
40
55
11
29
20
-11
64
-12
75
27
7
36
21
101
-2
7
73
60
12
44
-9
21
10
55
69
2
26
21
-17
21
29
85
-6
4
102
55
-5
22
35
-6
22
9
23
17
57
98
3
23
8
76
51
27
6
56
55
8
21
0
-26
57
20
23
76
6
54
80
17
45
35
64
20
-41
25
33
69
26
-19
73
-43
55
25
4
28
-44
49
32
35
82
3
18
73
66
18
24
71
40
42
38
50
38
-4
33
23
16
48
45
42
10
37
33
17
41
19
5
64
1
22
32
17
4
4
21
34
53
33
21
58
-11
-14
5
41
56
24
34
1
-4
41
42
20
66
53
49
27
43
5
2
-6
43
43
48
66
12
1
50
11
9
23
60
59
-19
96
11
11
65
17
88
20
26
22
33
-5
51
38
-5
-26
21
24
59
1
16
26
40
42
27
43
49
90
34
37
7
6
26
72
27
12
-8
40
53
7
38
1
56
52
52
20
-3
53
69
57
17
-18
34
51
16
20
49
43
-1
16
11
66
24
44
0
28
-12
22
28
72
43
19
27
44
-12
37
58
10
10
37
39
25
29
35
60
7
-6
50
74
24
54
25
42
38
21
84
39
33
7
-1
88
22
45
-9
37
-37
48
71
44
70
33
20
80
32
91
51
27
22
-29
52
16
34
44
-3
60
91
9
10
16
1
20
23
67
49
54
17
-5
48
57
43
17
37
0
8
67
1
71
-6
36
0
-1
59
56
1
41
10
60
32
33
-2
25
58
41
38
19
26
60
51
44
69
44
88
55
84
7
32
23
21
50
56
48
-19
7
38
42
36
53
35
39
36
25
20
43
-18
9
17
49
37
-9
38
43
20
50
68
-9
36
22
21
20
49
67
64
49
16
-17
33
88
44
-19
40
35
10
18
23
57
-7
39
33
6
24
40
28
70
6
12
58
96
25
-17
16
12
28
52
20
4
38
55
44
68
34
-9
54
23
-12
70
19
72
38
36
9
42
12
58
16
48
40
33
1
54
5
9
66
35
10
2
36
57
-20
56
51
54
40
16
-4
32
56
81
-19
89
45
48
11
67
34
53
29
33
-7
43
55
34
-20
58
72
0
38
37
3
10
-4
65
41
80
35
28
55
10
34
6
29
11
70
55
43
0
52
49
69
18
44
53
-27
66
10
17
39
-4
38
45
57
9
-34
121
13
57
17
75
42
13
57
18
-10
20
88
49
69
3
29
1
87
34
36
19
25
28
19
-4
53
81
40
-5
8
22
35
37
48
28
7
33
37
84
32
56
25
-18
72
19
22
24
55
10
25
39
32
50
33
39
55
5
58
42
35
33
16
22
69
23
9
58
-22
43
25
22
28
45
56
19
36
24
11
91
5
25
55
12
59
17
9
16
-19
7
22
41
26
-4
4
-9
54
37
17
44
-8
27
10
82
40
12
-35
96
22
45
57
54
70
57
-7
-2
28
5
22
16
92
7
70
49
24
-11
37
40
54
9
48
44
40
25
42
49
3
57
9
2
35
41
54
23
17
21
25
54
57
49
4
20
17
-6
39
17
44
80
48
27
6
17
68
-19
61
6
73
43
35
18
58
27
115
96
5
24
4
43
-3
27
-28
-69
64
71
42
1
-5
1
56
10
33
49
22
65
3
107
3
36
42
54
37
54
19
3
33
2
29
48
45
49
19
82
44
17
27
44
17
50
37
6
39
60
16
52
34
38
66
59
37
32
27
37
23
25
25
42
-1
36
68