0
44
60
22
73
80
3
33
37
-25
36
-3
55
9
1
44
34
8
45
27
34
-33
76
21
33
38
17
60
44
69
18
8
82
-24
28
22
-3
42
3
-17
32
49
4
81
77
52
24
28
96
49
-20
36
-6
40
-7
-11
44
11
17
35
-6
54
116
80
0
-24
45
82
54
24
34
17
44
74
20
-9
71
136
70
55
-3
0
26
25
44
-40
-13
97
60
-20
10
-11
99
32
23
19
54
21
61
-3
54
10
8
41
8
28
22
24
5
38
16
42
-1
-13
39
21
11
35
-6
34
42
48
81
69
84
11
22
25
59
54
21
27
4
28
48
34
33
66
18
20
13
34
0
28
16
48
49
17
38
24
27
69
58
16
8
18
67
16
35
-17
85
32
44
48
22
21
36
25
73
5
53
38
22
-5
24
52
40
22
16
56
13
19
34
59
25
55
1
36
10
97
6
12
26
12
51
-23
22
57
42
19
38
10
34
54
56
22
73
4
23
27
70
-1
23
19
25
44
18
59
39
72
56
17
40
11
24
7
26
90
80
-3
24
10
5
23
36
57
8
32
42
41
8
50
9
39
8
50
38
38
68
27
53
55
58
50
19
57
26
38
1
49
55
10
22
51
50
32
13
18
26
71
21
37
51
6
-4
8
33
60
37
29
59
-3
41
20
20
11
22
19
38
-7
52
59
17
32
20
51
53
22
40
16
21
-3
41
36
-7
20
16
25
52
32
22
32
25
102
52
1
37
17
34
32
7
53
48
55
9
38
3
27
9
39
49
26
44
28
42
55
10
34
64
42
44
-42
48
-12
-21
-19
-8
-39
3
-10
21
-40
3
26
-10
11
24
9
-9
-1
24
41
28
35
43
26
20
28
22
60
-23
4
10
83
26
20
24
61
8
-10
72
8
38
80
165
16
12
55
26
53
26
16
13
27
19
4
37
18
-10
29
21
85
25
36
29
68
68
60
10
80
65
-9
-1
9
50
29
43
59
33
43
33
42
53
77
56
25
43
28
59
28
42
21
3
64
23
51
26
66
21
2
59
26
38
57
60
20
8
36
3
59
24
68
55
42
40
60
50
40
1
12
55
48
13
22
8
49
32
43
16
3
-3
56
59
36
18
13
45
89
24
36
53
25
32
51
54
7
21
38
17
5
60
12
43
21
-1
42
10
51
86
23
26
7
19
27
16
33
25
92
64
77
76
120
45
73
91
107
98
33
43
87
69
52
60
49
42
64
1
26
32
37
4
22
53
8
77
40
45
99
26
45
39
35
32
39
25
52
82
39
27
41
22
19
16
42
-1
1
28
12
20
59
40
29
22
27
8
43
22
10
7
11
10
26
42
61
20
54
0
72
60
42
53
26
-26
59
12
-39
75
98
120
219
269
228
250
89
-26
-71
-91
-241
-312
-324
-234
-148
-91
11
35
43
83
91
114
162
75
106
91
67
105
91
36
86
54
53
42
43
37
25
0
55
42
44
60
44
24
25
54
12
40
36
58
42
-11
34
189
-22
57
24
22
27
-2
28
10
33
41
12
61
40
36
3
51
12
97
17
-37
-6
10
130
157
124
101
180
17
-69
-98
-122
-62
-43
-37
18
34
32
32
-1
72
74
130
192
244
81
26
-60
-135
-45
-30
-75
5
42
20
25
12
33
10
2
21
5
37
48
67
67
32
57
40
-9
67
32
49
40
36
4
28
35
35
11
32
21
21
34
32
11
39
18
10
23
57
18
33
8
59
-14
1
49
32
21
25
5
24
65
5
22
33
39
42
43
53
34
80
48
25
35
3
49
50
33
34
-10
-2
67
28
25
50
-2
21
22
9
27
53
26
52
21
4
6
35
24
61
9
24
-1
49
50
6
41
26
26
13
40
70
-20
-49
2
69
37
29
38
35
40
10
44
18
29
24
36
35
-25
41
-20
34
67
42
38
28
9
41
53
41
10
19
34
28
53
7
-8
12
73
66
53
2
28
32
56
41
-58
17
2
39
20
-4
28
38
40
25
70
24
43
22
35
24
59
67
32
59
32
33
20
7
4
-4
-2
19
58
-2
70
12
33
41
-4
40
44
21
44
42
3
33
36
38
44
0
41
20
36
39
35
23
32
53
22
50
32
74
11
12
38
33
35
54
2
24
21
32
19
60
24
33
50
32
-5
33
65
52
24
-35
55
56
12
4
50
76
11
-4
-3
40
27
42
29
55
52
20
44
11
59
50
57
-1
33
3
12
19
2
23
48
51
19
-8
21
-17
60
87
51
8
34
18
22
53
22
28
22
27
10
26
34
41
19
43
45
28
86
4
21
-20
26
4
13
70
22
20
24
50
27
9
21
25
18
2
85
56
41
53
10
7
23
52
54
0
34