0
17
53
17
38
12
66
9
-2
5
57
23
65
52
17
-3
6
51
54
86
27
19
49
-2
37
60
49
69
25
-11
-20
-39
-29
6
-19
39
18
-6
34
34
20
32
52
38
65
9
60
12
52
34
8
-11
54
82
27
23
-23
-1
64
17
64
26
64
56
4
33
66
10
37
36
-6
58
-5
57
45
24
67
10
-24
82
24
34
70
1
24
81
0
36
22
56
-5
-118
196
105
-9
64
131
-56
34
90
54
52
165
-2
92
-51
54
40
-88
9
2
118
34
-1
-69
-11
69
121
4
-70
5
54
0
82
56
-67
130
-22
38
91
35
81
103
26
100
108
13
36
-74
23
4
-36
-43
101
-41
-41
-56
2
10
8
57
104
60
123
129
-10
107
18
39
40
114
73
5
-156
22
0
53
19
-98
195
-77
-3
3
12
17
59
66
71
67
28
49
19
32
18
117
18
68
2
5
-1
87
50
5
-39
-116
39
50
43
224
-23
-9
154
17
-7
52
49
27
18
53
37
1
75
25
99
36
-36
38
60
80
55
-7
85
88
44
88
1
27
29
7
41
-28
18
38
37
50
18
6
16
10
-26
52
54
52
19
38
38
49
-1
12
25
-2
27
53
102
3
57
8
74
2
44
-17
18
-2
109
39
89
34
57
22
41
69
67
34
22
76
69
54
58
-24
53
55
5
40
-19
9
32
7
13
23
45
-17
44
67
4
58
57
2
23
10
41
76
17
49
25
16
25
82
41
-43
71
19
7
12
23
33
88
45
19
-29
52
84
2
20
43
55
61
67
9
-17
32
3
25
41
40
-9
32
22
35
10
7
16
74
17
76
45
18
52
3
-9
-4
32
4
37
102
86
27
41
23
71
73
49
72
6
80
58
-12
18
38
7
10
50
4
-9
65
22
11
-2
48
12
22
72
75
-1
76
32
32
2
49
10
44
22
32
18
8
21
34
52
43
-21
90
118
32
-19
52
9
11
25
40
56
53
81
20
38
43
11
16
20
-2
50
49
43
42
9
43
20
20
-9
7
24
1
70
53
3
49
27
16
5
44
51
53
49
6
53
25
28
35
-21
100
24
41
26
38
36
-4
28
41
20
52
45
8
34
54
24
55
69
32
72
20
40
18
65
-7
72
36
36
34
34
34
13
42
-29
6
72
28
43
0
0
-2
60
17
7
23
27
41
23
10
9
21
-6
50
25
68
39
44
44
22
37
52
26
41
33
43
82
36
82
36
28
42
36
-24
21
25
68
76
70
-37
16
20
41
-2
43
65
25
21
-1
43
25
16
22
5
34
99
85
1
49
32
53
52
19
23
19
24
32
7
54
3
48
22
53
29
43
52
55
56
43
5
20
76
-12
53
60
57
37
60
33
50
20
34
40
27
-6
28
50
-1
71
21
-24
3
74
24
23
67
27
27
23
49
40
-4
7
-5
51
6
54
40
43
85
24
10
83
9
-26
-14
29
29
34
100
3
25
24
36
13
-3
59
42
100
74
20
67
32
41
36
29
-1
69
25
-2
3
57
18
33
50
32
38
7
18
48
-40
42
18
36
50
34
-2
38
19
54
13
11
56
12
42
53
51
7
44
29
41
42
43
16
42
24
26
24
21
38
0
1
106
36
35
65
71
-20
21
24
44
53
10
65
35
21
21
35
68
82
-1
37
18
28
23
27
19
45
58
42
89
70
11
6
-37
-6
-18
8
35
11
35
64
88
-11
27
34
5
24
11
59
71
12
27
-5
50
32
-12
53
34
34
50
29
35
11
70
61
24
29
2
25
72
68
34
28
26
11
32
8
-13
39
25
16
42
56
34
-21
4
18
37
-8
27
1
36
19
34
45
61
37
52
106
122
20
-8
21
0
-5
8
9
1
59
38
4
23
28
12
34
16
19
8
67
69
50
37
17
24
11
51
17
25
51
33
40
-30
41
51
-7
27
43
26
22
42
4
84
85
11
34
11
5
-33
17
44
42
84
37
7
50
42
6
57
38
51
0
-24
11
10
50
54
36
88
17
23
69
32
0
54
39
90
37
-2
7
-1
61
-5
80
8
56
58
20
53
22
60
43
20
80
28
97
117
42
1
2
-26
-17
6
19
26
28
44
17
55
53
87
72
25
56
17
18
52
23
-3
97
81
52
27
89
61
27
70
44
10
-12
41
39
49
67
-8
-13
41
26
97
35
23
34
17
91
16
-33
38
29
52
37
18
17
34
37
22
22
48
28
43
29
37
42
40
60
-24
1
65
41
28
6
65
59
-13
43
11
34
59
-4
26
22
11
41
105
-21
6
33
34
25
48
25
9
56
37
41
44
39
107
122
171
233
325
297
71
42
-35
-140
-178
-213
-286
-265
-265
-183
-134
-7
66
67
61
93
147
88
123
98
74
80