0
-18
1
3
19
24
24
38
5
3
28
58
32
32
48
58
58
58
50
530
-571
-585
-585
-390
-359
-134
-90
-92
-46
-45
82
67
64
114
114
87
48
48
136
40
40
40
41
41
43
43
69
53
54
-49
1
7
128
-41
-34
-22
-35
-40
-40
-41
48
119
119
419
427
875
520
520
-790
-790
-433
-395
-92
-92
82
80
133
133
132
124
243
119
123
65
65
87
33
37
37
91
6
-33
-33
-25
22
22
25
44
69
69
69
69
20
99
99
75
35
69
49
-254
-254
-171
-41
6
-194
-33
-57
43
43
40
-9
-9
8
312
256
256
970
641
-556
168
102
-382
-382
328
502
502
296
397
264
134
-151
232
-76
-76
-379
-205
-520
-280
306
322
-405
18
101
101
649
-417
42
42
-724
-724
-1196
-1164
428
65
-877
-2048
-2003
-939
-939
-551
-101
797
1061
723
579
756
933
656
656
640
640
966
1032
1106
1089
716
716
-130
-178
-274
-460
-460
-321
-306
-285
-285
-327
-220
-133
-133
-8
20
150
153
140
220
75
-357
-171
-171
249
-103
-137
-137
-129
116
24
59
59
-33
-33
-33
-115
-11
1363
1254
1254
-658
-747
-920
-821
-150
172
244
193
330
53
80
58
-22
-71
81
74
-77
-102
-67
205
-14
-100
186
443
244
89
58
-39
72
155
11
-2
-70
-9
-147
114
104
-110
-142
44
13
-62
-5
118
135
18
13
-44
-56
-202
-156
-120
97
-134
161
-30
-89
93
-605
-2048
2047
-2048
-1251
-1013
-756
-435
-340
-248
43
692
1450
2047
1832
615
1653
1236
-1122
460
-632
-133
380
-1177
-35
-124
-3
-550
-578
-1163
626
396
188
49
170
376
34
413
532
597
86
837
42
389
710
811
603
769
438
-41
-71
-199
-300
-457
-701
-342
163
-331
-251
-162
32
-401
183
-6
25
189
491
300
-326
16
423
154
84
25
25
-251
241
123
24
-12
-57
-183
-126
-37
-182
-184
3
74
74
98
-3
92
60
-67
86
73
-242
8
-115
-266
69
-77
53
6
214
-49
279
-123
340
4
153
-242
-87
-291
-315
-148
-653
71
7
153
75
453
-155
64
101
88
-12
-12
54
-34
164
129
68
96
50
39
342
247
39
-57
-57
-282
-300
33
50
244
736
768
518
-533
-570
-589
-525
-263
-231
5
-200
178
17
213
25
125
121
149
230
60
203
136
-67
-82
-23
98
196
748
832
294
-310
-568
-747
-629
-359
-406
-330
-119
-4
148
163
70
75
54
64
64
-38
-23
-45
105
146
169
258
138
76
224
148
152
106
-12
-148
-129
-10
182
202
194
306
-9
-338
101
73
-113
100
1532
357
-871
-874
-974
-503
-577
91
246
-9
-9
-9
-9
10
-20
-8
2
635
635
-838
-838
-838
-838
-291
-291
-291
3
3
-299
-769
-769
-924
-924
277
1003
1031
1031
1031
428
428
356
512
259
72
236
-289
22
-194
-194
-9
-9
-33
-33
-33
-98
-45
209
611
611
-412
-875
160
645
407
407
-181
-186
-186
-186
-106
421
421
1474
1474
-1061
-187
-187
227
227
1399
808
808
808
808
202
202
-133
-133
-133
-1081
-1081
3
-813
-813
-1246
125
92
-852
-556
-556
-169
372
-442
-393
37
37
-181
593
593
593
581
581
385
385
658
229
-1173
-391
48
777
882
882
882
-213
-213
-213
139
215
215
460
1925
1153
1153
1067
852
-162
-162
237
237
203
203
-374
-374
-233
3
3
-155
-155
-155
-155
784
784
915
121
121
-265
-931
-931
-85
-85
131
131
-49
-102
-102
503
481
-380
-803
-881
-705
-668
-668
-668
-668
-148
-49
-49
-427
-371
-371
200
353
346
346
347
410
246
246
257
257
241
219
219
425
384
384
108
85
-74
-20
22
-10
-10
99
76
76
115
115
160
2
64
42
-44
-44
-44
-44
-44
-44
82
82
51
481
481
1016
-680
-725
-725
-725
-373
-373
-373
-363
-158
21
21
21
21
107
41
41
1
1
-56
-56
-103
67
67
-29
49
49
89
72
26
99
105
25
-20
-20
-20
-20
-7
198
198
198
176
71
71
573
121
-572
-210
-212
-212
-100
-27
293
57
-13
-29
-29
-6
69
0
37
-19
-19
55
21
251
16
119
67
5
-35
132
69
72
72
-24
-49
-49
-13
88
96
-22
39
100
123
120
-68
49
57
57
5
-108
-10
213
202
-19
13
104
85
141
93
-50
7
18
85
85
92
90
5
-9
-29
118
151
151
114
4
4
17
2
12
26
-28
44
32
41
1188
341
166
-917
-917
-922
-942
-700
-700
-248
8
55
55
164
140
149
155
146
116
204
43
10
66
117
37
37
117
117
364
170
251
251
251
140
-668
-504
-504
-109
-109
125
200
276
276
-86
93
-10
-35
-35
40
73
129
180
128
284
583
669
669
1303
1352
1043
-212
-810
-810
-555
71
-67
-277
74
-52
-52
-75
112
112
60
123
146
146
123
-23
80
80
60
107
107
90
35
269
452
596
424
186
186
-370
-486
-553
-231
-231
-134
-134
-37
-35
-154
-76
-76
39
-70
88
88
37
134
5
60
-1
53
53
90
90
52
160
133
133
89
-124
17
34
34
202
103
42
42
-36
-82
-61
-9
53
53
53
24
-51
-58
-42
-42
83
-3
52
52
137