0
16
27
18
-7
7
7
7
7
18
18
37
35
37
37
3
8
-104
83
83
132
105
77
43
52
52
52
38
38
13
17
33
33
18
33
19
19
36
20
20
39
85
105
89
89
104
89
44
7
37
84
84
65
35
69
69
72
56
52
39
37
55
26
34
34
34
34
34
34
-41
-41
107
-27
-27
68
117
70
70
73
73
33
13
23
-6
11
136
124
49
57
67
26
28
28
-10
17
17
57
86
86
33
50
81
-67
-67
-5
88
88
91
91
23
-22
-22
-21
26
45
81
67
67
130
130
130
130
100
90
18
36
36
36
-6
49
49
49
53
53
36
23
23
92
92
48
44
29
24
24
74
74
27
24
21
82
82
90
90
76
80
45
-11
66
35
35
-2
-2
56
75
72
1
10
10
25
-35
33
33
32
32
32
32
29
-10
8
8
8
92
92
39
39
45
39
40
21
21
53
44
44
44
44
44
64
66
66
64
64
36
38
41
41
-3
-3
107
102
40
40
33
33
25
32
32
12
26
50
38
42
52
32
41
9
28
32
16
16
16
135
58
58
60
60
58
71
71
65
59
16
16
41
-6
-6
-6
8
8
8
20
5
5
102
68
38
38
5
-7
67
83
22
27
67
82
70
54
19
19
48
19
55
55
54
40
40
40
16
4
44
44
39
41
34
72
5
5
65
68
64
38
-1
64
55
11
11
101
-44
-9
34
40
27
27
-17
28
-5
-14
-14
32
12
86
123
147
147
86
58
58
72
35
56
56
100
25
50
18
16
4
82
-81
-77
-1180
-1134
-652
-110
-110
-90
43
1106
1245
1245
1963
1115
1115
1053
688
443
443
291
200
138
138
102
99
82
67
58
56
52
49
49
51
49
45
43
38
38
37
37
38
39
41
37
37
37
34
28
28
28
36
28
28
39
41
34
28
28
25
27
51
51
52
40
40
26
6
6
23
41
4
8
8
11
28
28
27
-7
28
28
36
22
13
-2
-2
24
24
12
26
8
33
-20
-27
-27
-29
-38
39
-5
9
-29
-29
-37
-59
-33
-33
-34
-52
0
0
-75
-70
-81
-81
-120
-10
-10
37
67
40
-43
22
40
9
-30
-5
-5
37
-211
-58
-44
-33
-10
-24
-24
-41
-41
-12
34
-42
-22
9
58
148
101
234
198
213
115
36
9
-105
-115
-115
-170
-145
4
61
100
90
87
105
-29
-29
-27
-14
4
64
181
36
-40
67
344
-150
-150
166
211
211
91
-360
-402
-419
-198
-60
0
-33
325
309
252
275
195
-20
27
-3
-36
-36
-28
162
148
117
-37
87
180
41
-27
166
7
65
45
9
-90
98
32
28
-26
-18
25
54
92
83
11
9
114
42
0
90
37
115
-9
64
64
76
3
61
54
113
290
217
224
34
-183
-122
-76
-205
-49
-153
-13
55
57
17
38
-57
2
48
35
11
33
123
73
90
21
123
82
88
-5
59
37
85
-14
118
68
-89
-55
-55
-10
108
-7
112
-45
-52
150
18
7
107
82
56
106
106
74
113
80
85
99
21
-18
-19
57
11
-28
147
81
52
81
103
18
13
13
-21
-21
-8
20
-40
133
114
42
58
40
50
50
85
-35
43
97
-9
54
71
99
44
50
25
12
41
80
11
101
-24
132
70
10
28
29
51
84
109
137
34
59
-19
-27
2
58
-14
26
51
109
45
39
74
150
86
64
124
93
69
81
55
83
-20
102
146
146
22
67
67
4
19
51
-105
168
36
49
11
75
75
17
39
27
-56
93
258
41
-34
72
96
102
124
-36
97
37
58
7
153
-13
7
84
18
64
39
57
109
115
33
60
16
28
37
70
22
82
22
39
128
115
115
97
65
65
2
43
43
48
48
42
42
42
-7
-17
-38
28
21
21
19
87
87
103
103
20
84
84
96
-26
1
24
24
60
60
60
54
34
34
119
119
119
148
48
48
-123
7
7
35
93
44
93
93
73
25
6
6
6
12
-41
60
6
6
-7
93
25
49
-4
39
136
210
210
57
57
151
21
21
61
61
-66
-90
-278
-278
-67
-67
87
43
125
199
199
210
210
128
128
128
228
288
-1193
-1662
-1662
-886
1
1
0
711
711
1200
497
437
437
274
192
344
579
579
579
579
324
288
342
88
88
82
82
20
20
20
-181
-30
-90
-252
123
188
57
294
291
295
74
74
74
74
74
24
-37
-37
-19
44
44
44
44
-35
-91
34
34
145
-3
-3
10
19
19
19
-4
80
80
28
48
-33
-33
-38
43
129
0
96
68
141
42
42
107
26
-5
16
50
119
119
-2
28
-38
-41
51
51
2
55
-13
70
188
43
43
152
96
172
167
167
301
301
272
128
-120
-120
-77
-77
-77
73
73
34
180
-26
-39
-39
-27
-27
-44
-44
93
93
172
152
57
57
138
64
64
82
119
-59
-59
-37
4
4
6
-17
26
26
26
-27
115
6
-61
300
300
27
26
-150
-131