0
0
0
0
0
0
0
-2048
177
141
109
98
371
321
361
145
-20
-57
-69
-67
-89
-43
5
76
-45
-157
49
-21
-67
-232
32
43
41
13
55
90
137
68
16
-166
72
23
44
108
12
72
33
57
68
23
-44
51
11
82
21
11
71
7
391
499
316
92
-65
-182
-225
-149
-81
-61
-67
-7
-56
-4
-18
61
92
54
-1
25
-62
3
-25
88
-37
-284
-213
-53
32
76
39
80
84
32
96
147
48
51
-40
4
67
76
9
40
23
75
93
51
-27
211
232
245
23
-39
-36
21
7
7
7
-8
-24
-61
-61
-35
-28
-28
-6
321
18
-249
-227
-227
-219
-202
-202
-136
-69
-69
-69
-53
-53
-163
52
61
61
44
44
44
123
644
-407
-407
-426
-316
-340
-340
-358
-238
-236
-236
5
1
1
1
1
1
119
128
128
1105
1063
1063
-750
-859
-859
-859
-859
-629
-218
113
113
113
113
278
199
199
199
105
105
100
76
76
44
44
44
75
232
140
140
154
154
104
84
84
20
53
53
50
320
320
320
365
365
365
365
365
40
16
16
-4
188
188
691
-595
-595
-613
-613
-420
-234
-234
-201
6
3
-55
-36
28
28
28
87
87
87
87
87
113
9
-4
-11
-11
53
53
53
19
-19
-19
-19
21
13
13
-18
-18
-18
-18
-18
-18
19
38
38
28
28
28
28
28
8
8
8
8
2
80
-46
-1
117
68
67
115
53
53
53
53
53
9
9
87
139
132
132
-24
-24
442
376
376
376
376
148
50
50
-54
-54
-99
-99
-77
-24
32
32
58
59
59
-41
-41
-41
9
13
101
101
101
58
58
58
-41
50
-115
-311
230
-109
-403
-403
496
496
496
348
225
225
245
245
245
252
252
232
75
106
-76
124
124
19
19
36
36
21
-7
0
89
90
90
90
90
328
408
408
497
484
-738
-553
-163
-163
-153
-153
-153
20
52
67
124
124
176
173
64
69
69
80
83
81
81
37
53
38
74
53
50
-8
11
18
44
44
-34
-36
36
36
554
-69
-121
-121
-230
-137
-99
-99
-27
24
-24
-24
58
-6
49
57
22
22
57
106
-41
-30
-36
-36
-42
-41
182
134
-87
-83
-100
-10
18
421
487
1126
1096
-586
-397
-325
-325
-404
-418
59
59
-33
18
48
48
187
-1
-194
-177
-109
-327
-28
128
32
102
13
22
22
101
101
6
-44
-44
-44
-44
147
139
139
152
88
-69
-69
-43
-145
339
339
311
279
92
187
192
-129
58
51
51
-6
-216
-142
75
-1
-327
-26
21
-88
49
49
141
-19
-82
-247
-84
54
54
54
140
-69
-37
3
22
233
233
233
-55
172
172
74
22
21
96
52
52
-92
-94
129
160
-70
-86
148
194
-44
-44
-58
-4
-40
-40
-6
-40
-102
93
-166
-20
43
43
98
98
98
11
11
11
11
11
69
69
86
44
44
44
51
51
-11
-106
10
57
138
42
16
54
72
54
117
129
22
22
166
166
328
-595
-595
-597
-684
-684
-331
-252
-69
284
284
252
244
244
300
273
273
99
226
90
137
37
53
83
101
105
105
-21
-14
-17
-25
-25
33
107
-38
-54
-72
112
112
103
35
-38
-9
48
68
24
24
-45
-37
520
1146
775
552
-327
-357
-728
-723
-564
-350
-246
-77
-5
256
320
669
556
444
420
133
-308
-401
-489
-369
-236
-189
-124
-145
33
7
150
75
68
115
53
193
0
67
40
75
65
13
19
26
-7
91
-2
132
282
160
51
-86
-25
-33
34
-3
-23
-53
91
267
5
20
109
-7
32
25
24
82
75
28
10
-11
43
-17
-54
2
-38
65
80
8
43
48
-4
56
85
-27
58
-3
24
7
81
33
-40
8
8
28
40
7
16
10
39
-291
-291
-279
-227
96
59
136
101
120
180
86
57
104
154
103
21
32
32
138
71
-1
85
-21
-8
28
32
-9
48
54
49
84
144
40
120
69
34
67
-34
69
-53
-41
-9
20
37
-8
76
267
902
450
65
-340
-327
-214
85
434
-135
-494
-631
-609
-587
-328
-92
-49
122
117
220
167
60
211
107
121
121
108
41
18
6
6
54
32
73
37
37
84
42
74
77
226
215
45
11
-39
-9
6
-41
-14
36
82
81
26
125
-53
-26
-40
16
27
38
-119
27
-68
-43
99
16
-20
2
-10
-12
104
18
16
-18
50
4
-21
-18
-6
59
64
179
307
423
644
683
86
-500
-539
-574
-357
-354
-153
17
189
337
1035
1041
420
420
237
-733
-571
-443
-347
-103
100
49
85
188
164
149
186
266
228
124
80
115
57
59
133
107
26
75
49
105
51
33
-26
92
99
114
84
26
38
-6
8
8
-18
1
1
68
-41
-56
-10
-10
-10
-10
-7
26
22
22
184
-156
-116
-116
161
161
85
39
-45
55
49
49
-5
-27
-27
52
36
36
0
0
0
-89
-89
241
21
38
38
52
74
74
25
25
25
25
25
25
27
-24
1
-39
-39
23
96
65
65
912
993
834
-98
-196
-196
-196
-196
-673
-87
7
7
22
140
140
141
151
150
128
666
1324
1348
-584
-578
-578