0
102
117
128
26
26
26
-3
54
8
29
59
69
56
-13
-13
41
10
10
41
83
54
72
82
82
24
24
-4
20
-43
-50
26
3
8
8
8
1
70
70
43
82
86
49
17
19
37
35
37
37
37
38
66
66
2
-49
-12
5
36
36
1
-14
65
12
12
24
32
32
29
29
29
27
18
18
59
70
-13
25
40
58
5
25
25
-55
-55
-84
-93
-83
-88
-88
-100
-197
-171
-87
-65
-40
-2
-2
163
252
182
99
121
121
129
74
89
-65
-76
179
200
200
151
133
135
135
125
100
81
4
-2
-2
12
12
26
131
426
231
-433
-481
-433
-334
-334
-150
59
87
123
123
74
166
109
104
53
53
54
16
105
109
114
138
198
198
180
180
-17
-17
-33
6
6
-40
-12
-12
-25
-52
-6
-6
-28
49
3
3
6
12
12
26
34
27
146
92
-37
-75
-129
-86
-66
-58
310
635
664
389
64
-334
-461
-487
-452
-245
-151
-184
-104
27
11
132
67
67
173
21
80
82
123
570
592
131
120
-221
-354
-361
-251
-280
-188
9
-134
144
133
177
86
227
627
554
160
-220
-279
-244
-190
-108
-98
-49
10
131
268
217
150
83
163
113
101
53
-3
66
22
27
8
3
-3
35
193
594
594
587
-110
-340
-348
-357
-215
-151
-86
-69
-57
-92
-24
293
483
730
705
314
20
-93
-284
-497
-339
-222
-165
-70
-52
51
373
404
498
611
-138
-277
-450
-369
-290
-168
-101
-34
25
128
55
87
74
115
109
114
87
146
90
102
99
84
130
130
64
-1
-10
82
85
32
97
49
44
56
59
65
45
44
92
534
667
648
265
265
-249
-219
-412
-357
-174
-34
115
230
522
489
9
-266
-295
-241
-125
-116
-59
149
264
147
202
71
117
193
112
68
-89
-21
18
8
-29
-29
55
96
131
29
93
22
16
49
54
38
80
36
65
92
112
54
88
71
99
49
25
25
64
39
72
59
7
86
39
65
68
80
18
40
38
-3
51
8
-563
117
520
259
512
226
226
171
-374
-513
-422
-291
-19
73
129
77
88
91
149
134
105
84
84
22
97
73
86
66
38
59
106
96
66
42
66
59
24
24
6
44
104
55
25
54
-14
6
19
-34
13
25
37
72
98
42
36
83
83
83
83
83
97
97
104
34
33
33
21
21
21
43
43
43
37
54
54
54
55
37
33
72
72
16
16
16
20
7
42
42
24
26
-39
41
41
41
42
52
52
49
33
37
37
37
26
39
48
-14
70
73
73
-9
-9
-9
52
52
65
65
55
74
74
74
55
55
68
41
55
55
71
54
60
89
82
82
65
65
11
44
44
44
64
64
64
64
42
54
73
57
57
66
66
66
68
68
68
59
-8
69
27
33
34
-74
-38
123
93
93
26
20
20
-42
-11
-13
19
42
57
57
72
53
53
53
53
53
12
12
28
825
825
825
825
825
825
825
825
-313
-577
-490
-490
33
33
33
54
92
92
107
82
76
76
76
76
12
68
100
100
106
106
55
50
50
50
34
13
13
20
51
51
51
24
24
18
52
32
32
32
32
32
9
9
66
32
41
41
69
69
-35
-11
-11
50
48
48
-7
37
37
54
51
33
33
76
76
76
146
100
100
60
60
59
40
42
1
28
28
73
65
65
113
113
113
104
86
86
60
42
42
42
-19
18
18
8
-39
-39
-39
-39
-35
-35
-35
-57
-104
-104
-60
-297
-297
-297
-101
53
29
29
-253
-253
60
130
240
213
228
228
172
118
118
123
169
276
227
227
176
176
176
21
29
39
53
87
87
87
87
-89
22
-81
-46
529
24
24
-135
-420
-490
-439
-401
195
315
264
341
341
310
194
112
276
118
100
42
42
25
57
51
48
-134
-114
-90
8
49
21
11
67
77
77
-43
23
41
57
40
49
56
104
104
104
32
32
59
8
-2
13
-13
17
28
19
34
34
36
56
7
7
23
81
71
33
42
-19
-17
-17
-34
25
49
61
70
65
18
19
19
19
18
7
108
118
38
34
42
60
53
60
49
60
32
99
120
-116
3
138
227
196
-105
-167
-167
-90
-116
-115
-123
36
36
74
39
28
28
11
43
53
48
69
80
88
166
167
167
139
-1
-14
-14
-23
-83
-83
12
67
67
68
32
40
33
8
34
17
53
71
73
90
90
34
42
42
82
55
42
42
7
6
43
43
75
38
41
41
3
53
43
45
80
68
34
38
48
5
-9
65
65
22
48
48
40
37
-12
5
5
7
60
112
41
-8
32
27
73
26
45
34
35
24
23
76
109
32
37
13
67
67
26
6
6
-10
56
55
54
35
32
43
61
61
98
10
67
5
43
60
-9
43
39
11
58
9
34
34
4
87
87
87
16
33
23
-5
44
64
33
67
38
53
36
-35
-83
16
19
-7
50
116
93
84
65
44
81
28
4
81
43
73
36
83
-22
12
4
44
50
54