0
0
0
-36
-36
-36
-36
-36
-74
85
85
85
85
44
-2
-2
-2
-2
24
32
40
39
39
39
39
-8
-8
44
35
28
28
28
28
28
115
44
18
18
0
0
61
115
115
80
50
56
59
75
75
92
92
85
41
10
10
-65
-65
-14
9
9
38
38
16
16
32
66
66
18
18
50
89
60
60
60
-3
7
7
32
32
32
-2
56
66
66
97
105
105
60
83
83
57
49
49
231
229
68
22
7
7
7
20
20
-25
-25
-50
-6
-18
-18
45
27
-10
-17
74
74
45
77
38
-11
-11
-11
43
61
40
-10
20
24
4
97
37
81
42
28
28
41
36
38
38
9
21
61
61
48
65
49
49
98
68
33
71
69
80
99
65
32
-2
27
12
-8
-8
-7
6
-3
21
81
44
6
32
113
43
44
51
48
48
50
-8
20
59
40
38
25
5
5
50
59
75
58
33
27
27
38
12
23
65
70
70
70
70
-17
39
-3
26
18
33
32
2
-1
38
32
49
53
73
25
20
50
-1
-1
27
18
18
28
35
40
85
58
58
48
67
67
67
103
93
91
45
70
70
70
48
37
74
93
50
66
2
24
41
33
10
26
-66
40
1
-11
-8
75
75
37
67
76
56
56
7
73
55
55
55
57
51
5
32
32
32
9
40
52
48
40
17
75
75
53
99
11
37
8
43
6
26
26
60
55
54
58
61
61
49
44
21
2
-2
44
-12
48
59
54
54
53
73
136
26
51
68
67
44
44
22
22
-9
48
44
44
44
9
44
44
33
64
64
35
20
24
24
39
-21
66
44
44
-6
-1
-1
49
21
41
58
27
55
43
27
57
45
42
67
67
83
83
42
42
-13
-22
274
274
274
711
737
-438
-406
-391
-391
-263
-263
-263
-99
90
89
113
75
140
112
87
96
97
75
64
55
13
33
42
59
103
69
36
81
-1
-5
44
-53
119
41
55
54
40
20
21
3
37
12
39
20
18
64
82
118
54
39
-12
12
34
-2
41
26
27
59
59
59
28
58
54
69
68
68
19
44
27
20
27
36
55
55
24
80
41
24
51
84
44
45
64
75
-5
37
34
32
10
56
77
36
25
19
61
57
48
85
40
85
50
38
38
39
38
41
37
-8
29
12
1
68
-20
0
17
155
54
55
11
23
37
34
35
80
50
57
32
17
73
91
10
48
51
51
64
-4
-14
12
34
34
-6
-6
99
42
65
7
35
87
77
34
8
96
33
77
97
44
77
3
134
54
37
44
44
42
70
87
27
50
41
43
0
86
-7
6
8
36
-105
-6
-6
0
41
140
137
130
131
103
108
108
72
208
164
32
59
18
20
-25
16
16
16
32
13
0
-5
-5
-7
-7
1
-5
-37
-38
39
-1
19
8
103
6
71
75
-35
121
132
100
87
42
87
70
67
59
64
9
90
96
74
33
70
23
53
51
51
41
-18
27
22
35
37
44
75
42
52
97
28
48
24
55
40
38
-18
-23
65
57
3
43
67
-5
74
64
18
42
45
8
22
85
55
34
23
4
52
18
60
2
18
27
36
91
144
-13
-35
-40
-6
-4
-4
-4
-4
-4
-24
-8
-8
18
33
33
33
49
272
256
256
9
-6
-6
-5
-21
-21
-8
-8
-11
8
18
18
55
55
57
12
-3
73
76
76
76
41
34
32
28
28
28
28
17
17
11
-3
-34
-34
-34
-34
-46
-46
59
59
59
41
56
50
36
76
65
65
-1
19
19
19
19
19
67
26
26
-2
-2
-2
60
60
60
9
2
-6
85
53
53
53
53
-4
-4
11
43
43
36
104
104
162
162
162
90
81
81
65
43
76
-4
6
6
34
34
21
21
11
11
56
80
80
121
121
121
121
121
121
121
121
121
121
114
114
114
87
87
44
44
114
114
64
64
51
80
71
37
38
-8
32
66
69
69
69
69
55
34
49
49
42
38
38
48
48
48
2
52
2
54
16
16
45
45
45
7
7
26
32
32
17
-2
-2
4
65
28
21
11
11
11
17
17
57
57
89
89
11
-17
56
1
-23
20
19
19
40
44
64
64
64
59
44
44
22
28
28
-65
-84
-84
21
10
88
83
84
7
89
105
86
86
84
68
26
26
26
26
26
26
26
6
6
6
42
37
37
0
75
-28
24
24
0
58
88
88
88
88
88
65
65
-3
2
83
6
91
104
-6
17
74
87
68
68
91
92
87
33
6
27
27
27
8
27
21
21
37
-8
92
52
69
28
323
389
389
637
315
267
267
-442
-460
-460
-442
-293
-282
7
229
252
195
101
73
132
66
76
76
76
76
76
92
51
112
98
39
48
48
68
34
29
-18
28
28
28
54
54
-1
5
10
88
38
58
39
39
66
58
44
57
57
-10
-13
-37
-37
-37
-67
-51
4
45
-1
-1
3
35