0
38
7
39
64
42
33
42
38
92
22
59
85
27
32
57
11
32
26
2
44
74
66
21
89
64
85
54
82
69
56
35
74
80
35
57
-7
50
43
68
34
92
17
67
83
23
74
20
-3
28
19
-6
25
27
51
32
37
39
147
50
34
86
76
69
89
84
52
57
55
66
71
83
82
60
-20
148
130
88
42
66
113
49
56
85
105
41
-44
-57
26
-4
51
114
100
26
38
11
42
32
98
25
104
40
124
84
41
129
114
56
26
10
-9
-23
-6
72
39
55
2
-28
157
70
64
121
4
33
19
22
22
-10
82
4
59
-18
120
102
67
121
98
39
22
51
27
52
36
115
28
11
11
11
33
33
-3
24
107
43
19
24
113
113
146
146
0
8
-28
105
73
73
98
82
58
58
58
41
49
85
85
144
121
96
96
101
101
101
101
82
28
12
21
20
4
4
4
41
98
104
104
-2
77
7
7
17
97
97
51
51
-43
-43
38
24
83
33
23
58
58
61
-4
-3
16
24
66
41
53
105
59
32
-14
-14
133
67
10
-5
64
97
97
132
0
52
52
68
131
131
76
48
59
37
19
-18
-18
-28
-38
129
21
26
39
10
10
-59
-67
-67
-67
38
49
-53
-88
131
163
163
112
9
4
4
-289
28
169
289
198
228
90
81
81
164
164
164
72
84
84
84
93
102
1
1
12
-13
48
28
28
13
39
42
57
57
80
75
-42
103
59
40
41
25
25
33
33
123
37
83
83
59
59
59
59
59
59
4
37
37
37
72
81
81
83
83
59
93
13
96
42
42
123
1
-21
-35
28
28
44
120
120
189
138
80
70
81
21
86
86
39
41
41
41
82
82
59
18
25
-3
146
146
71
134
134
36
-11
64
3
22
-4
-4
69
-35
105
108
57
-2
20
13
13
13
0
56
-55
10
10
10
6
-26
-26
29
-42
-69
-69
-61
48
114
149
170
148
129
164
-41
-185
-18
18
8
86
57
54
-73
27
-4
-4
-12
-41
-41
-5
34
-49
92
20
20
80
116
45
45
172
188
92
85
7
26
26
57
83
87
87
82
83
18
18
-1
50
50
50
50
75
104
155
49
2
-11
-11
90
42
42
107
169
169
169
136
136
75
-56
-56
104
87
87
-91
-104
-104
49
103
20
114
89
76
76
36
69
147
50
-7
-5
-5
18
5
-1
-1
42
37
69
48
-2
-2
7
25
-24
-71
24
42
91
-273
-253
-201
-201
48
228
162
-10
-105
-76
-76
-156
-69
416
452
413
353
313
313
267
106
154
154
124
180
91
89
77
165
140
24
24
55
22
43
64
64
41
72
117
84
-4
-3
99
38
38
121
23
-37
-4
-92
-69
-102
-38
-38
-19
-60
0
74
80
168
168
171
87
112
72
71
71
106
44
44
-6
-6
1
37
81
-8
84
-20
75
24
24
102
-13
-5
-5
107
58
48
69
-77
257
257
197
74
42
68
-42
-172
-172
-137
-44
-40
-30
-26
-26
-22
-12
117
161
133
1
57
34
45
41
41
105
35
21
26
66
64
59
5
-62
-10
91
-25
33
59
36
36
69
66
49
2
22
8
8
23
125
137
137
64
32
-34
-34
89
81
74
41
151
97
58
6
27
11
3
-19
-69
49
41
36
41
45
43
-7
114
104
39
69
27
96
121
69
69
68
42
74
37
112
-17
61
51
89
-12
28
-26
-26
36
4
-24
69
72
72
35
24
82
100
100
-23
11
36
28
-84
-54
72
52
52
108
29
92
33
101
103
35
56
56
51
44
55
-7
-27
106
73
119
56
0
-20
65
49
48
16
32
32
37
216
80
68
82
-158
-97
23
-25
9
19
-53
100
85
42
58
92
116
160
160
73
49
49
49
6
74
5
76
118
139
106
-27
75
67
28
20
-8
-26
-66
-68
-117
53
35
-34
74
104
104
88
112
124
84
90
86
69
106
108
75
74
22
22
-26
43
76
226
211
252
50
-153
-219
-236
-45
-11
40
38
233
233
134
42
26
26
103
-36
-40
-27
-35
-120
-106
-3
-3
-82
195
43
51
12
16
215
173
281
258
104
54
213
213
317
328
118
-6
-51
0
73
73
170
44
-168
-1
-99
-66
-82
-120
-81
40
22
108
87
150
122
146
145
0
81
52
6
58
108
123
140
-23
-7
21
8
-8
-8
70
18
34
33
107
55
16
-42
-27
-27
-27
7
-102
-59
-236
-200
-385
20
68
231
37
4
96
164
139
276
91
65
-33
-33
-300
-231
-293
-408
-307
-91
194
249
368
550
506
521
327
233
109
45
-19
18
21
-22
-22
-18
-10
41
17
75
73
101
54
26
11
20
20
49
80
124
124
140
-99
-99
12
7
7
7
7
-4
-4
-125
-391
-358
-358
-263
-1339
-1339
-1362
-1362
-685
-211
-211
-182
-158
-158
-158
-158
-158
796
796
898
898
797
797
797
797
797
578
578
421
313
313
354
147
147
25
67
105