0
0
25
67
101
58
34
34
34
91
16
16
16
3
19
186
179
28
-1
-107
-65
25
54
96
36
83
7
-453
186
198
198
194
98
34
34
-40
-2
-2
-10
-22
-22
-22
48
48
90
25
74
250
288
416
368
-445
-445
-465
-465
-366
-366
-135
52
54
54
54
41
41
75
75
122
119
185
113
89
67
67
44
44
54
120
149
149
58
73
73
65
-28
-35
-35
-35
43
43
48
0
-2
-2
-2
119
72
26
16
26
26
74
48
67
51
39
39
39
98
98
83
33
44
44
-6
25
75
75
-10
67
4
19
-4
-21
-10
51
9
23
23
-6
59
35
3
24
24
48
69
81
81
66
-6
52
66
66
64
41
39
-3
-42
-23
35
35
84
24
18
124
48
2
2
272
285
37
67
26
-116
-120
8
28
42
70
108
108
28
-2
71
71
73
70
37
37
25
6
6
42
82
82
82
54
56
44
-37
-37
65
-61
24
123
49
3
-40
-40
19
38
66
102
48
48
102
102
102
90
140
529
675
-293
-458
-456
-456
-407
-417
-147
-209
-56
88
64
64
85
290
103
75
75
97
25
-3
-23
0
82
73
73
98
28
6
64
71
104
101
24
29
29
53
35
-12
-12
24
38
-26
-19
112
-22
-22
22
74
41
41
67
55
35
91
40
129
64
64
22
8
39
39
21
17
0
0
40
44
49
81
8
25
99
9
64
28
-73
28
28
34
19
61
61
44
9
80
64
56
9
39
49
13
11
11
3
39
-24
-24
-20
-6
16
76
33
23
-1
-11
117
117
33
38
40
108
34
32
70
60
40
40
7
-6
22
-4
-4
27
-1
92
157
157
61
-7
4
4
51
117
118
19
-11
-11
13
76
72
72
65
22
-13
85
70
51
0
34
65
65
5
-36
-36
-36
42
42
-21
32
32
54
20
81
88
1
54
73
82
7
70
0
71
71
38
64
80
43
53
34
56
52
64
102
77
55
25
-5
57
24
27
18
54
-2
76
61
36
75
35
32
92
55
5
98
85
-3
17
38
59
9
13
-42
-46
23
11
6
28
38
8
43
22
171
173
217
85
60
89
41
40
-106
-117
87
101
32
33
85
70
71
5
40
37
129
108
2
9
-55
108
17
22
85
59
59
1
32
48
49
87
73
57
18
25
28
27
9
91
64
44
59
45
108
59
43
-35
11
11
28
83
50
26
48
9
-5
39
36
41
51
40
35
36
83
61
52
65
58
9
65
39
9
10
54
37
34
12
-3
10
70
45
64
88
57
23
66
11
186
167
229
233
-35
-102
-154
-44
-92
-14
21
-10
80
51
40
66
76
52
80
198
444
457
547
402
-40
-404
-413
-428
-291
-190
-44
29
0
118
92
80
106
131
226
81
40
49
80
58
22
34
26
32
56
69
69
104
-41
33
38
40
48
70
4
-44
51
18
28
28
-54
26
32
26
37
43
38
8
75
36
28
40
-49
-21
35
17
17
81
41
61
61
60
42
82
70
130
65
35
42
37
32
32
99
21
68
25
8
40
58
39
65
-25
116
103
48
28
-8
34
27
5
2
-34
13
5
72
48
56
40
59
11
24
24
43
23
23
23
64
21
36
69
59
59
59
50
3
3
18
39
39
39
39
26
-6
22
57
57
55
55
50
60
54
54
48
66
43
43
43
43
28
32
85
60
32
66
66
75
33
40
40
40
24
40
25
17
21
38
156
130
1288
1328
1328
1340
1340
437
437
408
-296
-678
-990
-990
-990
-295
-295
-294
-158
-177
-177
-45
-45
-52
-52
-54
-56
-56
221
221
314
314
314
314
139
182
182
288
279
279
279
279
12
12
37
80
120
235
208
213
101
67
66
86
86
68
68
68
49
42
113
59
10
10
10
49
42
85
85
85
91
19
57
57
75
75
2
2
2
23
21
21
35
5
5
34
16
39
39
102
116
116
-132
-156
-156
-174
-174
-174
-216
-216
-216
-216
52
61
61
61
166
166
161
161
152
152
136
88
41
98
37
28
-11
-11
-8
-7
-23
35
35
34
34
70
70
70
52
86
106
106
72
72
113
28
28
27
18
18
18
42
-33
97
71
73
60
66
70
70
48
48
48
24
24
29
72
72
40
27
27
27
27
43
43
100
59
59
52
7
153
36
26
29
44
44
44
13
60
75
53
2
11
11
11
-125
-103
-114
59
59
59
59
59
59
91
23
23
162
593
209
3
-348
-365
-365
-260
-236
-34
19
122
161
161
107
107
71
24
42
43
72
100
103
131
112
-19
-23
-17
33
33
84
20
20
7
58
58
58
36
36
36
22
90
90
104
88
-12
122
16
16
89
45
-8
-17
71
56
104
75
103
59
20
20
109
138
163
136
136
7
64
26
26
-55
6
56
56
68
-21
-25
-12
106
3
55
22
34
0
37
37
76
52
6
-14
85
96
96
76
76
76