0
52
60
7
11
-10
-7
29
29
55
55
18
40
32
21
39
56
22
-51
-51
-74
-171
-44
-44
-88
58
120
92
92
69
114
100
50
50
169
152
129
121
121
121
53
81
81
54
26
54
216
248
22
21
-11
-11
-26
64
40
40
24
34
-4
-4
55
54
-21
-21
-25
53
48
48
300
697
656
656
277
-216
-366
-423
-299
-295
-109
-109
-70
44
74
86
99
133
109
113
297
347
282
73
57
-27
-27
-27
-27
-22
34
34
10
0
6
66
91
101
10
-4
35
-22
-22
48
69
49
59
119
130
1
-17
5
43
28
21
21
-5
-25
44
44
17
11
12
19
13
7
27
60
6
-21
-4
34
34
28
8
8
6
51
71
40
107
71
71
85
58
-44
-4
-3
-4
-4
75
24
24
87
41
88
112
36
39
23
6
50
92
17
58
4
54
-20
85
54
51
56
5
56
26
120
17
-7
9
51
60
28
49
43
-9
128
20
22
-49
-20
57
-5
128
-52
81
-165
-252
-250
-251
-52
81
147
234
306
278
339
193
189
38
10
2
11
32
8
-27
29
75
75
43
-7
-24
-24
0
16
18
43
88
134
130
179
10
41
-5
-7
4
-56
-69
12
117
155
169
49
25
33
23
48
23
28
-19
-34
-77
-87
92
54
-58
49
83
8
5
-5
-8
2
33
102
102
96
96
96
76
122
55
54
5
35
17
44
33
10
44
38
38
49
-2
23
54
54
35
50
37
67
20
86
92
40
58
-6
9
38
22
27
17
9
2
-1
6
-4
68
16
20
11
42
45
60
72
23
101
82
60
66
76
88
43
24
28
58
54
-13
25
44
50
16
35
89
58
32
72
35
89
105
1
3
5
2
26
-18
11
55
55
19
44
27
18
23
21
10
23
33
55
39
72
26
25
37
35
34
96
10
1
29
73
57
24
51
67
22
-33
17
52
28
25
33
58
103
20
0
32
35
-8
51
54
41
74
85
42
38
41
49
38
0
-27
33
50
44
37
64
70
58
40
21
22
21
20
32
36
55
144
102
25
23
56
20
71
12
48
33
24
76
66
55
73
40
51
24
65
43
77
84
33
20
22
60
74
77
68
68
71
71
68
68
68
68
68
68
-6
65
65
-4
20
20
11
11
50
19
19
41
73
73
92
55
55
76
81
65
65
49
49
51
51
51
32
45
45
25
24
48
48
40
40
38
38
20
20
20
16
12
83
41
35
35
42
42
50
50
3
9
44
17
27
9
9
40
55
55
21
21
21
21
21
36
36
52
72
72
106
33
33
39
64
64
64
64
57
57
167
167
146
21
21
40
44
49
49
37
58
58
51
21
21
21
21
7
7
7
9
9
43
43
68
3
27
-2
-2
19
19
52
52
38
44
44
43
60
45
45
72
89
89
74
74
74
76
76
75
61
66
66
66
66
66
66
-2
-5
-5
-6
0
71
71
76
76
84
84
59
59
59
34
85
88
88
72
72
88
91
67
67
67
50
50
-39
-39
-7
-36
-36
-27
-27
2
2
2
2
2
7
5
37
37
44
44
44
44
44
44
44
44
-2
3
3
16
17
10
10
55
72
27
-29
-11
-164
-164
-156
-156
-94
66
58
-28
-43
44
74
52
52
61
61
61
90
90
90
107
134
134
48
81
81
81
45
50
23
75
75
71
23
23
23
48
43
43
43
43
43
-5
-4
-4
-22
-13
-13
183
183
169
169
0
0
-11
-11
-2
69
66
66
69
5
22
33
314
333
370
454
153
123
-188
-234
-403
-188
-61
-74
-74
-7
-4
80
80
80
6
152
152
179
184
184
177
146
217
187
68
51
87
97
81
81
81
90
72
102
102
51
51
72
51
51
51
32
-49
-109
-67
122
236
-29
-40
-81
-60
-27
-65
-65
71
11
41
40
40
-42
20
7
64
37
77
17
37
52
52
7
7
56
-3
-4
11
69
57
57
57
72
28
25
103
136
86
59
20
55
55
45
75
72
72
49
49
56
53
44
59
81
28
81
23
88
76
86
86
-4
-1
-1
11
16
11
-8
-8
18
18
67
45
0
18
51
22
51
50
39
39
106
76
76
-3
136
136
52
75
97
123
60
60
60
60
58
58
58
-27
-27
-27
20
-8
-4
6
43
35
23
119
96
96
50
51
102
102
65
23
45
45
54
58
5
11
11
4
49
50
26
6
29
36
36
-42
-43
40
721
763
425
425
365
329
-87
-186
-186
-461
-72
-72
-72
-94
-94
83
59
59
178
23
23
106
60
60
60
24
24
42
42
-4
5
56
18
66
76
64
64
43
20
20
57
67
67
98
87
87
87
87
-9
-10
-10
51
-3
-3
44
45
-25
42
41
70
37
-36
-115
-115
-538
727
675
197
90
97
2
53
-263
-14
-633
-167
-177
113
-26
161
135
108
-116
-116
502
502
458
276
593
489
489
320