0
0
0
-83
-75
3
3
91
20
20
48
81
81
18
60
60
60
114
-52
-34
-75
-82
-36
100
100
149
92
167
167
98
117
100
80
16
36
-102
-295
-505
-505
-236
-82
-174
-134
-141
-109
346
584
584
548
501
177
58
-23
-173
-278
-584
-519
-701
-964
-718
-515
-515
-298
-77
305
184
8
-179
-169
-162
-162
-8
-8
17
17
28
32
42
42
42
44
289
1738
1738
2047
2047
1828
1828
1338
42
-234
-268
-155
572
572
611
405
419
419
210
84
80
20
-5
17
17
51
51
36
33
42
39
-3
52
52
36
24
-26
-2
-2
-2
-53
-50
-67
-83
-52
-52
-9
-18
50
-11
-107
-17
6
6
-38
-52
-65
-57
-33
-1
-25
-51
-51
8
-18
-25
-20
-1
-73
25
25
-42
-8
29
29
20
24
218
67
66
66
40
5
-94
-46
-11
-11
-36
22
10
74
-19
-19
49
56
56
0
-45
101
101
49
85
85
70
9
-21
97
68
-5
-5
19
-51
32
32
82
39
-25
-3
16
-18
-18
104
-36
52
52
40
40
49
24
32
32
24
112
112
64
4
-65
82
-1
-1
18
-4
38
120
-8
80
-25
89
89
35
23
23
23
25
60
64
42
132
132
124
3
67
67
57
104
68
68
68
52
87
77
77
-6
-6
-11
50
-22
-20
-20
48
48
-20
-5
146
152
136
-27
32
32
57
58
91
108
6
-44
-237
-433
-673
-1093
-1404
-1299
-708
-602
-366
-237
-129
-87
-35
-33
12
90
165
749
792
635
699
755
771
892
1009
1188
1249
1293
755
609
411
266
341
313
279
232
236
306
265
248
245
168
134
118
119
-87
-73
-106
-125
-89
-129
-88
-147
27
-71
-56
-27
-73
-121
-55
-77
-6
-25
-22
-40
112
113
-3
-61
-36
-34
-43
-90
-18
134
-37
22
75
35
-13
-117
-105
-58
-41
-1
76
-70
10
-90
-55
-57
-34
-72
-78
-14
-36
89
48
81
87
69
71
118
-18
-21
-29
10
10
89
-3
-52
-42
-6
26
5
98
42
98
51
57
146
85
36
8
42
-20
36
16
74
-20
93
91
-5
129
18
4
-17
177
97
-71
18
-54
12
7
-7
-38
-38
74
197
116
-103
-76
-26
-58
150
160
160
220
61
35
71
140
56
49
154
24
59
8
20
32
48
48
52
96
49
11
-10
-34
6
-22
34
-18
-18
-93
4
-46
96
96
90
96
82
154
59
163
-29
17
5
183
82
85
3
32
82
17
24
6
-45
-13
44
27
72
11
8
1
-71
-2
52
2
-45
68
11
58
32
164
16
38
65
-17
19
171
113
244
18
35
-17
17
-46
45
55
157
76
218
38
90
40
59
71
36
16
87
60
60
6
-49
2
24
11
98
124
89
17
4
52
48
6
8
-5
21
149
-13
-13
-17
-5
-5
-5
35
-11
24
201
117
117
117
49
-45
-56
-56
-74
-24
260
177
177
177
25
81
81
83
83
115
102
87
-21
16
-23
68
68
41
87
35
-1
83
83
76
72
81
43
43
43
49
49
80
-42
65
-34
-5
32
100
100
57
35
35
96
96
5
5
56
103
69
69
84
84
92
92
32
-26
-5
24
144
144
24
24
-42
41
41
23
23
44
44
8
8
25
58
58
38
103
-67
-67
-53
-33
38
-14
11
39
39
53
24
59
69
69
80
80
140
140
116
93
84
-36
-3
5
5
36
73
144
25
22
22
26
26
118
118
86
86
13
26
25
-8
42
42
-55
85
88
71
65
137
225
225
64
64
-12
52
52
56
56
56
98
98
98
98
40
36
36
25
74
74
38
-21
42
53
13
43
39
101
170
170
170
40
45
38
163
163
163
44
-28
33
155
155
141
1
59
59
-1
40
40
-19
26
26
-27
-76
137
70
82
82
10
-46
-44
2
16
16
41
41
41
108
108
49
66
166
155
155
155
155
155
72
72
-26
52
149
129
0
0
-24
36
9
13
-25
-35
-35
-11
-11
81
2
67
278
278
147
147
33
-25
-25
-25
-152
-119
-90
37
-17
-17
89
81
45
130
52
35
75
75
112
114
57
56
66
183
72
44
55
55
21
120
134
-12
-53
-38
-38
39
-2
50
74
-7
40
40
40
17
125
125
102
40
18
18
97
97
86
36
36
59
76
76
76
42
39
10
52
85
-13
19
24
24
44
24
82
49
69
23
51
59
2
81
34
18
61
87
-49
34
28
103
-7
138
23
92
22
22
-2
69
60
8
24
0
-102
120
54
4
16
115
115
60
102
102
-19
108
93
93
37
-69
-75
-169
-150
-38
215
155
184
170
178
-30
-13
52
52
59
133
23
0
18
-10
-13
-13
133
12
26
119
24
48
48
74
69
71
71
-67
-103
-129
-129
-291
-1003
-1005
-1005
-982
-646
-586
-225
-225
-200
259
600
541
970
1132
1110
1110
1110
1128
640
627
539
176
195
96
102
74
27
2
37
12
10
10
52
64
64
82
-28
-9
-9
-209
-185
-420
-429
-467
-467
-449
-449
-139
-51
91
180
180
212
229
246
272
436
434
434