0
9
34
44
44
29
9
13
92
75
67
-4
-3
26
55
55
70
75
85
41
-9
13
25
33
18
28
66
8
38
52
33
33
-5
54
7
28
16
21
21
37
151
104
87
40
40
5
72
11
67
55
43
65
65
64
16
27
39
25
25
37
-2
21
21
37
-12
26
26
24
50
50
167
70
64
64
9
27
91
61
64
48
49
71
20
20
18
86
61
74
51
42
41
119
66
64
5
44
53
9
-46
103
103
155
96
96
69
51
27
18
24
-24
-1
40
38
36
0
28
53
26
48
56
43
33
33
98
16
88
40
70
92
114
90
27
22
9
96
56
16
16
34
32
16
-4
37
72
-3
71
74
122
92
49
10
60
64
20
52
68
23
43
16
38
65
18
25
73
32
69
59
57
84
90
104
101
75
84
49
-6
103
-5
-28
24
57
64
36
57
53
-50
66
41
38
2
70
67
57
83
80
54
25
76
67
80
80
80
82
60
83
64
51
38
50
66
38
56
2
51
36
32
-4
69
68
39
75
53
91
83
153
327
333
215
58
-149
-200
-125
-123
-94
-34
-50
37
43
28
86
72
101
71
35
96
129
98
118
107
-1
49
54
44
68
21
7
32
54
93
67
152
35
34
-28
-28
-13
-61
-28
-20
26
-21
44
22
32
6
21
84
38
53
139
72
54
-8
-68
80
138
123
165
80
20
71
60
55
97
71
101
-120
-106
34
-43
-182
-93
176
298
128
-61
-130
-74
68
53
40
108
21
97
121
92
123
99
20
66
18
102
92
18
102
119
109
105
53
53
52
112
57
68
-5
37
24
82
85
134
65
6
26
122
138
64
112
177
177
177
232
232
242
242
133
119
113
-115
-178
-178
-1447
-1529
-509
-282
-103
-35
-27
-27
2047
2047
2047
1910
657
260
260
260
245
180
180
100
99
99
99
76
1
-7
-7
-7
-1420
-1420
-1715
-2045
-2045
-1318
-1318
-1318
-501
-149
2047
2047
726
481
212
204
204
204
140
102
99
99
56
-49
-49
-450
-450
-581
-451
-581
-493
-424
-314
-314
-331
56
27
227
228
228
379
327
-81
210
133
133
247
247
269
269
68
68
-241
51
-220
-158
-120
-120
-243
-420
-589
-589
-44
71
71
123
100
-9
-9
-392
-341
-341
65
330
237
237
235
-333
-333
344
204
204
291
291
291
291
291
-74
-1413
-1413
-278
-278
-147
-147
-147
-147
-147
-55
-46
-46
26
409
409
409
1675
1675
1798
842
636
636
409
409
409
438
112
112
-41
-7
-231
-204
-58
-58
-58
54
-78
163
-514
-1060
-519
-519
-276
-276
261
234
-1323
663
-1608
-1670
-1731
-1155
-1155
-381
460
1387
2047
2047
2047
1572
920
920
300
279
-91
-217
-217
-178
-1942
-2048
-2048
-1746
536
711
711
582
484
484
50
50
50
-1290
123
-365
-365
-338
-209
-199
-199
-91
-91
-6
-3
-3
50
68
1411
1450
666
907
907
179
179
274
274
274
274
274
160
232
232
232
-1924
-1924
-948
-948
-948
-520
-333
403
-90
160
160
1259
1356
2047
1014
1014
949
857
857
604
579
-307
-401
-629
-779
-508
-475
-475
177
177
177
177
501
403
168
77
86
83
37
37
50
50
68
22
-148
-26
90
16
81
-77
-77
-1260
-1122
-163
40
53
114
290
290
-201
109
545
451
-285
237
107
107
365
133
273
253
-45
48
48
132
73
149
162
112
-5
-5
-292
-1460
-1177
-354
153
352
506
461
458
317
357
145
58
-24
-69
-69
38
234
-117
-186
-123
182
-138
-138
-138
-22
144
-28
13
-235
-183
-4
-4
-165
-165
-165
-405
-26
26
26
-236
-1
-1
-299
-132
-211
298
61
61
-34
116
321
321
-302
96
16
16
160
66
-229
-198
115
-132
-132
101
-154
-107
9
72
-54
-54
-140
-76
-250
-214
-214
-162
197
-268
-471
-493
-247
-98
-98
179
-73
-73
-378
-5
-17
-17
71
112
112
112
182
-99
-134
12
771
642
642
444
347
216
139
89
24
17
17
-151
-211
-345
-1053
-1053
-906
-814
-513
354
80
80
-27
21
427
321
369
503
601
707
707
497
20
-615
-615
-519
-711
-1144
-1117
-596
891
891
1093
1098
1058
1177
875
-147
-747
-770
-1290
-1290
-519
-417
-388
-230
-136
-43
-43
12
18
154
1157
1315
1875
1493
1285
1136
-1049
-1961
-1889
-983
240
416
1591
1431
1349
1132
1128
1085
-375
-436
-354
-1057
-1057
-1211
-1245
-1172
-39
-39
-200
-74
-114
-114
433
1120
1058
916
613
129
129
-52
37
37
-13
314
389
327
167
121
150
71
20
74
-386
-339
-338
-307
-108
-83
112
197
70
125
209
-235
-265
-552
-282
181
9
488
242
8
148
40
83
113
-12
-109
140
106
70
-116
-193
36
44
115
-260
53
36
-270
-398
-1316
-2048
-1521
-1115
-642
-426
-292
-168
-146
-70
-60
-5
16
346
1333
2047
2043
1896
1466
1123
800
692
523
451
363
199
145
119
98
88
81
74
59
55
65
60
56
51
28
35
50
55
24
7
5
3
-86
-92
-92
-92
-277
-259
194
338
307
371
363
220
217
176
90
146
8
92
-10
97
26
37
6
17
51
51
-30
-38
54
-116
-117
-206
-2048