0
58
256
746
746
338
51
-283
-455
-458
-472
-330
-190
-97
75
119
20
148
240
105
76
144
179
125
49
-91
101
231
232
6
109
456
456
624
146
-298
-394
-462
-386
-250
-125
-125
-113
87
167
141
144
167
167
162
113
147
25
103
-60
38
-54
17
172
36
113
148
204
505
533
428
135
-205
-516
-440
-390
-211
-108
-88
-51
72
184
353
-22
6
-66
-89
-12
18
60
56
139
124
132
102
140
82
107
44
113
45
45
34
61
32
84
50
40
23
18
44
53
38
41
17
24
35
73
86
39
65
21
75
48
26
1
54
-2
50
58
77
44
7
-9
19
33
16
16
5
37
53
61
48
1
37
50
49
49
27
33
19
60
87
64
50
29
5
-13
-13
10
67
42
42
72
54
54
59
43
33
38
24
20
23
-1
50
26
21
28
16
74
37
26
80
66
29
25
44
36
36
55
20
28
-3
26
18
44
20
16
80
99
92
65
60
38
5
18
20
50
28
-2
68
54
112
23
13
4
9
-23
28
-9
86
16
33
69
12
52
42
53
48
71
71
41
6
20
19
42
48
67
53
66
32
49
9
42
48
51
100
-19
17
26
27
-56
67
50
50
28
82
82
82
56
56
80
98
10
1
-12
4
4
28
28
38
38
38
38
38
36
36
74
49
49
49
40
51
51
57
28
28
28
28
28
28
129
135
135
135
135
135
706
706
706
706
706
706
-443
-443
-427
-124
-99
61
61
61
96
89
50
71
39
39
36
34
34
34
45
45
37
37
21
39
39
76
76
76
76
22
22
22
24
18
-1
10
18
18
18
26
112
-61
-61
-61
153
-171
259
1077
1077
133
-70
-70
-252
-252
-196
-196
-196
-196
-235
-305
-305
-218
-62
-349
-68
131
131
131
189
189
339
306
327
179
53
64
64
64
117
70
70
70
114
80
80
250
250
438
504
504
-359
-359
-359
-278
-278
-278
-115
-29
-102
-375
-137
-137
-137
-106
-202
9
2
2
259
245
245
114
96
96
197
261
2
2
2
2
-21
6
-61
-61
-61
-113
-113
-113
-113
-73
-54
-2
-2
6
6
9
52
52
-23
-23
316
316
328
-212
-210
-365
-417
-440
-199
-110
-84
-84
42
68
68
77
87
87
57
57
57
64
66
136
109
113
129
136
44
88
88
48
48
48
48
48
9
-42
-3
86
121
121
121
121
132
114
114
114
124
124
124
132
103
135
101
151
90
87
87
87
87
25
13
20
-23
-23
-12
-12
-12
-12
67
67
67
172
172
156
97
59
13
29
-19
-4
-20
-42
8
10
28
38
64
29
-17
88
-9
-9
-19
-19
27
27
-3
42
74
74
100
29
29
29
29
29
29
28
28
25
-39
-11
-6
2
-17
-19
18
18
86
42
41
41
117
98
114
42
-27
-27
-13
5
5
7
-51
-27
-22
-22
-22
17
130
11
25
38
38
36
12
8
-18
-22
-1
-6
1
24
44
44
61
34
69
93
141
137
6
29
29
32
-43
-12
24
48
48
116
423
400
400
401
412
412
329
115
-457
-436
-467
-428
-84
-91
-25
-25
86
263
87
39
23
23
-22
99
-22
97
109
109
91
101
101
99
99
202
202
139
109
87
80
-54
-51
65
65
105
138
82
85
85
21
39
17
17
53
-33
136
233
228
27
-106
88
-7
-13
48
-92
-92
-6
88
88
34
-1
-29
-29
194
124
627
685
584
-194
-395
-549
-238
-138
-114
-24
128
36
-41
48
139
139
60
136
132
132
56
48
48
7
10
4
20
64
103
154
44
44
48
100
83
83
83
73
10
-13
0
37
21
36
64
42
42
37
26
108
87
93
75
75
48
55
85
85
32
59
9
5
19
66
9
51
64
34
34
726
679
503
273
273
-421
-382
-370
-305
-67
39
55
144
-162
-131
-197
-151
-119
48
128
149
252
202
202
202
184
134
134
134
146
123
21
-1
-4
26
43
60
52
49
96
75
60
485
498
2
2
-245
-245
-374
-354
-186
-104
17
43
84
64
118
113
166
113
84
81
97
69
54
73
106
-7
39
32
71
86
19
54
6
-4
-17
38
10
10
71
13
70
134
208
148
57
12
9
44
18
36
39
-6
42
20
3
22
27
66
44
52
56
44
44
48
51
17
35
32
26
25
61
261
-21
-54
-60
-45
-51
-26
2
26
25
42
88
52
53
65
59
60
32
27
19
86
48
37
-22
21
56
72
121
164
21
17
19
-41
-6
24
34
-3
26
64
41
12
7
26
11
8
48
49
38
45
37
36
91
-37
-75
-75
21
58
66
102
76
81
87
83
86
35
49
29
60
34
56
40
118
90
19
50
27
69
32
73
50
23
40
37
17
-34
180
172
33
-3
99
51
13
-27
-26
44
5
18
32
39
40
42
19
91
52
55
24
26
21
34
50
88
72
67
21
54
9
104
182
120
108
23
-38
-17
2
-26
-49
-49
-30
-53
42
45
52
26
23