0
0
182
8
8
8
32
26
26
26
26
598
661
-570
-292
-233
-147
-177
516
1110
-119
-218
-418
-749
-406
-363
202
202
202
295
-135
-278
-286
-68
-74
201
217
241
241
211
154
89
50
84
124
112
53
48
48
92
93
93
53
60
73
169
315
1270
1202
935
106
-340
-716
-724
-545
-428
-214
-151
-154
-60
-92
-35
84
43
48
48
48
51
116
91
53
80
37
-17
41
22
22
84
41
75
58
349
977
1136
435
-211
-546
-844
-758
-385
-385
-509
-173
-173
4
153
104
202
27
88
113
103
-33
53
37
37
36
18
-163
201
10
-8
-8
-3
18
17
66
99
58
-89
59
-5
57
20
45
25
129
-36
132
272
313
461
737
85
-341
-785
-739
-501
-366
-280
-181
-76
69
92
203
50
258
119
119
-81
73
38
-98
-165
83
61
107
67
157
35
18
85
56
-163
42
-11
114
130
70
70
61
76
-9
-45
-41
57
51
112
98
-54
-54
100
90
-20
-81
40
-1
68
-149
27
6
23
-33
12
104
75
11
27
-13
70
55
-22
149
-57
4
-17
105
58
91
1
6
106
87
-39
-23
51
-38
116
69
109
70
70
503
925
1132
80
-408
-1164
-1162
-790
-437
-180
-27
-24
147
120
252
296
201
194
149
137
155
-3
-7
193
60
83
-36
50
6
42
-33
37
119
50
277
304
902
1280
593
-29
-517
-572
-892
-648
-341
-184
-68
56
35
214
205
119
172
201
178
57
70
208
151
64
53
103
77
70
36
92
41
51
-7
-5
40
36
54
-5
49
48
66
4
42
52
16
72
59
59
59
42
55
55
-12
-26
17
17
-49
-23
-23
-23
27
75
52
70
91
91
83
83
83
-10
5
5
38
38
59
37
50
50
-26
-12
-20
64
64
91
91
65
65
65
51
-21
-21
-36
-36
-36
53
71
87
87
87
87
-24
-2
-2
-11
3
11
-11
-11
-11
66
84
26
67
60
58
58
16
16
16
16
16
16
18
64
64
104
104
104
17
-19
-19
6
-19
-34
-34
45
69
69
844
965
965
-257
-257
-298
-601
-578
-578
-578
-105
-105
83
48
211
211
211
155
123
100
64
40
56
56
54
54
54
57
57
87
69
50
70
41
41
9
16
-5
-2
10
17
26
26
50
43
43
39
70
96
96
74
84
84
22
21
21
8
50
50
35
49
49
-23
-23
4
84
132
7
7
44
26
-36
-36
-26
-58
-58
73
73
21
12
7
7
-70
-33
-1
2
17
17
35
4
16
70
70
9
38
24
27
27
29
-20
39
48
48
-13
-4
-4
-19
4
4
-33
7
58
55
55
8
57
57
57
57
0
-9
125
141
-4
-41
-41
-44
-44
-18
22
22
6
17
17
20
20
-45
-45
84
67
67
56
56
56
56
-9
-9
-22
92
92
91
91
91
91
91
91
481
-71
-6
-498
-700
-700
-693
-229
88
106
107
157
157
168
4
107
9
2
56
56
56
16
16
54
54
19
-72
-146
-120
-119
-132
41
41
-83
18
-72
-69
-35
-58
-182
-182
2
90
-36
-36
34
8
8
28
59
76
97
82
-8
-81
-20
-42
-42
10
-13
475
963
996
876
876
876
-9
-9
-29
-525
-250
-285
-285
-285
-283
-283
-186
731
731
731
803
-570
-570
-106
-316
-294
-294
-294
-294
41
41
134
134
240
-5
-5
164
167
105
105
114
122
-53
40
40
-5
74
74
73
43
176
54
54
106
8
-22
53
-26
-38
-85
675
675
-489
-555
-826
-826
-877
-881
-782
-782
-787
-617
232
357
386
386
232
172
172
104
167
182
112
48
89
58
67
40
11
55
82
155
28
12
247
371
743
-375
-375
-497
-490
-349
-363
-375
51
8
5
80
80
109
-26
-13
114
-1
64
73
105
105
73
73
89
27
209
209
118
-35
-33
-33
53
2
61
5
-2
8
8
-21
5
-35
-37
-26
-59
64
64
81
147
-35
-35
37
-56
81
81
116
64
-6
-1
34
53
53
33
40
42
59
33
38
-17
-2
26
70
-74
25
-26
117
117
177
148
148
488
64
-470
-469
-567
-551
-551
-373
-131
-118
248
375
266
266
75
-8
-33
-39
-33
70
70
70
70
70
80
38
-92
-92
1
34
45
177
666
-101
-364
-775
-777
-566
-470
-261
-234
-169
100
100
22
44
145
147
128
106
145
153
86
20
119
42
37
37
37
80
54
42
-30
-4
-66
66
77
17
67
32
103
97
13
13
169
168
32
3
72
38
50
44
-10
90
7
7
-39
-41
9
12
17
24
23
9
6
69
8
96
24
12
61
69
71
57
7
-12
-27
-12
118
-13
34
135
-24
-7
0
0
25
149
-161
168
168
29
73
26
-49
-26
-18
341
56
60
-51
74
-196
-262
-188
57
-114
116
109
44
82
83
104
55
-6
52
-7
10
-36
-36
-1
131
-13
-94
-74
50
-28
-35
-20
27
44
105
36
121
-1
-1
51
166
5
81
-51
106
197
-74
75
36
-17
36
-22
172
0
38
-9
-83
85
-27
-11
-45
136
71
4
51
-37
115
85
76
-2
24
64
292
1040
920