0
19
-11
59
120
119
119
16
104
104
117
67
51
51
67
-42
-67
-67
22
-12
-13
-13
-13
-13
49
36
24
523
544
-677
-645
-581
-500
-500
-138
74
68
99
140
133
133
167
131
134
134
137
89
89
44
151
151
59
65
68
68
10
55
36
36
42
56
8
26
34
38
24
21
28
51
49
167
22
41
42
36
36
36
19
8
-27
51
52
8
10
10
13
27
64
64
64
52
17
13
10
10
1
19
72
72
33
29
-34
-25
40
18
36
42
42
35
35
-38
-9
17
-1
33
-8
-26
-26
36
11
3
21
21
19
11
29
29
26
58
38
-34
-7
35
-22
73
73
85
1220
1139
1139
-637
-659
-697
-697
-722
-123
109
101
88
163
155
155
123
108
70
60
60
201
92
75
87
76
27
3
51
26
26
38
24
7
7
145
117
9
4
-85
12
5
-2
-7
51
-10
515
515
515
304
258
258
-123
-93
-102
0
43
28
18
18
4
634
634
634
773
1009
-794
-814
-814
-609
-102
-97
-97
20
120
120
162
162
37
121
104
113
12
107
165
165
165
177
98
92
92
-45
-108
-28
-26
90
81
25
33
113
53
-21
27
3
-53
-6
-12
53
-30
92
65
58
13
-8
38
19
58
7
37
7
1
23
36
19
88
56
72
40
25
-108
5
8
32
43
44
-3
27
34
-9
-23
103
67
51
65
22
28
13
73
80
7
12
19
-12
44
-3
24
106
59
-9
-44
42
85
34
21
2
-56
88
243
84
-69
-82
-49
-17
1
-25
27
13
-13
-18
-49
87
71
71
89
96
99
52
28
48
-19
36
55
74
41
16
-33
176
1154
564
-68
-203
-760
-627
-630
-547
-362
-362
-209
38
60
90
102
137
120
97
149
117
98
42
53
113
53
101
68
21
20
74
18
25
71
200
423
576
225
37
-53
-65
-114
-67
-132
-89
-20
6
28
49
105
12
12
-65
-1
-22
29
37
57
19
58
180
579
1044
857
-98
-729
-725
-618
-409
-252
-140
-140
-118
6
80
150
105
180
135
35
99
203
128
113
100
33
48
38
96
93
54
25
85
183
680
803
608
-205
-669
-936
-1074
-965
-675
-245
-98
172
248
361
361
348
364
370
306
202
199
151
153
99
99
149
84
153
105
44
49
84
33
121
86
17
13
40
53
33
35
213
615
962
1090
749
587
-51
-328
-785
-794
-596
-469
-363
-211
-164
-23
-49
99
58
58
-19
45
54
70
52
71
86
85
85
32
57
-51
69
4
41
76
52
52
77
10
38
57
57
57
9
25
6
6
82
69
17
17
11
11
11
103
85
85
84
33
33
33
29
40
-38
-38
-38
-21
-21
26
26
6
6
8
38
38
41
41
41
41
60
60
64
9
-19
-19
25
72
72
72
-6
9
346
346
385
-131
-131
-233
-730
-741
-249
-249
-218
-218
37
38
182
150
140
92
93
93
106
93
32
49
55
119
151
151
328
372
372
394
136
136
-100
-100
-11
-11
-50
-67
-27
-51
-23
40
55
38
38
36
36
32
65
-34
-34
17
52
68
19
35
118
167
51
51
105
108
42
42
-6
88
-4
-4
37
1
1
1
37
41
41
-34
43
164
164
38
85
139
139
139
104
171
171
1047
-907
-907
-905
-532
-525
-525
-152
-152
-153
-156
3
34
34
196
196
184
162
153
153
115
87
165
173
173
178
61
36
36
49
52
52
52
52
52
52
-3
57
87
67
40
40
-46
-46
54
37
37
22
-14
-14
24
1
1
147
149
391
184
165
-530
-322
-210
56
35
65
65
132
117
117
141
141
92
92
92
88
88
61
51
56
56
83
83
83
-2
-52
91
77
64
21
21
51
51
53
53
84
92
92
-34
-37
-37
-37
65
40
4
57
57
57
57
69
69
90
81
38
38
38
345
699
-610
-715
-749
-749
-270
-126
92
56
192
265
265
65
51
-20
-20
38
-22
61
36
48
8
-9
73
52
49
49
73
77
84
59
27
43
43
149
149
305
357
244
244
-71
-100
-62
25
2
-2
-2
36
36
76
68
19
11
5
5
49
83
1
1
1
13
12
12
0
23
80
56
42
5
5
2
2
-6
18
18
56
3
41
41
32
32
-8
20
-12
-33
33
44
-18
-26
60
38
37
35
428
1034
120
120
6
-694
-777
-317
-317
-306
-136
-136
-115
-21
-30
107
121
121
-3
12
43
27
60
60
60
-3
-6
-53
129
116
-1
4
-2
-26
-26
-7
28
64
60
83
43
37
74
40
42
24
24
8
66
43
11
-4
-29
-8
-8
11
-274
22
22
162
181
48
17
67
37
103
-38
108
-35
-41
-37
-85
-61
-19
4
4
49
-7
33
35
40
40
40
40
12
81
39
66
87
87
620
658
739
739
668
-8
-58
-58
-615
-403
1
1
7
54
59
59
59
97
60
60
55
-10
-4
82
80
64
64
48
176
219
100
72
18
18
67
-3
-35
-19
3
50
66
57
54
45
45
43
38
40
66
36
-24
-24
-24
-24