0
0
-215
-187
-187
69
69
69
64
64
64
137
137
196
148
-5
85
54
54
45
54
54
-6
2
2
133
140
140
23
17
17
17
-2
-2
-8
-8
-74
43
43
64
64
64
64
84
64
64
64
-40
-40
-24
56
-27
-27
41
48
48
19
52
52
52
58
71
71
-4
-5
-5
-34
51
48
24
24
-6
-6
42
76
149
149
23
18
24
23
23
-22
-10
-77
-77
-107
-107
323
385
385
-49
-98
-465
-260
-260
-275
-275
756
44
-238
-238
-316
-637
-486
-280
7
40
40
115
167
173
173
43
43
41
199
199
181
170
170
74
129
129
129
35
71
48
80
105
68
320
320
320
371
218
242
66
66
66
66
66
66
66
72
72
-157
-157
-54
-30
-30
58
58
58
58
-104
-638
-669
-669
-669
-669
-669
-213
-72
-106
-18
-134
73
73
122
328
328
327
1094
1094
1094
1114
8
8
-250
-535
-370
9
85
100
100
186
326
218
274
74
153
153
225
25
120
120
120
-25
13
-2
56
56
56
-105
-8
51
170
172
513
899
899
220
179
-760
-718
-564
-566
-566
-555
-170
82
82
58
54
52
52
116
100
10
10
41
59
89
-2
-23
38
27
-35
-35
-35
19
-101
-1
18
18
-13
1
-30
20
-45
33
33
65
65
27
147
147
107
193
7
7
135
3
72
55
55
25
-43
-26
36
29
29
-24
59
1
1
-1
23
26
-42
477
592
592
843
29
-609
-598
-476
-476
-316
-345
-172
-172
-172
-133
-133
-133
316
-56
-4
43
105
80
80
39
50
50
32
28
87
161
2
11
113
32
32
37
28
22
22
43
44
83
83
4
32
32
41
1284
-60
-148
-650
-650
-856
-882
-557
-524
-290
-276
179
145
117
129
135
148
112
100
161
161
145
19
-68
-20
74
74
60
24
123
199
1273
-199
-267
-292
-796
-764
-764
-713
-316
-278
-278
-53
-26
231
268
226
199
199
246
181
181
69
121
172
172
36
137
131
32
39
17
-18
22
25
58
75
3
3
58
37
28
28
579
992
20
-732
-700
-700
-678
-106
-67
-67
-69
18
107
39
75
171
171
70
32
32
18
18
145
57
-83
-83
-83
-62
44
29
29
13
13
13
10
43
53
-10
34
18
-36
2
69
64
37
53
55
-21
182
101
130
134
-24
-27
4
34
2
35
35
134
123
98
-6
-17
-45
-45
-19
74
39
9
-10
0
50
-10
-57
-9
-30
4
25
-9
67
90
50
73
48
57
117
76
33
24
9
9
68
26
39
25
793
1410
883
258
-481
-715
-743
-730
-484
-338
-275
-113
-57
59
19
97
132
192
91
144
165
163
57
125
36
64
28
85
11
7
66
2
64
28
-13
92
42
85
-27
39
16
-11
119
102
35
28
67
3
43
82
45
120
-83
41
0
59
39
-3
-12
-35
35
-12
60
69
131
64
108
26
-42
5
-11
-6
2
-75
43
35
-17
0
72
1
12
35
21
4
86
57
66
49
-5
66
130
59
35
-36
29
-22
161
1067
1043
392
-274
-733
-822
-641
-462
-280
-180
-103
9
85
147
125
116
133
170
123
120
71
68
75
22
23
87
105
16
20
70
-6
51
77
58
65
227
171
117
-19
7
-6
6
-29
-7
57
10
-7
-13
-9
-9
24
83
83
1136
109
-369
-777
-723
-554
-230
-87
-13
55
149
116
242
73
182
-27
194
150
231
466
182
-4
-50
-99
-20
1
33
73
100
-40
28
21
80
-2
113
74
-84
-40
57
44
-13
-44
5
22
-104
10
-138
369
1018
1001
66
-103
-452
-648
-541
-347
-177
33
-43
23
-26
-24
17
58
52
52
48
48
75
75
177
177
177
278
49
35
35
35
10
-10
-9
4
4
-282
-122
33
27
178
98
122
1
55
55
55
82
7
7
13
13
13
73
49
124
-90
-90
-90
65
65
393
428
428
-169
-434
-434
-434
-855
-855
-899
-777
-777
-812
204
204
204
204
204
314
314
292
291
291
291
291
219
87
114
27
26
26
-6
75
117
12
10
107
-84
128
355
355
311
-87
-87
-210
-210
-167
-167
-99
-99
-130
-117
-117
213
224
224
2
-21
8
69
45
7
-38
-12
-18
-35
154
48
19
19
-35
679
634
634
-549
-631
-631
-932
-916
-916
-397
-397
-397
-397
-393
38
41
41
109
150
150
49
49
49
49
97
136
136
89
101
101
101
101
101
42
26
33
81
77
77
77
48
37
37
188
201
201
11
-18
-18
-18
-18
7
32
4
4
22
22
1
-1
-1
43
43
41
38
38
7
138
65
65
49
35
35
10
28
33
-33
-36
-37
-37
-37
1
1
7
51
43
43
56
976
-678
-678
-695
-695
-468
-471
-471
-471
-106
-18
121
121
102
218
218
218
202
202
109
86
86
88
84
84
26
129
99
64
64
53
51
51
51
51
51
68
26
54
27
50
50
27
27
27
872
906
906
-505
-552
-552
-562
-515
-297
-293
-293
82
101
101
-10
83
56
64
64
49
104
24
52
35
35
24
2
56
49
49
103
-5
-12
-12
33
81
80
81
71
8
71