0
0
0
49
48
48
49
49
133
130
130
122
84
83
68
51
50
50
50
50
50
49
48
49
49
49
49
49
48
49
49
48
48
48
48
43
45
42
39
39
45
32
16
22
-22
-22
37
-8
-8
-8
23
-37
21
21
-8
48
-145
-145
-33
-168
-204
-204
-71
-17
-249
-249
-123
-116
-237
88
-222
-178
-33
-162
-198
-275
-82
-209
51
41
-89
76
76
44
-285
167
167
-146
-331
-331
-14
-100
-87
212
202
59
528
528
-69
41
-103
-137
-7
-7
226
-45
16
-44
279
71
71
205
203
203
203
471
252
320
445
445
358
373
373
64
276
-165
-165
108
-131
-124
-27
-35
-122
43
43
172
-61
-61
-254
-33
-354
-354
-82
-67
-179
-5
56
358
358
-631
-50
-122
-293
-293
-72
-401
-350
-10
-1260
-1308
-988
-536
-498
-305
-305
-180
-52
-28
-28
3
21
25
27
39
39
246
246
246
-121
-121
-167
237
899
963
963
2022
2046
1691
1691
852
658
646
646
465
516
312
312
-134
-165
-196
-129
109
91
308
168
147
149
114
44
-88
-132
-217
-566
133
133
204
231
146
146
172
35
21
112
112
-22
-9
9
9
-109
-57
-129
-91
-115
-78
-182
-182
-37
11
-33
-33
-117
-117
-93
-55
64
64
309
-1458
-938
374
419
610
588
588
-139
743
721
456
545
196
250
89
215
137
162
-71
54
-4
-104
-76
-83
1
54
-100
-24
28
-164
81
-154
73
-10
75
-121
8
-52
82
-108
40
-18
-1
-164
17
54
72
33
137
84
65
-12
-71
-71
168
102
152
11
11
11
884
53
-38
42
-51
105
-251
-7
98
-29
161
-85
179
-265
-138
-196
103
-4
-34
82
241
38
248
128
117
100
308
113
294
258
133
166
-90
-29
39
133
52
-6
162
138
-54
-21
187
228
144
106
112
122
147
36
163
-19
-29
51
-27
116
56
-93
-370
-599
-435
-394
-394
-120
165
308
353
375
375
166
314
139
176
294
40
-8
194
129
35
-11
39
67
245
42
102
-389
-553
-293
100
295
342
50
-344
-221
-98
166
440
325
262
248
172
165
268
96
99
9
195
-36
-119
-42
-3
-2
-206
36
42
-117
-253
-332
-455
-275
-125
-185
-118
96
76
282
282
280
167
108
108
55
-203
-420
-327
-227
-85
-300
-766
-806
-685
-421
-251
-211
-172
-131
503
708
986
1013
1090
1074
907
845
434
-167
-633
-1361
-1544
-1524
-824
-506
-150
807
1545
-264
-722
396
2047
2047
2047
1420
1106
680
557
480
309
245
92
68
-34
-131
-552
-1058
-466
113
226
378
342
105
105
133
151
139
42
-178
6
-10
5
22
96
-167
-100
38
-305
-314
100
155
120
74
76
-87
-14
10
9
34
185
76
-164
-93
-189
-33
-37
76
100
9
-14
-72
-58
96
151
247
75
-13
-157
-107
-7
-242
33
-148
-3
-3
32
32
178
-33
-33
-74
-65
-65
-65
-65
81
81
81
22
149
-179
-1410
-728
-699
-699
-673
-245
-35
1
1
5
5
19
32
32
41
43
44
44
44
44
43
44
45
45
2047
2047
2047
1298
708
438
410
410
410
410
253
253
168
112
72
56
56
53
52
52
48
45
44
44
44
44
44
44
44
44
44
44
44
44
44
44
44
44
44
44
44
44
45
44
45
45
45
45
44
45
44
44
44
44
44
44
44
44
44
44
44
45
45
45
48
48
48
44
44
45
48
45
45
48
48
48
48
48
48
48
48
48
48
48
48
49
49
49
48
48
48
48
48
48
48
48
48
48
48
48
48
48
45
45
48
44
45
39
36
28
28
28
5
5
22
22
17
16
-17
378
428
428
317
21
21
8
8
-187
-89
-285
-326
-408
-408
-135
2
2
-269
-313
-345
-307
-307
-291
-868
-970
-970
-381
-381
-164
-155
-5
17
19
28
28
36
42
123
123
137
137
547
560
710
779
875
1562
1576
1462
988
64
-40
872
570
549
562
310
236
-374
-733
-274
-268
214
290
290
290
290
290
290
290
4
4
8
8
540
748
748
170
145
129
136
151
130
59
59
59
59
59
84
73
73
64
60
60
60
54
50
50
29
21
21
21
-36
-56
-56
-20
-166
-204
-204
-92
-98
48
106
149
162
154
156
166
166
53
-115
-115
-115
-155
-86
258
258
157
134
12
18
32
71
-163
-184
-206
-444
23
247
283
196
168
44
44
-298
-1149
-1004
-755
-604
-604
-755
-922
-935
-935
-939
-695
-531
-531
-506
-441
-20
416
864
864
779
779
899
897
978
941
941
836
836
836
786
816
838
522
522
429
429
307
147
100
52
37
43
23
24
25
-36
-36
-14
-14
-53
-59
-98
-75
-75
-103
-72
-72
-97
-129
-129
-104
28
32
-1
-74
-74
-81
-118
-125
-100
-37
-37
-22
-10
-92
-116
-116
-116
-65
21
21
26
-59
-50
-9
5
3
3
-29
-21
-21
-41
-41
-44
-44
-5
102
-19
-6
-6
17
-28
-26
-24
4
5
-23
-62
-62
-44
52
12
17
58
57
-27
28
28
32
8
8
4
36
45
33
24
24
-2
-8
-8
17
60
54
24
24
21
16
16
41
50
22
7
49
49
41
24
17