0
322
233
230
250
171
188
131
170
172
213
171
86
97
9
-14
12
26
16
-68
-1178
-970
-970
204
425
408
499
490
394
389
400
283
261
281
281
198
202
205
205
145
182
182
104
12
40
40
-26
-26
84
59
83
80
149
72
117
-51
19
19
8
-37
21
21
27
-424
-545
-513
-362
-229
-115
42
182
261
189
189
155
155
237
221
263
161
27
27
52
80
155
103
108
-23
27
-13
34
5
157
193
8
-9
44
59
96
38
20
20
41
41
117
131
170
72
64
-37
-13
-12
42
24
81
-13
12
12
57
3
-22
-25
-71
-68
-37
-43
-35
101
20
-161
8
97
249
132
-65
5
76
167
56
113
133
150
7
44
23
108
-6
56
18
8
44
43
-5
48
112
114
88
74
103
48
82
34
85
37
18
50
50
50
32
13
52
96
73
24
-98
-156
-110
-211
-183
-163
3
-45
-334
-215
-139
103
87
157
152
183
172
3
-89
-252
-188
-71
209
172
182
248
269
213
339
329
384
341
256
108
-6
-517
-649
-307
-252
-404
-498
-654
-345
-50
218
55
-138
-503
-474
-618
-531
-565
-471
-279
-178
-100
-76
-76
-24
-9
10
16
33
37
40
42
42
42
44
44
53
358
1201
1907
2047
2047
1819
1819
1415
1017
580
311
139
81
-60
-91
-387
-738
-1001
-849
-604
-534
-218
-91
249
564
610
675
789
679
646
567
435
396
379
252
169
134
107
85
48
25
10
-33
-135
-199
-241
-278
-487
-510
-430
-430
-657
-564
-522
-441
-50
103
148
294
372
410
359
260
119
246
148
120
114
150
213
273
265
182
120
165
65
-77
-180
-152
-132
-44
-17
-43
48
42
75
99
76
-4
-92
-45
18
-60
65
-28
0
55
-2
-8
28
42
-42
-42
60
65
65
65
65
20
-92
-92
-92
-141
-141
-252
-155
-155
104
145
201
314
283
283
299
304
304
124
163
166
148
-10
-10
55
55
55
55
38
38
18
18
18
-8
-7
-7
-39
-39
-39
-39
-18
-18
-25
-22
1
1
7
7
-116
-85
-85
-85
29
29
29
26
26
-3
43
43
26
26
-28
-68
-54
-54
-54
-54
-54
-54
-54
67
48
48
61
23
0
44
44
65
65
65
65
-59
-59
-59
-68
-68
32
50
147
147
163
132
96
61
56
56
9
9
28
19
19
19
90
90
-18
-25
-25
-78
-35
-35
-61
-57
-57
35
35
-17
19
19
81
121
121
12
19
19
39
84
84
74
10
10
19
19
19
19
19
21
19
19
43
80
77
50
71
71
22
50
50
40
93
-116
8
8
27
182
182
156
156
156
39
-7
-7
152
152
-406
-406
-406
-633
-633
-633
-293
124
209
265
265
265
265
265
379
339
193
137
137
137
137
212
212
212
212
212
288
288
243
64
147
147
178
178
178
178
124
60
60
32
32
32
40
64
66
66
66
66
120
120
10
10
-13
-13
32
32
-18
-29
-29
26
57
57
-17
60
60
99
103
11
11
32
35
35
34
56
24
24
87
87
87
107
-13
-2
-2
-2
74
35
35
35
35
35
41
7
99
-39
122
122
73
21
-3
-3
72
88
88
88
32
9
48
22
52
-27
25
67
155
98
20
20
56
32
32
53
53
33
10
10
68
38
25
25
50
12
-51
-60
-93
92
72
125
25
34
23
16
16
-27
-27
-42
-42
48
100
100
100
10
13
13
74
87
23
13
59
40
-109
-71
-71
91
90
90
105
-24
64
33
33
-17
32
-23
-23
19
136
69
26
107
106
106
-7
68
100
100
49
49
-58
-8
-66
3
-51
-51
-28
49
49
45
70
89
80
107
107
-44
-69
-69
-20
-12
-12
-46
60
135
135
140
130
97
97
82
-21
6
6
6
-12
80
106
50
50
44
4
4
120
38
48
48
68
27
80
25
-17
-17
-17
36
70
77
84
50
55
55
22
38
54
54
34
27
27
41
41
182
-21
-27
-27
-56
-23
-23
-37
48
26
26
85
98
69
43
73
53
53
8
37
80
55
56
77
129
105
233
91
91
34
34
34
33
-6
-6
-211
-211
-146
-146
71
69
72
72
170
81
81
11
80
139
107
121
67
44
4
23
5
16
45
45
23
-13
8
8
86
114
59
59
49
70
41
45
45
68
68
76
10
10
66
-12
64
56
57
102
68
68
70
84
28
-52
-52
57
-27
-1
2
72
87
60
-41
-41
38
43
7
40
96
182
-28
-24
88
29
41
41
36
-36
-33
13
26
26
102
76
83
92
92
132
18
40
65
74
72
26
39
67
50
80
74
116
70
77
69
9
36
67
86
86
32
105
51
18
44
75
13
41
49
59
105
148
9
122
131
20
24
49
65
68
-6
40
82
100
98
67
64
-23
0
36
52
105
39
69
-23
39
40
40
58
67
-49
86
27
2
-3
56
18
45
50
59
7
16
41
23
42
42
82
40
-29
-41
-17
-17
6
76
-14
10
137
106
19
53
67
86
70
49
43
-35
67
68
69
75
64
85
17
17