0
330
-610
-473
-357
-162
-151
-6
65
221
221
37
172
80
100
162
69
60
82
128
11
-20
55
13
81
64
138
75
81
35
6
18
37
65
49
106
20
32
16
37
75
20
42
41
-49
26
-7
82
1
34
23
-44
77
49
116
485
1237
375
-217
-503
-578
-811
-471
-316
-268
-194
-44
58
99
185
165
138
165
132
146
116
101
140
9
59
83
48
58
58
39
26
35
27
38
-7
54
-24
-7
59
39
51
56
-24
24
10
133
121
-34
-30
22
16
17
-7
18
26
67
118
91
13
13
13
23
35
22
22
22
29
29
29
29
29
70
70
10
-3
-3
86
72
72
108
-26
3
3
-3
-3
177
198
912
609
609
547
-708
-700
-700
-270
-270
-282
-282
-282
-117
-123
-123
48
67
67
21
21
9
83
50
35
69
28
23
23
18
18
18
40
40
51
502
643
938
-616
-762
-685
-276
-276
-249
-249
-52
11
11
98
80
80
76
76
76
116
116
118
118
118
119
119
119
119
26
26
26
60
40
40
37
89
203
139
-35
-25
-19
28
28
8
-20
-20
21
41
36
56
56
56
56
82
90
739
307
307
-454
-454
-526
-526
-526
-545
-398
-290
66
90
144
144
60
104
104
139
139
139
139
139
187
187
136
53
131
72
72
72
66
26
10
48
48
53
53
2
11
38
38
40
53
53
53
64
17
93
90
133
29
33
38
24
10
37
37
41
8
23
23
7
7
7
4
22
22
18
18
18
71
-9
38
21
50
107
107
101
101
69
16
16
12
12
12
-43
-19
-19
-19
4
56
51
71
67
67
-37
-37
-37
-37
-37
21
21
32
32
61
-10
-11
-11
376
449
449
337
261
-804
-804
-274
-263
-219
-5
129
170
170
170
152
113
134
106
100
100
117
96
22
1
10
10
10
37
35
64
16
8
39
39
59
86
45
-35
-35
-5
8
-59
-38
3
59
55
55
10
16
-8
-8
-55
26
-21
-3
35
83
92
83
976
481
230
-324
-324
-664
-435
-189
-177
-182
-117
124
129
67
56
97
90
85
41
40
104
144
120
87
154
130
130
84
24
10
-7
-39
-121
-121
-121
72
10
-3
54
-25
21
-14
-45
-27
73
73
74
70
132
149
21
21
21
21
9
7
26
-67
-67
86
65
76
24
33
66
354
1030
1030
984
-540
-706
-314
-280
-98
-45
-13
-51
167
165
100
-28
161
128
128
74
74
56
41
56
56
45
45
39
18
106
21
54
74
98
98
-116
113
55
75
75
25
83
-34
-34
-18
45
4
-6
-7
-61
45
100
36
37
37
-29
-35
-38
100
96
84
98
37
10
106
124
124
112
66
66
140
13
-36
-36
8
-20
-20
50
50
919
568
97
60
60
-436
-84
-87
-108
-101
-69
-69
-69
85
76
22
80
80
80
65
65
-7
-7
100
69
69
69
75
65
57
55
33
35
24
48
39
241
241
70
106
5
-20
-20
28
28
28
17
54
54
19
49
524
800
362
-482
-531
-733
-733
-626
-626
-103
-103
102
98
180
100
70
182
115
81
97
-56
-56
-56
93
48
49
99
-27
74
74
22
60
38
38
38
27
26
12
43
36
98
73
81
93
41
13
32
39
-73
75
84
114
-27
-33
-67
-67
-83
-83
-89
12
201
492
712
245
129
-604
-836
-745
-568
-422
-156
-73
-58
99
156
80
194
170
91
54
188
195
83
39
7
21
41
49
69
65
69
51
38
81
26
26
68
21
20
84
11
49
23
54
67
49
-39
76
53
59
13
17
-8
1
55
7
76
-53
76
76
73
33
71
51
12
-13
-85
29
19
68
5
-86
100
73
-29
92
17
-20
-10
16
146
114
89
-5
-44
-39
85
41
-74
12
42
40
8
8
-44
34
86
-56
27
-37
129
35
39
-12
67
-10
22
74
49
48
3
-75
124
-4
41
57
-1
45
35
90
12
75
27
27
24
16
68
1
2
54
-17
-26
-34
73
89
-38
37
26
-24
-24
37
711
1140
1140
597
-453
-737
-732
-572
-572
-387
-150
-14
10
43
200
123
123
106
121
115
97
99
193
114
24
75
151
97
48
60
1
34
8
0
-3
9
101
22
71
1
-21
113
108
37
25
21
21
22
35
51
3
18
-13
-19
26
21
26
54
-7
-7
69
86
42
21
27
12
65
72
85
304
419
832
701
596
212
-540
-569
-549
-469
-355
-285
-26
-33
61
54
81
153
80
82
67
67
-11
-22
136
10
10
101
98
49
68
39
-20
90
0
-54
81
35
83
23
-17
-17
1
10
60
54
29
29
45
45
45
45
115
2
178
130
130
130
101
45
45
12
-73
5
5
5
5
5
80
75
75
34
34
-90
-168
182
-58
45
-178
-68
-34
-42
-52
-52
85
85
-76
-39
-62
-62
-102
-102
33
-37
-37
-43
53
28
28
19
68
68
50
50
50
-23
69
69
-54
-54
73
43
144
144
88
56
56
56
171
208
208
-88
-56
-56
129
129
129
680
680
773
773
-369
-369
-361
-361