0
0
11
148
148
122
122
136
136
136
103
76
11
60
112
107
192
-161
-161
-130
-130
-55
-55
-17
26
26
-11
9
9
-35
-39
-39
-39
-27
-27
208
42
25
49
49
-244
-244
-14
2
2
2
-84
-129
3
3
53
-8
-52
-266
-266
-266
283
210
24
-17
-17
-17
-25
-25
-25
-25
-25
-10
-10
115
442
442
406
-461
-461
-461
-305
-261
-216
-216
-141
151
-18
-45
-45
-45
262
273
273
245
245
163
217
217
109
316
203
203
140
-9
-17
-5
-5
-5
86
176
176
54
50
50
96
112
82
-33
-113
-113
-90
-90
-90
-90
-61
7
33
23
-33
-85
-85
-85
-85
26
104
37
116
9
9
-84
-84
88
-17
-17
-17
-13
-13
38
96
96
-181
-268
-268
122
122
104
104
81
77
77
77
268
114
114
114
104
104
-163
-123
23
23
-17
-35
-40
72
203
754
754
903
435
341
-453
-300
-273
-300
-300
-300
-225
119
178
168
168
237
84
69
183
183
5
5
5
-20
-20
32
34
21
20
74
85
113
91
61
170
5
5
-21
-61
37
87
1
-10
4
-20
22
9
76
76
76
52
25
217
220
740
740
740
-326
-516
-515
-449
-449
-70
29
83
69
166
166
166
131
114
76
76
76
53
53
74
74
74
37
-61
-28
43
9
3
3
-8
2
2
33
33
26
70
70
101
101
-45
-1
56
-42
55
70
121
121
88
-3
-3
99
84
20
20
1
25
22
22
-4
38
41
41
24
28
51
71
252
117
-49
-29
-40
-38
-37
-37
-12
20
41
1
12
0
85
85
58
16
48
33
-11
-38
-100
-100
98
626
957
957
-194
-709
-700
-700
-700
-667
-594
-75
66
129
129
203
210
133
133
52
137
137
137
39
68
42
-13
3
3
-73
-26
97
97
25
25
44
28
90
90
60
-29
-36
-36
116
105
-13
39
42
38
38
19
38
12
12
106
106
34
2
-33
-29
-29
-3
74
10
12
34
81
-3
72
44
70
70
68
16
7
75
34
13
13
60
-41
32
523
416
340
316
9
-380
-190
-153
-110
-110
-178
-205
-205
-105
32
77
17
81
53
53
-34
-34
16
18
-1
33
87
56
25
25
10
59
-6
80
-49
244
684
1098
803
-125
-458
-542
-604
-522
-315
-278
-78
-35
99
2
33
364
140
-2
-229
-87
-106
-50
10
-154
-114
42
-37
75
130
26
6
71
1
163
-14
74
-83
108
233
25
-101
18
170
35
-1
65
135
21
117
5
-2
51
26
-69
101
87
-182
12
-40
74
-26
117
34
112
9
26
37
147
66
107
-93
58
13
-28
-55
6
-2
-3
-77
-217
-75
-101
65
2
41
41
-137
-53
-13
41
54
90
73
87
36
32
155
205
219
661
637
-109
-312
-795
-807
-806
-503
-137
-36
181
135
115
98
76
99
44
101
56
67
32
98
48
32
71
53
97
112
29
50
9
98
53
-2
8
64
89
88
6
67
36
16
53
3
244
-122
82
19
82
-55
-57
89
129
176
68
2
-20
22
11
-53
-45
65
77
141
-5
42
12
-29
16
20
43
43
-22
71
38
16
44
68
74
53
2
49
-22
18
65
59
-17
12
56
-30
32
26
10
84
69
0
48
20
45
54
38
77
51
25
-17
99
28
-10
24
35
44
24
37
35
38
40
20
42
28
28
39
23
145
49
-17
44
3
-17
4
-21
19
171
652
1018
858
858
-584
-660
-524
-457
-409
-162
-152
-41
51
99
101
99
101
147
88
66
116
70
54
71
85
100
56
70
32
36
54
-9
3
55
57
27
22
-23
54
74
76
58
20
6
13
27
3
3
51
38
38
38
75
82
82
72
70
70
22
61
61
61
61
-9
-20
-20
22
34
34
8
52
51
51
49
49
11
11
48
32
67
67
50
59
4
4
24
24
33
33
7
7
7
12
17
34
17
16
7
65
41
41
41
27
21
32
32
36
13
13
56
56
52
-3
-3
-3
-3
-3
-3
-3
43
44
44
50
37
37
38
326
326
326
326
326
326
377
377
336
336
336
269
269
269
269
-557
-99
-99
116
123
123
123
141
-22
-22
-22
32
29
29
103
103
-12
101
113
113
106
106
6
6
6
1
35
35
18
-13
-13
0
32
32
33
26
26
-3
71
71
75
82
82
102
102
-6
-6
-12
-1
0
0
0
72
72
72
12
12
104
-100
42
42
41
57
25
25
40
117
117
108
855
855
795
795
795
-747
-747
-747
-251
-251
-233
-233
-233
-233
-233
-233
-233
129
106
106
106
48
48
43
43
43
43
43
43
108
171
32
9
37
59
196
196
937
139
-682
-535
-297
-297
-290
-284
-102
-102
-73
-73
86
86
85
121
121
92
92
92
215
157
157
33
16
16
36
37
37
29
32
32
114
87
50
50
56
-2
-2
0
52
48
48
48
48
37
37
37
50
633
134
-536
-536
-539
-539
-541
-541
-154
-154
386
240
237
183
183
145
-35
36
39
39
40
34
64
42
3
3
28
19
54
54
41
21
21
56
44