0
-2048
-1540
-1106
-772
-405
-313
-275
-124
1061
2047
2047
1495
998
720
477
353
192
81
51
-58
114
97
84
153
-105
0
-1
-124
-133
-99
-20
6
52
-88
91
122
1
-306
-494
-101
-88
-82
40
16
59
-36
-17
-302
-413
-262
393
173
297
289
188
107
-69
-61
140
144
-155
-51
3
33
149
-46
-39
-97
-184
-53
-43
-50
150
-4
119
-98
68
-215
25
-157
45
4
28
-35
-156
-131
-274
33
-276
55
-28
275
8
-139
-194
-308
-476
-633
-413
-182
501
534
520
453
165
-56
75
-8
282
82
198
226
264
230
325
164
450
226
6
6
3
-103
-118
-185
-370
-102
-65
32
144
165
120
-84
-219
-108
-158
-89
-215
-3
-120
26
-181
-314
-504
-821
-916
-935
-535
-535
-535
-493
-493
-493
-269
843
824
824
824
824
824
824
646
646
646
658
658
661
346
346
346
346
-5
357
48
130
-70
-70
-70
-23
208
208
208
250
-29
5
5
-54
19
19
-249
-249
-249
-177
-108
38
157
157
109
-1
-1
51
51
51
-60
-33
-33
-33
28
28
28
52
52
67
109
109
36
66
-104
-125
-125
-125
-125
22
22
84
84
37
80
80
10
75
75
-42
3
88
-5
-55
-55
-55
116
-138
73
76
-42
220
151
151
151
161
161
-17
49
43
25
20
97
98
-20
87
87
87
101
101
101
138
-89
-89
-54
-54
21
21
35
-85
-85
-69
-99
-99
27
-113
65
33
-11
70
-116
-17
-17
5
6
-88
-88
156
167
167
16
-62
-62
-14
-14
182
182
1
65
-21
-21
-21
85
52
80
-55
145
145
145
145
2
-33
-88
36
89
-17
98
-12
48
48
98
-68
-68
-68
25
25
38
43
66
70
240
-133
-35
151
-41
-41
50
114
114
114
40
40
-130
82
125
-45
103
103
33
33
33
33
-34
90
90
172
172
99
21
-61
-57
-36
-36
-36
168
168
168
236
107
-74
-74
-7
-7
-66
-56
-56
108
108
60
60
43
88
88
53
-12
-50
-50
-50
-49
-49
122
153
146
146
-119
-119
102
231
231
231
73
208
208
43
90
122
-19
21
21
37
87
-10
113
11
-30
76
76
116
56
-6
-109
18
18
61
59
59
98
-25
-25
89
157
-3
66
-34
5
120
120
56
-68
83
121
123
-25
-25
60
128
18
10
-77
-77
-34
71
-13
54
54
122
60
227
227
40
40
-35
-9
-43
-43
-539
-1134
-1756
-1433
-801
-740
-740
-474
-273
-261
-261
-73
-24
13
19
29
37
40
41
43
43
43
44
44
44
51
52
52
52
145
148
339
916
779
772
716
716
646
724
424
369
369
386
680
714
547
553
553
553
272
608
608
610
298
198
200
100
74
55
33
-43
-29
93
43
43
86
74
84
84
52
67
68
68
69
59
43
43
43
9
5
49
44
58
57
57
50
54
56
56
19
19
-36
23
11
44
44
60
98
100
99
88
88
88
22
22
22
130
92
92
89
74
54
55
54
51
51
37
33
8
45
45
53
28
39
39
34
39
-27
8
18
-30
-54
-186
-665
-665
-1436
-1508
-1829
-1829
-1889
-856
-499
-499
-462
-69
252
983
925
880
818
818
996
838
838
665
517
515
118
167
182
202
250
220
-105
-105
316
549
549
578
313
-225
-225
-326
11
81
81
276
306
306
284
348
376
347
347
347
162
145
-212
-237
-242
-231
-50
131
177
251
682
488
473
80
-316
-411
-938
-1110
-1222
-1201
-1172
-445
37
675
811
932
1001
1017
513
365
187
45
-139
-200
5
96
624
988
689
689
473
-348
-394
-199
50
129
259
256
273
131
166
195
310
331
281
214
173
136
108
39
7
-13
-188
-225
-237
-253
-204
-209
-76
23
2
-61
-52
-42
6
9
-17
-56
-62
-150
-147
-90
-51
-45
-45
73
81
83
50
73
11
42
4
4
36
24
34
26
29
50
-21
36
28
7
-43
-34
-35
-35
-56
0
44
25
-25
-39
44
-5
-13
-35
-10
-33
5
-6
83
-40
-27
21
56
45
-102
39
-3
16
-19
24
32
-3
51
50
40
-2
-39
-58
36
74
60
-13
8
48
-2
82
29
51
16
77
82
12
45
6
-36
-2
23
26
23
40
16
3
48
8
55
86
86
4
48
56
74
53
73
115
68
-25
-12
87
17
102
26
18
35
37
57
21
35
77
50
44
59
5
-84
17
56
161
50
73
98
57
84
27
80
20
35
53
85
81
81
38
67
39
11
40
48
-6
-3
9
38
56
71
60
65
32
59
114
60
43
34
59
74
35
77
88
40
50
66
55
52
24
55
38
48
12
32
92
40
0
-1
24
97
87
83
18
1
25
9
55
60
77
16
24
67
72
49
52
49
58
89
83
80
80
59
44
23
-35
39
23
16
76
42
65
73
36
11
113
113
112
69
33
-9
-4
4
4
4
-102
-102
-90
-90
-154
-154
-60
4
-3
-3
-3
23
112
122
209
185
185
202
180
131
116
116
64
86
86
146
178
156
-10
-10
-4
-11
-19
-19
13
13
67
67
24
4
4
-9
33
33
23
2
9
9