0
0
179
25
25
23
-40
84
42
-178
11
-133
-261
-183
-183
-189
-217
-130
-6
-86
-6
-62
-105
-89
-38
-88
-197
-119
-34
-67
-131
-83
-10
-10
-54
52
128
64
21
-69
-85
-29
65
35
224
55
163
185
129
11
29
130
-26
-17
-46
108
1
22
22
120
57
224
224
40
185
185
-21
-12
194
4
101
-181
1763
1542
996
696
604
338
260
229
189
189
80
71
61
54
39
-3
-226
-775
-1148
-1065
-979
-1223
-1188
-1073
-1097
-1318
-679
-473
-474
-411
-318
-234
-169
-210
-136
-172
-162
-148
-44
-33
-22
-12
20
25
32
27
35
73
73
148
182
170
232
232
252
77
92
113
76
103
37
163
244
272
193
234
108
224
227
169
120
161
195
162
160
66
-149
-237
-86
243
224
443
568
906
576
377
180
-44
-483
-682
-636
-337
-283
-130
-105
44
81
147
266
419
385
371
256
188
188
151
118
-25
225
164
164
133
99
233
310
360
234
215
258
246
133
117
113
182
118
87
58
105
118
116
244
77
114
-36
-129
-117
-186
-120
-73
16
166
146
228
169
209
183
245
236
202
156
91
84
204
49
76
359
359
374
374
688
625
-315
-402
-407
-261
-172
-211
-135
-119
1
-92
11
3
-33
54
115
113
198
210
210
131
136
121
172
172
80
96
87
87
40
40
54
45
45
39
51
51
41
-22
-38
103
103
64
64
64
64
92
82
82
85
83
83
83
83
83
85
114
76
76
43
43
124
2
12
12
9
9
56
39
39
16
16
52
13
-1
-26
136
134
154
154
161
83
5
-75
-65
66
104
104
105
53
83
25
85
55
38
38
74
18
64
64
20
3
8
8
-92
153
258
258
327
177
182
182
-77
-117
-533
-533
-533
-533
-533
-533
-85
121
155
214
163
113
70
11
124
195
100
100
90
90
91
91
91
-22
-13
106
107
137
172
172
172
147
99
99
99
130
130
130
130
130
-9
-21
-21
3
123
116
116
120
120
131
51
51
64
148
148
131
131
60
60
52
39
67
97
-72
-2
-2
100
100
91
131
86
68
48
48
48
48
48
48
9
18
-44
-44
-9
44
42
42
42
130
130
39
74
40
40
50
50
50
51
28
28
6
1
1
-18
-18
-18
10
57
66
59
59
45
37
37
37
37
37
57
57
80
54
54
54
-18
-23
-23
-10
-6
-6
-6
136
6
6
6
32
33
33
-21
-12
-12
39
39
39
35
35
123
75
75
75
16
-2
121
-149
-213
-213
-236
-263
-263
-282
-36
89
76
141
135
114
165
165
83
64
61
68
55
64
64
51
16
132
98
133
118
118
121
53
-42
-68
-17
-82
-27
-27
-20
76
49
44
167
167
-174
-217
-232
-247
-44
135
139
139
117
106
123
26
71
71
68
49
49
55
6
88
88
88
67
148
163
200
-6
-11
-43
-40
40
27
27
116
55
55
148
66
66
66
40
67
65
65
56
59
34
22
26
44
17
17
43
54
1
-90
-73
19
-108
-66
-55
3
104
135
128
128
55
70
114
114
52
41
44
44
19
11
5
5
5
44
33
16
-66
-66
-66
-21
-75
-50
-50
-43
-43
21
-11
-6
-6
10
10
17
44
44
70
98
98
48
24
34
57
57
52
97
97
137
85
85
85
116
385
372
372
372
34
44
10
19
117
117
39
91
101
82
24
-22
45
45
69
69
41
41
67
67
24
67
41
41
35
21
1
128
128
132
106
106
27
12
-19
3
5
16
18
18
-1
-1
132
138
138
69
33
35
-148
25
101
83
83
181
99
133
124
124
52
-7
-18
-18
-18
-24
-83
-49
130
114
114
-30
-13
-13
84
37
105
57
39
11
11
55
28
-61
-61
-55
-40
-99
-118
42
82
100
106
106
114
135
-60
51
18
18
65
137
91
91
91
91
91
91
11
-42
-6
-6
60
124
103
104
-44
-19
-39
-6
16
35
43
11
52
51
41
57
91
91
-36
-40
-40
-35
-49
-102
70
57
58
147
147
137
97
151
131
98
98
98
98
163
163
40
-27
-27
-28
75
58
4
92
42
68
150
197
56
-26
40
-3
9
-13
21
20
20
197
348
348
406
-407
-613
-294
-294
-81
-41
332
135
135
135
182
248
172
108
203
42
108
137
-51
101
80
227
150
70
44
40
-7
-23
-2
-35
58
26
130
44
44
38
38
-91
-121
-88
-55
-86
-274
-199
-177
-546
-546
-453
-60
120
252
336
347
288
179
262
296
336
359
309
164
86
-65
68
32
6
76
-2
164
146
52
20
66
96
6
132
-12
-87
-51
-23
-53
-70
-100
1
49
121
228
42
-54
156
166
52
-53
9
-1
-41
-84
-73
-66
-93
-18
18
-55
61
82
19
53
65
173
88
35
33
-29
72
68
-18
149
225
563
656
257
76
56
-247
-276
-301
-154
-91
0
-110
-77
-70
-84
214
199
77
171
75
150
203
203
84
112
152
87
59
102
102
156
156
0
199
101
8
-59
-82
-25
-4
-4
-40
-17
118
118
88
60
8