0
50
49
-2
21
23
54
32
67
74
26
33
69
65
-38
92
157
48
26
10
24
25
25
69
35
76
23
32
38
-5
40
44
33
24
53
44
36
51
54
68
104
81
6
6
33
32
13
23
1
70
27
39
26
38
38
38
38
61
50
16
16
23
82
45
45
140
140
140
153
131
-8
-8
6
-38
26
43
43
68
68
68
60
61
61
52
65
65
37
29
64
64
57
57
38
38
19
19
38
83
83
83
24
20
20
90
20
20
19
65
-1
4
23
10
51
43
43
20
18
18
18
18
60
60
40
40
40
37
67
33
33
23
16
67
33
33
34
34
34
5
-20
20
54
65
-24
20
18
6
6
42
134
134
140
140
104
-4
2
2
55
132
117
117
117
128
116
116
91
98
98
98
58
71
71
71
71
64
64
64
40
11
11
11
58
70
70
58
58
73
19
19
16
16
55
35
41
19
4
4
-8
-43
-81
-81
-315
-315
-315
-329
2
2
42
42
92
99
99
170
161
161
169
169
172
120
120
133
83
97
97
76
66
93
97
97
51
42
41
35
35
35
12
36
36
39
96
96
120
24
23
23
317
496
496
496
23
23
-5
-386
-386
-457
-205
-209
-209
-209
66
66
66
88
104
104
91
91
92
86
99
99
99
99
26
32
32
72
72
101
101
101
101
101
82
91
21
52
24
24
6
6
6
10
0
0
39
53
53
53
53
53
53
53
5
0
-75
2
1
41
81
56
48
48
48
48
48
-25
-25
12
41
41
55
55
55
55
55
55
55
55
12
12
12
-6
-41
-50
22
13
13
52
121
148
161
140
140
105
130
68
68
61
68
64
64
74
50
42
42
27
65
-42
10
7
-24
40
40
23
56
41
28
27
23
87
34
34
34
34
25
25
25
38
38
26
11
21
2
75
11
37
-13
-86
86
9
81
41
69
58
68
39
166
138
112
70
91
97
75
32
35
-7
10
-38
8
8
8
8
39
34
9
4
67
54
34
37
50
27
35
-4
6
6
6
4
-29
166
98
98
87
87
18
50
36
21
5
5
43
91
182
117
7
-20
-17
-17
-6
-53
-37
-37
96
-13
-3
37
170
246
-52
-50
-89
-89
-53
-54
74
48
74
75
103
56
27
24
90
97
106
52
87
57
57
5
52
37
27
27
81
81
41
40
36
22
22
43
34
20
20
24
45
35
49
49
29
17
24
24
22
23
43
32
23
36
36
57
57
57
57
28
87
87
35
21
24
24
64
12
27
33
64
41
19
0
0
48
20
18
18
18
38
55
36
65
71
53
-4
-4
49
32
24
24
24
28
8
8
26
56
56
56
56
49
36
44
48
43
33
33
33
17
2
2
13
23
23
54
44
36
24
18
234
533
741
741
730
709
709
709
709
709
709
-470
-259
-18
21
114
140
108
81
98
88
89
60
76
55
55
104
70
99
-88
-74
-99
-136
21
80
72
59
67
84
96
108
25
34
93
44
180
73
16
89
601
601
730
195
-427
-573
-600
-605
-530
-133
27
33
55
86
137
183
168
104
122
124
9
67
90
65
42
77
71
74
70
87
64
81
66
45
25
96
74
140
168
130
34
37
88
322
634
774
396
-65
-333
-588
-547
-365
-306
-250
-109
22
123
119
155
80
92
125
69
69
74
89
113
43
72
29
43
80
36
108
34
25
-3
6
49
99
59
108
64
51
-25
-36
55
35
60
23
19
65
203
156
156
25
-42
-61
-8
54
-21
24
49
66
42
41
99
438
776
573
139
-226
-412
-517
-466
-267
-267
-83
-24
-21
2
89
103
85
117
96
89
104
60
123
54
91
40
71
76
76
74
40
75
59
53
6
28
18
37
37
34
64
64
81
2
2
39
100
38
74
85
57
122
74
32
-66
-59
-53
-51
24
91
53
40
148
83
138
152
149
73
66
51
6
9
-42
-54
-22
-5
20
51
-3
22
-3
88
3
49
17
43
53
24
49
65
72
257
257
601
-27
-268
-321
-279
-266
-198
-198
-66
329
485
677
440
68
-343
-487
-460
-460
-460
-412
-231
0
11
88
120
148
129
129
129
124
124
135
135
135
135
100
112
112
112
92
96
96
37
43
43
43
42
65
65
72
72
72
130
130
164
164
164
4
8
8
56
52
52
52
52
65
65
81
81
72
72
-3
1
1
34
34
34
37
37
12
74
74
60
60
60
3
24
3
12
12
41
41
41
55
38
55
55
20
6
49
22
23
23
23
89
89
89
100
100
0
5
5
19
19
50
59
59
74
74
50
54
54
54
54
61
82
82
72
72
56
28
28
43
25
25
16
17
44
44
26
13
13
13
13
20
20
20
20
20
20
98
70
70
70
7
13
13
13
19
43
32
32
32
52
9
9
9
9
9
9
-1
34
83
106
80