0
0
914
881
550
531
342
342
-2048
-216
1314
1314
-1090
-1754
1353
1258
1258
680
680
657
808
1877
1746
1746
1299
715
1669
-1015
-2048
-2048
-2048
2047
237
96
-23
-1019
-1019
-515
-681
-435
-359
2047
-1274
-1332
-1666
773
2047
-1890
-1819
-2013
2047
-1273
-2048
-2048
-1445
-950
342
-2048
474
-1922
2047
2047
-2048
-2048
-2048
-753
-697
-572
-306
-217
-101
-58
-35
-22
-6
2047
2047
2047
1475
1188
664
102
-920
756
1403
1088
705
531
375
-1112
738
22
-2048
129
1482
1482
-2048
-1916
-1161
-964
-390
-392
2047
2047
-2048
-1799
-1192
107
-1082
-1014
1431
-970
2047
2047
2047
1763
1099
851
851
636
280
200
-2048
-1997
971
-1116
2047
1777
2047
2047
2047
1316
985
-2048
2047
2047
-249
-374
1059
665
375
61
-2048
2047
1644
1289
877
675
426
374
221
-2048
-2048
-1719
-1414
-897
-814
2047
2047
-2048
-2048
-1910
2047
2047
2047
-2048
-1949
2047
2047
188
757
-2048
1989
-793
-2048
-2048
-1860
-1171
-589
-884
-342
-344
-178
-228
2047
1633
202
-2048
-1723
-378
-2027
-1812
-1557
2047
2047
2047
1372
193
-781
-1445
-2048
-2048
2047
840
-1192
919
1270
-2048
-2048
2047
2039
1417
642
697
473
347
-2048
1025
613
433
309
261
205
136
103
-2048
-2048
-1257
-2048
-1517
-1068
-1029
-818
-818
-646
77
137
-173
-116
-71
1352
-218
-107
2047
2047
2047
2047
1107
667
-2048
-1719
-2048
-2048
-1268
2047
-2048
2047
2047
2047
1776
838
-2048
-2048
-1764
-1226
-1226
-403
-627
-285
871
2047
-139
2047
-273
192
-2045
-924
1451
-734
-2048
2047
776
-2024
-2048
-2048
-1917
2047
2047
-443
-1689
-2048
-2048
717
1798
1379
1222
-2048
-2048
-2048
-857
432
-1606
-1841
2047
1108
2047
1968
1309
27
-2048
1881
1111
-2048
-1467
-1621
-2048
-2048
-2048
-2048
-2048
-215
-215
745
-937
-567
-567
-546
-546
-197
-148
2047
2047
2047
2047
2047
2047
2047
1927
1927
1860
1794
1794
488
245
245
104
101
101
50
50
50
50
-2048
-2048
-2048
-723
-695
-695
-695
-695
2047
2047
2047
1348
1299
1299
-1016
2047
965
931
-2048
-2048
-2048
-2048
2047
2047
-2048
-2048
-2048
-1522
-1465
-1465
-424
-407
-407
-407
-391
-2048
-2048
-2001
-868
2047
2047
1250
1250
1205
2047
2047
2047
1632
1572
1572
779
-2048
-2048
-2048
-2048
2047
2047
2047
2047
1557
-2048
-2048
2047
-278
-278
-429
1109
1109
1068
1031
1031
368
356
356
-2048
-2048
-2048
2047
2047
2047
2047
2047
2047
-1125
-1125
-1082
2047
2047
2047
2047
2047
-1462
-1169
-1169
-1169
-1169
-1124
-965
-1896
-1896
1272
-427
-2048
721
721
311
-2048
-2048
-2048
-2048
2047
2047
1914
-2048
-2048
-2048
-2048
-1657
-1657
-426
-1436
-1436
-625
1171
1130
1130
1681
490
490
-1112
-1394
-1394
-1394
-1068
-1068
-1061
-729
-553
-533
-388
-117
-117
-117
-75
-75
-312
-299
-299
-299
-131
-131
-131
2047
2047
1140
1040
1015
-2048
-2048
-2048
1495
-563
2047
1827
1827
1827
1827
1827
1762
1097
1097
1059
1059
1059
1059
42
-2048
-2048
-2048
-804
-773
-503
-133
-133
-125
-22
-22
-20
1675
1675
1560
1556
2047
2047
1498
1258
1258
1258
1203
1203
-2048
-2048
-2048
-2048
-2048
-2048
-995
-995
1220
-2048
1858
-1690
-1625
2047
2047
2047
0
1633
-585
-585
-226
-503
-1591
-2048
25
-361
1600
-1299
2047
2047
1417
337
-837
838
833
601
561
561
365
-894
408
346
-101
58
1
185
195
193
200
-2048
-2048
-1818
-1818
2047
1461
808
1032
-2048
-2048
1914
1761
1532
1016
1016
36
36
36
-1817
-1817
-1749
1608
362
2047
2047
1465
1465
1670
-1220
-1220
-1220
-2037
-920
1973
-807
-1605
-1605
-277
-86
737
737
557
1154
1154
584
-2048
-2048
2047
1655
1655
1594
705
679
679
-2048
-1625
-1235
-1001
1811
1340
-1002
2047
-1932
-1482
-1427
-587
-587
1158
-1047
-2048
-2048
2047
2047
1875
973
940
940
992
-989
632
609
609
502
307
296
-2048
-2048
-2048
-2048
-1916
-594
2047
-1786
-1786
-1721
-1393
2047
-2048
-1735
-1624
-1624
-1190
-817
2047
2047
1787
1648
1648
400
359
1176
-2048
-2048
-2048
-1836
-1786
-1373
-970
-935
-347
-331
-286
-222
1785
2047
2047
2047
2047
2047
2047
2047
-230
-50
-50
1032
1032
2007
1862
1330
754
-2048
-985
-985
1188
-2048
-1161
-2048
1929
1849
1849
1539
1489
-247
356
-961
868
868
420
-2048
1322
1322
-2048
-1002
-2048
2047
394
2047
2047
2047
-120
-120
-120
-2048
-2048
2047
2047
2047
140
-2048
-2048
-2048
-739
-1654
2047
2026
-178
1069
1069
1027
-2048
-2048
-2048
-2048
-2048
-1026
-1444
-877
-844
-645
-645
-619
2047
2047
853
-1701
-1701
1163
1093
1053
1053
659
-2048
532
532
1708
2027
-2048
-1894
614
1857
1857
2047
-1310
-1310
1717
1717
2047
2047
2047
1997
2047
2047
889
2047
1561
1088
-1497
-2048
-2048
-386
2047
2047
-1686
763
-659
-2048
1386
-2001
572
2047
1088
1580
-2048
-1956
745
-609
2047
-2048
-1702
2047
1986
1541
1382
961
284
-2048
-2048
2047
-2048
-1502
-881
-670
2047
-1386
2047
2047
2047
971
-2048
-1209
-1163
-580
2047
2047
2047
2047
1994
-1591
-2048
-1771
-1260
-795
-537
-327
-365
16
1866
2047
2047
627
1045
1728
1541
1072
471
321
251
-2048
1013
-2048
-2048
-2048
-2048
-2048
-2048
1397
-2048
-2048
-605
2047
1731
1731
1668
1443
-2048
-908
-642
-468
-386
-186
-101
1547
2047
2047
-2048
-2048
-1182
-806
-692
-567
-1217
2047
2047
2047
2047
2047
-2048
2047
2026
1885
1885
1818
1632
1632
602
581
581
-2048
-2048
1443
1392
867
867
836
-2048
-2048
-1705
-1212
-1447
370
-2048
-1566
2047
-1198
2047
2047
2047
1395
1080
-2048
2047
-534
-2048
-1605
-1605
-1380
2047
2047
1601
1195
1073
1033
1033
928
893
539
-2048
2047
2047