0
-513
-2048
-1461
-1461
2047
2047
2047
1028
-2048
2047
-613
-2047
-1208
2047
2047
2047
2047
2047
1969
-1815
780
-941
1804
-359
2047
-2048
-1929
-1929
-1929
-1929
-1858
-1789
2047
819
481
295
192
180
180
180
534
123
-2048
-613
2047
-650
-650
-1371
2047
2047
2047
2047
961
891
891
-804
-1189
1172
2047
2047
-2048
-2048
2047
1283
646
470
-564
-564
-184
-2048
716
-1038
-890
-857
-707
-679
-679
-131
-58
-58
-55
-23
-21
-19
-2012
-1586
-1364
-1364
-1117
-1083
-682
-231
-121
-99
-99
-82
-197
-197
1420
-2048
-2048
-2048
-2048
-2048
-2048
-2048
-1513
-588
-109
-109
-74
-29
-26
2047
-1316
1677
2047
1110
-1558
2047
2047
2047
2047
-2048
-2048
-1250
-1204
-1158
-748
-748
736
2047
-2048
2047
2047
1626
1626
1569
1532
1532
-2048
1362
-2048
1895
1700
1700
950
916
581
-2048
-2048
-2048
-2048
-1684
-1561
2047
-2048
-2048
-2048
-2048
-571
2018
1819
-2048
822
-2048
2047
2047
-2048
-2048
-710
-2048
-2048
-1499
-1386
-1386
-785
-529
1000
-1620
-1678
-1678
2028
2028
1272
-1594
-1479
-210
-493
2047
2047
1415
1223
1223
1019
1827
2047
2047
2047
-2048
-2048
-2048
-2048
-2048
-2048
-2048
-1203
-1114
-1073
-1073
-421
2047
1978
2047
2047
1545
603
356
344
252
-2048
-2048
1034
1099
620
620
322
260
154
556
-2048
-2048
2047
2047
-2048
2047
-1838
-1953
-1543
2034
-2048
-1978
-1626
-1110
-572
2047
989
-1781
-1316
2047
2047
2047
1402
1088
906
785
475
1676
1691
858
1939
1408
873
680
553
-2048
-2048
-2048
-1549
2047
2047
1780
-2048
2047
1787
1494
1080
778
480
-2048
-2048
404
2047
1540
-2048
-2048
-1932
2047
2047
2047
1835
861
-2048
1339
-2048
1363
1057
-2048
-2048
2047
-1767
-455
580
2047
-1565
-1565
-203
1911
1480
1066
645
393
260
260
151
130
96
66
52
-34
52
49
37
36
34
50
41
41
35
34
34
32
838
794
-2048
-2048
-2048
-2048
-1756
2047
-1604
2047
859
-2048
2047
2047
-2048
264
2047
2047
2047
2047
1155
2047
2047
2047
1914
-2048
-2048
-1307
-1629
-1169
-737
-517
-346
-261
1708
1601
2047
1642
951
663
517
434
-2048
-1815
-1289
-812
-531
-355
2047
2047
529
1733
1733
1552
-2048
1340
-2048
2047
-2048
-2048
-2048
-1627
-884
1216
2047
2047
1368
1141
576
482
919
-2048
-2048
2047
2047
322
-2048
2047
-2048
2047
2047
840
-1926
-1225
-743
-310
-233
-125
-83
-114
-45
-46
-10
121
2047
-2048
-1930
-1228
-805
2047
1425
-2048
-2048
2047
1746
1168
-2048
-2048
-1762
-1288
-2048
-2048
2047
2047
1773
1478
1189
-2048
1561
-2048
-2048
778
-1891
2047
-1525
-1066
2047
-2048
747
1890
-2048
-2048
2047
-2048
-2048
2047
-2048
-2048
-2002
2047
-2048
1841
1427
-2048
2047
2047
2047
2047
-2048
-2048
-1715
844
2047
-2048
2034
-1641
-2048
-2048
-1726
2047
-2048
2047
1846
2047
-2048
-2048
-1714
-1214
2047
1938
-2048
-1812
-1558
2047
-2048
-2048
-1397
2047
-2048
-2048
-1646
2047
-2048
-2048
-1997
-1997
-1271
2047
2047
2047
1408
1356
1356
1308
1308
1308
1308
1308
550
550
531
-2048
-2048
-2048
-2048
-2048
-2048
-2048
-2048
-2048
-1278
2047
2047
2047
-2048
-1796
-1943
1344
1344
1296
-2048
-2048
-2048
2037
1286
-2048
792
792
792
792
-1713
-1713
-1713
-1713
-1713
-1649
-1109
2047
2047
2047
2047
2047
2047
2047
-2048
-2048
-2048
-2048
-2048
-2048
2047
2047
2047
-1898
-1829
-1405
-706
-678
-457
2047
-2048
2047
-2048
-2048
-2048
-2048
-2048
-2048
2047
2047
2047
-2048
-2048
-2048
-2048
2009
1254
1254
1208
1208
1208
985
-2048
-2048
-2048
-2048
-2048
-2048
-924
-1524
-1524
-1524
-1524
2047
2047
-353
2047
2047
-2048
2016
2016
1813
1813
-1895
-1826
2047
2047
2047
-2048
-1991
-1991
-1991
2047
2047
2047
2047
2047
2047
2047
2047
496
309
263
247
-552
-2048
-2048
-2048
-2048
-2048
-2048
-2048
2006
1937
1937
-2048
-2048
-2048
1461
1410
-2048
-2048
-2048
-1320
-1010
-965
-965
-965
-965
-305
-305
-292
-292
-2048
-2048
-2048
2047
-1822
-1822
-1822
2047
2047
2047
-1793
2047
2047
-2048
1797
1445
489
411
-2048
2047
2047
2047
2047
1746
1746
1746
1746
1746
1684
1304
-2048
-2048
2047
2047
2047
-2048
2047
2047
2047
2047
1696
1696
1634
1634
1634
665
665
665
619
619
-1654
-1636
-1636
-1512
-1710
-1298
-1246
-1246
-1202
-1202
-377
-377
-362
-362
-362
1364
1364
1364
1316
1316
1316
380
368
368
2047
1830
1830
1830
-1112
-1069
-1069
-2048
-2048
-2048
-2048
-2048
-2048
1296
-2048
-2048
-1847
-1468
-1415
-1415
707
2047
-2048
1878
-418
-418
-2048
-2048
-1506
2047
2047
1313
1267
-2048
-2048
-2048
1782
-2048
-2048
1985
1621
1461
1461
1461
259
1280
955
364
-2048
-1865
-1098
-1098
2047
2047
-2048
-2048
-1227
-1227
2047
-2048
-2048
-2048
2047
2047
1066
692
667
460
297
273
184
161
81
-482
-306
-306
-1970
2040
1419
1318
853
547
508
-2048
-806
-1582
-1245
-1154
-727
2047
2047
2047
2047
2047
2047
-2048
-1850
-1656
-1319
-1319
-1270
-772
-577
2047
2047
2047
-2048
-2048
2047
2047
1766
1642
1473
1273
-2048
2047
-664
-1330
-1525
2047
2047
2047
2047
1419
-2048
-2048
2047
2047
1280
1234
1234
1189
1111
1067
1067
-1116
2047
2047
2047
2047
1853
1156
603
448
-1603
-1308
903
1960
1184
1140
1099
-2048
-2048
2047
-1880
-1746
-1746
-1558
-354
-354
-289
-277
-158
-146
-44
-14
-14
-10
-10
2047
2047
1440
1393
2047
1952
1316
955
857
-2048
-1466
-1361
-1361
2047
-1966
-1005
-725
2047
2047
2047
1736
1736
657
311
839
839
777
229
-2048
-1159
-99
2047
-2048
-1700
-1637
-780
-855
2047
2047
1049
650
650
604
777
777
-398
-568
-2048
-2048
-1495
-1644
2047
1707
-615
-615
-2048
-1406
1656
1656
-1164
-1164
2047
2047
2047
1659
165
1160
1092
1325
-2048
2047