0
60
10
10
24
87
87
123
41
41
73
73
23
72
72
23
52
52
122
1
1
18
8
8
25
25
69
69
69
42
68
68
55
65
44
40
40
40
60
25
25
59
35
48
48
54
58
-18
-22
42
90
48
44
44
75
71
13
48
0
22
22
66
66
84
38
35
27
22
39
36
42
40
50
59
55
55
81
41
41
18
53
93
20
88
103
103
48
68
70
-2
73
85
72
6
28
60
65
71
18
25
25
25
72
51
61
37
57
10
10
33
54
107
-20
40
4
20
20
52
-13
-5
-20
-20
40
40
98
75
39
39
36
91
91
10
56
44
39
42
52
38
38
80
32
49
27
27
45
38
57
102
28
28
76
88
52
38
33
56
90
90
12
48
48
34
89
57
53
53
9
36
36
51
21
18
18
21
28
74
58
6
6
35
35
35
50
60
82
69
53
76
73
44
44
33
33
33
53
44
80
80
9
17
82
83
82
88
52
39
-9
100
100
50
67
33
54
60
57
75
50
22
69
69
27
73
26
98
118
69
65
65
53
48
125
125
73
-60
-28
-28
-40
-39
16
11
25
25
28
22
87
69
53
12
-53
-53
-51
-51
-328
24
38
-1
99
120
120
66
229
177
102
102
99
116
99
22
22
35
36
77
77
43
20
10
-3
66
54
54
76
-4
34
27
8
7
-10
16
50
73
-1
66
67
67
61
34
40
102
102
60
29
21
72
129
72
23
43
72
58
19
41
77
38
23
81
41
64
69
60
74
106
83
4
20
43
92
73
19
54
4
20
75
49
38
56
35
99
53
89
64
72
41
29
9
-4
42
-27
37
51
71
71
53
59
10
41
27
7
-12
25
7
58
51
92
88
92
19
-18
42
87
116
91
52
103
119
60
99
136
86
88
90
202
130
25
-28
112
41
-108
-138
-102
-56
-76
20
-87
-88
193
193
-530
-340
-83
-5
-129
88
117
83
64
42
54
50
156
139
193
113
56
183
179
162
90
32
-4
-41
44
67
64
23
-11
-25
51
82
70
49
51
114
197
146
139
75
17
-49
-17
115
72
73
89
53
0
151
57
25
-30
-40
-20
118
57
135
55
12
59
485
119
118
-22
-3
-14
11
38
-77
-105
-51
-65
35
138
51
-83
-102
-220
-424
266
216
129
89
146
188
120
88
115
91
59
128
38
77
70
23
66
39
85
72
41
74
54
25
140
131
68
49
42
50
73
74
109
85
129
57
50
10
-3
35
-7
-10
-20
-36
29
-3
17
37
52
73
9
40
51
68
45
54
73
80
74
80
57
-6
28
3
20
-12
195
151
76
144
84
247
211
115
-54
-56
-75
12
-3
44
82
44
38
8
103
99
67
90
50
10
8
4
3
3
5
5
-37
74
52
52
149
149
165
34
19
19
-7
-7
-1
122
88
75
117
117
91
3
4
4
57
44
-43
-43
-23
103
103
98
55
-69
-69
-51
-51
55
36
36
114
138
138
138
146
72
73
6
11
17
17
17
57
57
57
88
145
154
-14
11
17
17
0
37
37
36
21
21
64
64
140
8
-7
51
16
38
38
106
106
115
54
52
11
22
22
12
12
37
37
43
43
43
43
43
135
122
35
9
9
-17
93
86
90
113
113
59
59
59
1
17
17
60
52
52
89
104
119
119
119
119
88
88
81
88
32
50
60
60
64
102
88
120
120
120
120
-25
-28
-28
55
12
52
86
42
37
26
10
-4
58
51
69
58
82
82
41
58
58
26
29
11
69
72
72
34
23
38
19
77
34
57
48
48
26
26
114
37
35
24
39
39
44
68
80
37
37
36
36
70
54
25
58
28
-1
50
50
17
25
91
49
51
72
72
64
88
85
25
25
27
12
12
0
0
51
58
80
87
87
87
43
55
17
67
90
90
74
37
82
60
37
37
42
12
22
35
53
53
77
39
39
13
61
61
5
50
50
29
75
44
44
37
37
35
18
60
60
60
60
39
39
49
18
29
29
39
41
68
68
68
37
73
73
73
53
20
65
58
136
68
97
97
41
20
50
43
43
58
10
69
69
97
58
69
69
22
41
29
29
52
59
59
21
33
18
35
9
49
81
81
69
33
27
34
52
64
116
75
44
56
-2
44
23
104
104
52
52
69
16
16
34
42
42
36
59
83
72
-2
87
71
27
27
67
51
44
81
59
80
74
74
22
42
68
68
71
22
68
68
84
56
45
48
27
49
32
32
32
40
40
25
89
90
90
21
7
25
76
76
6
42
42
89
50
56
66
51
60
40
70
22
86
51
51
56
51
28
52
60
69
22
43
43
61
20
37
42
75
52
52
43
43
98
8
73
73
67
22
42
36
49
82
96
96
9
-24
-36
-9
48
48
22
59
59
75