0
0
41
-21
-21
-21
-21
-20
-20
17
93
93
-27
-22
-22
51
52
52
-12
6
6
-18
-3
-3
-38
-25
92
-34
-49
-13
-13
-10
58
-49
18
-12
-12
20
-5
9
-27
-27
-27
-19
-19
-7
76
-18
10
10
-3
17
17
23
-3
-3
0
0
69
51
124
124
280
280
-70
183
43
-27
13
-20
-20
-20
-20
11
-62
-62
-4
-4
136
7
10
-7
-7
-46
-68
-56
129
-60
-102
-102
91
-59
-33
-5
-5
-1
-7
-7
3
3
49
49
49
-29
19
19
29
76
76
26
-30
-30
32
28
24
-11
-11
-25
-25
2
128
262
342
-109
-39
-39
-39
52
60
133
-41
-21
-23
-5
28
-74
-73
-73
-61
-61
125
150
150
-3
-3
27
1
7
7
35
35
53
39
-39
-39
-45
-45
-45
-72
-24
-24
-9
-9
-9
104
213
-1035
-902
-1450
-1450
2047
2047
2047
2047
2047
2047
2047
-2048
2047
-2048
-2048
-2048
-2048
2047
1713
1713
-2048
-2048
-2048
2047
2047
-2048
-2048
-2048
-2048
2047
2047
2047
2047
1434
805
-1769
-1641
-1641
2047
-2048
-1883
2047
2047
1431
-1533
-1403
-849
-532
-325
2047
-313
1730
2047
2047
2047
-902
-902
2047
2047
2047
2047
2047
-2048
-1814
-1814
1670
-2048
-1958
-2048
1826
1137
1771
1510
873
811
340
289
-108
928
928
-2048
-2048
-2048
2047
473
473
-2048
2047
1968
2047
1015
613
570
570
426
258
258
258
227
811
756
756
475
-2048
-2048
2047
2047
1683
-1982
-1911
-1170
-1170
-1170
-1083
1274
2047
2047
-2048
1280
1191
1191
797
537
1930
1930
1868
899
1507
-2048
-2048
2047
2001
2001
1861
-2048
-2048
1720
-2048
-2048
-2048
-2048
-181
-828
-573
613
1867
1867
2018
-999
2047
1768
1768
2047
1243
1160
1974
-2048
-2048
-2048
-2048
-2048
-2048
-2048
-1432
-1379
-1379
2043
1888
2047
-2048
-2048
2047
-2048
-2048
-1986
2047
2047
2047
2047
2047
2047
2047
-2048
1977
1840
-2048
-2048
2047
2047
1472
-1698
-2048
-1737
2047
2047
2047
2047
-2048
2047
2047
-1931
-1798
2047
2047
2047
2047
-2048
-2048
-2048
-2048
2047
2047
-2048
-2048
-1666
2047
2047
2047
1968
-2048
-2048
1960
2047
2047
2047
2047
2047
2047
-2048
-2048
-2048
-1650
-1650
2047
2047
2047
1796
380
-2048
-2048
-1929
-1139
2047
2047
-1969
2047
-2048
-2048
-2048
2047
2047
2047
-2048
2047
2047
2047
2047
-2048
2047
-505
-505
-2048
2047
-2048
-2048
-2048
-1880
-1608
-1608
-1547
-1490
-899
2047
-2033
-1818
-757
-728
2047
2047
-2048
-2048
-1970
-1352
-958
-668
2047
-2048
-2048
-1208
2047
-2048
-2048
2047
2047
1724
1288
807
585
1532
573
-877
-1787
-1322
-424
-565
-427
2047
-1345
-952
-621
-420
-267
-185
-105
-72
-40
-25
-9
-1
2047
-1751
1396
-1733
-1234
2047
-263
2047
-2048
-1402
2047
-2048
-1923
2047
1673
1692
1488
887
1044
-2048
1752
1051
752
-2048
-2048
-2048
-2048
-2010
2047
1607
1077
649
489
472
371
188
135
97
83
70
49
67
301
-2048
-2048
-1694
2047
-2048
2047
1763
-2048
-2048
2047
2047
1829
1593
-2048
-2048
-2048
-1657
393
-2048
-1524
2047
-2048
1856
2047
-2048
-2048
2047
1770
1274
953
1121
785
1963
1771
1316
-2048
-2048
-2048
-1763
-858
-764
-734
-346
-69
-419
2047
2047
2047
1507
1084
704
-2048
-2048
-2048
-2048
-1955
2047
-2048
-1526
2047
-1191
-875
-595
-1460
-1385
-1185
2047
-2048
-2048
-1461
-2007
2047
-2048
-2048
-1659
-1093
-776
-483
-349
-238
-1959
2047
-2048
2047
2029
2047
-2048
-1644
-1083
-738
-478
-347
-302
-518
-550
-393
-221
2047
2047
2047
1410
-2048
2047
2047
2047
1168
660
1685
1685
716
-2048
-1372
-2048
-2048
2047
2047
-1249
-1449
-1389
-1011
2047
1794
1001
819
-452
-2048
-2048
-21
-1799
-907
-642
-412
-285
-312
2047
-1913
-1217
-1003
-631
-519
-261
2047
2047
2047
2047
1875
1303
812
662
-2048
2047
-2048
-2048
-1468
-1010
2047
-2048
2047
1509
976
657
434
349
237
202
-2048
-2048
-1778
-1715
-1004
2047
-2048
-1522
148
-905
2047
2047
2047
1416
954
1266
-2048
-2048
-2048
2047
1547
-2048
-1729
-1729
-1665
-1665
-1485
-1288
2047
2047
2047
2047
2047
1542
1488
1488
1433
925
331
-2048
-2048
-2048
2047
2047
2047
2047
2047
2047
2047
1107
1107
1107
1064
1064
577
170
-82
-93
-93
-1947
-1334
-2048
-2048
-2048
-732
-2048
-1670
-654
-654
-631
-631
-220
-212
-44
-44
-42
-42
-40
-40
-25
-20
-20
-362
-347
-142
-194
-194
-184
-104
-104
-100
-91
-91
-549
-529
-529
-152
-30
-973
-973
-1032
-1032
1130
-2048
-2048
1173
1787
1787
1724
1724
1075
1075
1036
999
999
342
342
330
330
-962
394
394
394
357
357
-2048
-2048
-618
-2048
-2048
-2048
-2048
-1077
951
951
-61
915
694
-1047
-1945
-2048
-2048
-2048
-2048
-2048
-2048
-964
-891
-891
-891
-891
2047
-2048
-1532
-1532
-1494
-1494
-1660
-1660
-1138
-1138
-1138
1986
1921
1921
-1540
-1481
-1481
2011
2047
2047
1672
1574
1574
1259
2047
2047
2047
-837
-2048
1288
1243
1243
1202
1158
1158
1115
-2048
1699
1699
1699
1636
1636
-1733
-1669
-2048
2047
-1923
-1270
-779
-748
889
889
-2048
-2048
1229
1229
1187
360
360
204
-2048
-2048
-2048
2047
2047
2047
2047
-2048
245
245
2047
2047
2047
-218
2047
2047
-873
-2048
-1062
-812
-786
-786
-473
-454
-454
-435
-291
-116
-108
2047
-183
-177
-147
-42
-40
2047
2047
2047
2047
2047
760
733
733
1172
1129
275
-2048
-2048
-2048
-1922
-1850
-1654
2047
2047
2047
2047
-326
-2048
-2048
-2048
1269
1221
1221
2047
2047
1245
-2048
-2048
1767
1767
1691
-2048
-2048
2047
1895
-2048
-2048
-2048
-1756
2047
2047
2047
-2048
-2048
-2023
-1271
-1090
-1090
-563
-520
-317
-317
-983
-705
-1189
-1058