0
0
22
22
22
12
58
-39
-39
-34
-34
-34
2
-23
-29
-22
16
16
22
22
22
22
22
24
11
12
25
-11
-11
-7
23
-1
22
22
13
13
-8
-8
-8
19
19
-41
-41
3
3
16
16
-42
-42
-38
5
20
22
22
34
34
34
69
69
-10
-10
-10
-22
-38
-38
-36
10
10
-20
-55
-55
-37
52
59
59
21
21
35
4
21
83
73
73
10
10
-21
72
96
96
85
41
41
50
-23
2
59
2
2
-6
1
1
6
6
9
3
3
3
-40
58
24
10
10
17
54
54
72
28
28
51
23
49
49
86
51
51
75
59
59
-20
-13
21
57
54
-2
7
55
72
37
37
21
20
20
-4
-11
-11
26
32
32
32
55
55
55
87
55
51
51
3
3
3
3
18
18
74
64
64
64
21
7
7
20
33
33
42
23
54
54
32
19
19
19
19
58
69
69
-6
44
50
35
35
35
36
-4
-4
12
20
20
20
24
18
55
-19
-7
-7
54
53
-26
-10
-10
17
20
-12
-14
33
7
-4
-4
18
1
73
60
60
-8
4
-24
65
36
49
60
140
-77
-77
133
52
140
140
166
-33
-9
-9
-61
-22
92
44
28
-24
-24
84
66
42
56
56
40
76
-39
-39
38
24
41
41
39
12
-20
-52
35
128
112
104
104
9
-2
113
-13
27
76
-2
-2
-4
37
51
64
44
44
49
26
-8
-8
80
9
41
40
3
3
45
-14
5
35
35
16
43
36
28
26
27
27
24
57
2
32
52
41
41
25
6
28
28
17
26
40
40
57
1
9
85
11
7
59
32
33
33
39
49
49
58
58
21
41
69
69
60
75
43
4
17
19
4
1
21
67
49
57
-37
8
8
12
-34
-24
33
64
65
65
-10
29
2
-41
53
-21
-21
-7
60
65
87
22
-26
-26
37
43
19
36
33
33
35
4
2
8
19
33
33
1
-6
44
56
34
81
18
16
16
16
43
41
41
43
28
9
5
24
16
6
18
24
26
23
38
21
73
83
10
43
-17
1
1
-1
51
38
-24
37
37
39
39
-3
44
1
1
20
68
21
35
52
68
-5
-5
51
3
7
-2
17
3
3
41
80
82
23
3
12
55
44
9
-9
17
54
43
9
43
52
60
5
-1
16
-39
3
53
10
29
35
39
70
58
34
27
33
4
17
54
21
58
12
32
35
41
9
9
55
60
45
50
34
7
37
37
41
51
41
-38
-10
36
42
-10
-24
35
21
43
80
40
34
102
60
-9
75
39
36
55
53
-5
40
38
97
17
19
26
-20
10
59
51
58
43
17
6
16
39
33
59
24
12
-29
-1
43
37
24
35
52
35
80
21
17
56
35
75
39
34
51
65
34
69
38
26
41
-5
24
71
48
43
-3
13
-1
24
41
68
-9
72
42
49
55
24
50
34
59
45
40
51
56
17
28
28
45
82
12
57
27
-1
72
20
65
21
70
16
59
60
36
44
25
26
20
19
50
10
48
23
74
74
54
49
68
21
58
39
51
10
24
25
25
21
56
28
56
41
41
39
51
54
37
4
19
22
54
39
3
53
17
67
12
-23
37
41
53
-4
55
-11
45
11
11
72
39
56
-41
-34
25
55
82
48
27
51
50
19
59
71
21
65
43
-9
20
36
54
54
19
4
26
50
-19
33
48
4
55
-11
89
21
27
32
21
67
96
-1
54
66
27
50
27
21
-13
52
24
76
24
39
42
27
20
24
34
33
43
43
59
37
37
21
21
26
26
18
50
50
50
50
50
44
7
37
48
34
33
-27
33
22
87
87
82
82
76
39
39
35
35
20
35
35
36
-9
22
11
11
11
25
25
21
21
23
80
80
98
9
27
34
34
6
6
6
10
10
92
66
33
6
9
9
75
5
5
112
96
96
21
33
33
70
54
54
54
54
67
67
64
64
40
24
24
-40
-8
-8
199
198
103
70
48
100
42
27
27
36
11
11
101
89
40
8
-4
-4
2
54
51
51
43
23
23
22
92
99
99
-1
-1
17
27
27
25
22
26
21
93
93
92
92
22
22
6
-9
38
24
24
25
25
33
33
19
27
27
11
89
89
99
4
-3
11
11
11
100
89
89
147
147
-4
55
55
55
55
57
99
131
131
105
105
61
61
-39
-33
-33
-41
-18
-18
22
21
21
2
1
1
35
48
48
48
22
22
22
34
96
-28
-28
-3
45
51
-20
52
17
7
7
7
23
23
-1
13
27
-60
28
48
32
27
68
34
17
96
55
55
561
561
475
475
353
-117
-114
-114
-77
-91
6
80
61
44
54
54
-3
10
-33
34
34
34
40
40
-20
-20
-5
16
16
44
11
23
7
23
23
23
23
8
38
38
23
25
25
66
58
17
32
12
-3
-26
-12
9
-1
-1
20
-1
-1
59
44
-33
16
57