0
0
0
28
28
39
93
93
93
57
57
57
57
57
6
57
66
37
61
61
61
23
23
70
7
7
21
17
17
53
67
67
7
-7
-7
40
29
29
29
29
58
66
66
66
2
23
23
12
12
83
34
21
21
54
60
60
28
28
22
74
44
34
69
89
67
67
28
26
49
68
66
3
3
-4
52
52
45
69
69
34
34
28
28
28
6
43
55
19
38
54
54
80
75
75
75
35
68
82
65
65
54
92
69
87
59
8
28
28
41
41
51
51
70
36
39
72
72
82
72
55
36
36
36
-17
-3
56
32
65
39
0
36
-13
-13
65
32
18
21
20
51
-5
17
33
19
55
98
73
73
65
23
35
35
50
69
77
-17
2
27
34
34
41
38
21
33
66
13
13
59
92
40
75
68
40
40
69
145
54
54
40
73
81
81
66
66
64
25
1
48
16
70
70
60
-12
11
20
36
85
56
36
40
38
51
5
48
50
50
35
55
85
42
42
-34
26
2
2
-69
3
3
9
-34
9
27
44
44
36
27
40
36
36
45
42
45
17
58
40
41
70
-2
0
21
72
39
39
42
112
56
56
44
27
44
50
50
99
27
57
88
51
68
51
61
61
35
27
32
42
91
96
4
18
10
16
65
48
48
50
50
57
-6
55
42
35
6
6
22
57
69
36
65
41
41
32
36
67
77
50
16
24
52
53
75
5
68
90
81
72
72
13
13
121
51
23
38
42
19
56
56
51
51
40
36
40
53
57
68
53
65
18
53
41
13
54
20
16
52
52
64
44
48
22
58
18
59
59
-1
19
6
66
33
50
61
61
28
16
23
-10
64
64
54
21
82
43
43
23
27
56
24
58
49
49
67
67
54
34
42
53
55
32
56
56
37
84
37
87
45
35
23
68
40
61
19
-10
20
35
25
77
45
29
67
40
68
25
13
48
26
64
-8
33
24
39
4
17
80
-2
7
68
41
64
66
9
61
65
77
37
49
42
17
27
67
20
3
67
56
56
16
37
72
19
22
42
12
55
37
42
42
34
24
77
68
20
93
-28
53
20
86
34
18
37
71
22
-4
20
45
32
75
33
43
43
43
-6
28
49
27
22
32
84
42
70
26
37
56
37
91
54
5
35
24
64
37
40
25
41
20
22
45
34
33
33
18
48
32
40
5
-23
53
16
40
43
24
35
12
25
49
32
18
50
71
-7
41
57
49
23
20
-21
48
71
56
25
11
32
55
34
12
22
75
7
20
44
37
38
35
54
41
-17
-17
21
65
48
49
24
68
54
9
32
66
32
0
72
42
-12
64
64
35
36
33
72
72
49
36
76
59
36
48
52
40
49
84
20
38
67
27
2
54
6
9
-23
44
88
54
-5
16
53
83
11
2
9
59
-9
32
40
24
19
44
53
36
53
3
42
43
48
25
1
33
67
2
5
100
23
28
17
18
16
34
54
72
72
73
52
41
106
53
60
49
34
51
13
60
41
38
44
36
68
20
59
18
10
42
29
56
25
19
50
68
68
36
36
41
66
66
66
39
76
76
98
98
98
98
98
41
34
71
71
83
10
10
29
52
52
45
45
81
44
44
44
84
52
52
34
107
121
121
25
66
66
61
61
65
65
17
17
2
23
23
48
48
48
17
17
16
16
53
70
27
52
40
40
48
61
61
-14
5
5
13
48
48
20
6
72
48
48
58
22
-13
-20
-20
56
41
68
33
24
150
150
91
59
49
82
82
99
99
18
29
29
2
1
1
3
-2
39
4
18
18
49
-2
23
23
18
0
-1
-1
20
44
44
51
51
53
61
-26
10
35
35
76
76
68
17
17
11
11
-6
-6
51
48
48
48
105
97
97
48
59
66
59
25
25
32
32
34
34
-10
21
33
28
41
55
55
56
56
56
36
-6
11
-23
9
9
9
21
43
43
40
36
36
36
68
58
58
32
49
49
10
25
54
54
65
65
65
26
26
80
80
58
58
51
51
51
97
86
86
65
-4
39
40
40
-5
56
56
56
24
24
100
65
65
71
71
112
24
115
130
423
-155
187
187
149
149
-49
-49
-41
-41
41
58
58
48
59
112
114
114
13
13
34
20
20
17
53
88
92
25
34
34
34
51
51
48
48
60
54
34
39
45
85
13
40
32
9
116
23
41
19
19
44
25
27
19
21
43
69
71
71
-9
59
36
36
41
-4
24
82
104
59
55
40
84
84
55
55
70
39
9
9
13
22
-9
-9
69
17
69
69
5
32
25
25
27
34
42
87
86
59
43
55
55
53
37
37
37
67
64
32
33
52
-12
27
69
69
52
38
53
32
32
57
-2
21
66
27
27
5
38
24