0
0
0
0
83
83
74
74
74
70
4
4
4
4
29
70
109
109
109
50
50
49
52
52
44
20
3
3
3
53
53
53
26
2
2
2
2
85
70
70
58
41
48
36
28
87
35
83
38
38
44
5
113
113
56
56
37
67
41
72
72
72
72
32
-5
-11
35
35
18
18
18
18
18
10
101
101
81
81
51
58
58
24
24
24
38
44
44
44
44
26
26
58
12
38
-6
3
3
20
20
112
112
92
72
72
72
72
72
67
67
66
66
66
24
24
70
35
43
43
67
85
16
49
91
91
77
-19
5
4
4
44
54
59
44
39
93
85
75
75
75
73
65
64
60
13
2
27
4
4
107
70
27
1
1
89
26
26
26
26
64
71
59
102
69
39
39
70
33
33
39
91
91
52
22
27
5
10
12
29
48
27
27
53
60
58
130
-17
12
3
37
11
26
26
71
4
4
0
45
65
65
68
68
68
69
56
70
64
77
77
85
12
38
38
38
38
59
130
90
90
66
24
24
36
21
20
12
12
48
40
41
41
42
23
56
12
34
57
55
27
27
27
48
48
71
44
37
37
22
43
53
45
29
33
12
58
58
34
19
-40
-40
2
1
74
74
27
41
52
52
18
150
150
150
38
36
58
51
84
48
48
86
58
37
49
50
26
-4
70
84
75
59
55
55
56
114
129
132
74
-10
48
55
55
75
17
28
28
11
18
52
52
25
25
25
17
1
169
67
91
112
43
43
24
24
32
58
45
48
16
48
48
67
68
53
129
75
40
40
36
36
55
83
67
69
54
37
37
70
97
64
64
42
76
16
16
3
24
0
42
49
51
19
70
70
1
40
32
32
-3
-29
7
7
22
66
40
12
2
2
9
26
26
26
20
37
45
45
24
49
53
69
48
117
54
33
33
39
55
77
22
32
26
7
7
32
52
20
20
10
56
61
99
19
64
10
73
64
33
84
81
29
-2
77
65
53
49
49
40
25
32
41
39
36
50
43
49
17
21
42
69
-4
-4
44
34
28
37
86
36
28
34
9
45
49
6
18
37
57
22
9
81
81
60
56
52
42
68
58
51
51
65
90
70
71
81
80
37
55
89
82
82
74
22
33
49
56
66
54
50
42
-3
45
6
6
49
56
35
35
39
41
69
69
66
59
37
70
70
55
64
23
49
40
45
38
64
-3
73
-1
37
69
44
72
33
49
43
39
83
25
59
80
40
40
74
86
70
36
68
64
33
87
65
74
53
38
43
60
76
51
71
74
90
70
40
55
9
-7
61
99
42
68
42
25
48
26
41
67
70
34
44
41
20
32
65
77
40
50
68
93
26
25
40
60
101
45
18
60
49
70
51
-19
35
68
65
44
41
41
28
42
56
50
39
73
55
54
39
102
56
75
66
56
40
41
36
48
81
76
61
60
6
49
39
38
43
91
67
49
90
39
81
21
64
12
53
76
32
67
32
88
80
57
41
58
66
42
91
4
32
21
42
43
75
33
3
76
5
5
12
43
16
18
77
51
25
55
69
33
21
84
66
98
52
43
51
92
60
10
60
69
34
40
4
34
32
87
90
83
71
26
49
28
92
73
91
36
-12
51
12
56
54
76
52
41
67
99
97
80
22
48
80
43
54
109
19
73
8
27
88
40
-21
17
38
65
97
101
67
40
32
66
74
88
72
24
38
72
75
56
60
59
8
81
72
87
105
18
17
41
43
24
41
34
29
75
53
57
65
24
50
69
27
59
65
43
36
49
52
41
23
66
53
57
86
108
36
43
43
17
21
21
68
68
60
60
50
51
51
51
51
51
93
72
69
37
69
69
77
67
-29
58
58
41
41
56
22
22
22
65
32
21
21
54
67
70
70
67
67
37
37
83
83
18
13
57
52
53
32
67
67
16
26
90
26
64
54
39
36
83
28
28
-27
22
18
66
43
43
59
40
41
22
67
67
67
76
76
76
60
60
-55
-2
-2
144
129
99
27
38
52
52
57
57
7
59
74
103
128
112
57
74
74
27
33
33
53
11
52
64
43
50
50
42
43
43
99
52
52
48
36
106
27
21
24
33
33
124
124
87
77
77
100
100
58
35
26
55
55
55
32
108
36
51
10
76
76
74
40
42
38
-6
-6
58
122
26
11
11
105
140
88
88
88
58
-20
60
43
32
32
32
54
40
40
69
8
71
71
117
82
82
51
13
13
56
76
76
76
44
44
44
-8
-8
1
1
50
22
-17
-17
-10
43
53
53
45
56
56
21
18
75
103
66
66
-5
56
56
50
34
34
315
315
294
294
248
2
2
11
21
21
21
-4
-18
67