0
65
10
-35
-40
-40
-44
-21
-12
17
18
8
4
16
8
9
9
2
59
24
21
40
37
49
40
41
52
23
23
19
-14
21
67
51
51
68
68
68
35
19
22
50
23
27
27
-21
18
66
-19
5
39
67
45
16
-20
23
55
-1
27
37
65
58
39
50
42
42
-8
17
-5
-7
-1
8
89
76
76
11
4
-10
44
45
45
53
50
-5
16
49
49
28
36
41
18
18
50
32
-3
-3
-2
33
67
16
3
17
50
50
-3
39
18
37
19
19
20
25
37
33
19
7
37
21
21
40
102
102
32
64
69
32
20
25
18
27
25
25
70
54
42
38
32
49
64
-27
59
59
60
82
57
57
-40
-3
48
-2
48
54
54
8
0
74
-6
120
10
10
34
-7
8
4
4
12
-2
52
-27
81
38
26
43
43
-29
44
-26
-35
144
-71
-71
-26
132
108
-55
-55
-36
-36
16
48
33
54
54
54
55
21
8
-22
2
2
-179
-235
-235
550
135
203
300
226
-57
-57
497
129
4
61
61
39
40
-33
-21
0
39
7
-12
-62
51
109
-65
106
106
55
21
41
22
4
72
-84
-84
54
90
29
59
3
4
20
36
72
75
91
77
-38
-25
65
98
-18
-5
29
29
77
49
35
24
29
-4
-14
59
6
59
65
32
12
39
76
48
37
73
83
43
5
8
37
-4
29
-19
89
75
48
41
84
41
-23
44
55
-62
-62
-27
51
65
-4
-39
7
19
84
129
70
44
8
107
87
4
-7
-10
17
71
145
12
-10
98
99
9
28
28
90
44
35
53
-13
48
42
9
41
137
59
42
-4
76
67
-133
-135
-73
-101
-103
-33
-102
169
2047
-98
-1762
-133
-327
97
564
322
-442
59
290
8
192
-81
121
202
138
348
245
154
119
257
37
-154
-126
-37
-50
10
-130
64
154
132
-75
-141
-169
-171
119
214
198
92
92
-24
333
-39
-161
-53
-199
-92
101
35
-75
115
76
41
2
54
16
61
-20
-93
-135
-43
71
763
53
133
114
108
-33
-145
-138
-245
-210
-57
-297
3
275
-125
-21
40
-462
-391
401
384
49
100
182
123
100
259
283
-25
112
28
-3
52
50
-25
-9
83
120
18
-73
41
41
74
42
-21
-10
43
-35
-62
-43
2
115
87
-10
-37
69
27
89
59
-43
-40
-19
-92
-65
-40
-35
107
81
86
-13
53
91
54
-35
39
105
40
57
18
3
-25
-12
-43
147
140
387
225
-126
-151
278
188
-86
203
-141
-194
258
97
-329
-179
61
56
-162
3
100
130
130
196
261
-9
65
77
81
81
86
34
34
28
28
28
29
29
29
48
89
89
119
200
180
107
107
115
115
-51
59
24
130
130
146
146
146
-37
259
278
-9
-36
-11
145
145
18
18
-41
-55
21
113
113
100
-9
90
119
54
71
37
39
49
49
55
55
55
-2
27
-137
-93
-17
-17
140
-26
65
75
-46
-59
-59
-36
-35
-14
-29
90
-21
9
105
105
82
82
-4
-9
-9
74
64
64
24
24
24
-28
6
6
6
6
6
13
-42
-42
-25
-25
-13
26
33
33
35
56
7
36
39
85
69
69
28
45
45
37
52
45
10
10
10
22
-46
86
71
70
2
69
69
80
80
18
33
33
33
33
36
17
17
36
32
-2
-2
-29
-37
-37
38
33
33
29
5
5
9
73
36
45
45
45
64
53
53
98
98
113
43
-10
17
17
35
60
60
60
33
33
28
72
72
71
9
9
17
0
0
10
10
25
76
77
71
-4
27
27
25
12
100
3
-23
18
18
-25
25
25
10
28
28
27
27
10
5
5
26
26
45
45
48
48
48
33
58
55
5
5
44
44
58
-7
-7
5
8
2
1
12
-25
-25
-7
42
42
50
50
41
54
54
34
48
41
28
-23
-17
-17
39
22
45
35
35
-33
-36
-36
55
59
23
100
84
-1
35
38
-4
38
38
23
21
38
61
75
12
9
7
7
21
21
72
44
71
38
24
24
56
73
53
-23
-76
-76
43
40
-76
69
81
81
84
37
105
104
104
89
5
61
52
65
22
22
12
43
32
32
32
-8
-8
66
53
-1
-1
0
49
25
-19
-19
34
34
34
-4
-12
3
23
16
7
42
35
70
68
68
17
-6
51
51
59
23
9
9
34
65
10
1
-1
-1
56
45
70
55
26
-2
-2
64
33
60
60
84
32
24
39
36
32
32
73
59
36
53
6
6
6
-38
57
57
75
75
75
52
18
18
26
23
3
17
35
53
38
38
20
81
32
21
35
50
-1
8
33
55
0
0
42
35
37
37
-11
-11
20
25
6
7
40
36
3
-2
-2
20
21
52
36
8
8
52
11
37
-4
20
42
42
24
23
23
25
2
20
20
20
58
88
42
17
-18
8
45
45
22
19
19
42
19
12
51
32
57
21
40
40
6
38
38
17
67
7
11
11
2
2
43
66
9
9
52
2
2
32