0
64
99
99
82
54
54
54
40
53
66
59
22
22
-2
36
21
21
22
43
67
67
-77
-2
64
21
13
20
12
11
11
-4
27
41
51
18
48
74
74
96
86
29
20
66
85
99
54
54
42
42
67
18
12
42
67
3
52
28
60
82
22
35
75
26
26
20
20
45
7
6
6
11
70
66
20
20
-27
66
75
44
5
21
21
58
52
66
41
104
0
60
60
45
42
89
64
69
70
70
37
50
74
65
10
36
24
70
53
59
76
60
81
21
21
89
48
289
-135
-102
-108
-89
-89
-51
-28
60
36
87
83
83
85
36
-25
-25
-25
-453
-453
-453
-572
-572
-86
-74
10
105
105
384
153
264
264
140
57
-23
-27
-19
-67
-38
-34
3
6
21
18
-2
34
16
19
9
9
55
44
44
51
39
40
35
35
53
21
39
-1
19
128
52
51
59
90
45
-13
23
2
27
39
10
1
33
86
42
-6
40
4
25
86
86
-18
43
2
-6
56
54
39
42
83
69
18
-69
-21
7
28
43
50
48
25
71
72
68
57
66
-28
-21
16
7
76
49
12
59
22
27
73
84
92
37
44
-27
96
40
55
-53
20
115
107
27
-4
-2
37
54
40
53
-10
-9
-6
-11
-73
-35
-8
58
27
6
152
167
163
343
192
131
-27
-68
-69
-91
-58
-89
-30
138
1939
-148
-836
-187
-135
65
249
162
122
32
43
176
86
21
71
130
183
280
298
169
96
-13
-2
-60
-72
-59
-67
-74
25
77
147
40
-17
11
-5
100
77
90
100
84
141
-3
98
6
5
0
80
25
24
-17
-9
22
41
64
36
61
92
108
9
59
50
4
791
-117
-533
-136
-121
98
-37
38
-179
-221
-187
-163
-18
37
64
39
-55
-156
-742
85
340
123
183
96
160
172
215
183
48
210
139
-26
9
34
56
60
44
22
20
24
21
33
27
0
-35
21
-19
-14
11
-50
-26
-29
67
60
54
89
28
85
27
107
161
-17
-89
-7
-17
2
28
26
53
98
69
67
50
60
23
60
51
35
76
82
-20
-49
-4
29
37
69
152
82
140
124
218
171
-53
-131
-180
-71
10
51
58
52
34
17
-12
-2
-37
-6
77
69
65
1
-18
-18
-24
-10
-10
117
133
123
88
120
120
118
91
90
70
125
125
32
20
20
20
77
77
112
72
64
64
112
112
113
113
42
141
141
102
64
4
20
16
16
21
16
16
22
69
66
66
66
34
43
81
87
38
38
33
33
33
33
34
25
161
125
125
6
36
98
86
86
4
44
44
64
64
43
50
50
43
58
54
54
55
55
55
43
-5
22
22
27
33
33
35
35
-2
-2
-2
-2
-2
-28
-28
-5
29
37
48
84
-5
90
59
59
26
41
23
67
102
40
28
8
60
34
57
67
51
51
51
72
86
83
39
39
56
-3
-3
71
65
72
72
44
44
44
-7
-7
0
2
-4
-4
49
76
76
21
21
21
16
-2
-2
37
44
44
7
43
43
74
34
34
64
81
81
44
44
48
67
33
26
81
99
99
22
22
-5
-11
-11
60
71
71
65
65
76
23
23
19
19
41
49
55
98
98
93
1
1
21
57
57
20
-1
33
77
72
72
56
40
40
9
23
23
3
3
-1
25
25
33
33
33
45
36
69
59
51
51
39
33
33
70
65
65
41
43
43
10
9
9
68
60
60
66
50
57
56
57
55
34
9
3
3
40
60
69
65
88
7
7
17
53
53
53
12
-10
61
83
74
66
60
36
36
51
16
41
72
23
20
-23
26
48
48
49
39
57
34
35
35
34
85
83
88
88
36
8
44
42
-4
49
49
10
9
53
25
35
17
20
17
17
67
23
36
44
44
48
40
43
91
23
57
57
28
8
4
4
50
59
24
24
17
17
55
51
51
24
40
58
50
72
72
7
35
9
37
23
28
28
28
68
-4
35
-9
40
72
72
73
75
7
74
51
51
36
27
69
9
9
61
61
56
56
48
16
56
56
73
53
67
83
83
1
50
19
29
1
39
2
2
41
44
53
55
55
71
41
54
51
51
70
56
35
35
32
53
55
56
76
32
11
23
16
41
48
56
56
59
43
61
3
12
51
69
69
74
35
-6
-6
-6
58
58
25
23
37
32
69
83
83
87
11
3
26
57
57
76
77
8
8
34
36
55
20
64
12
25
2
49
22
22
32
44
45
17
17
9
75
3
3
66
41
54
12
34
26
51
84
58
-3
-6
8
-9
65
54
17
57
52
52
67
66
53
53
40
39
64
37
81
38
37
34
49
26
26
38
2
50
51
36
25
42
16
16
4
54
51
33
36
26
40
75
8
8
87
23
26
33
89
49
80
49
43
16
34
23
-9
48
64
48
74
0
1
44
6
37
-4
59
45
34
16
67
92
25
27
55