0
53
6
48
48
35
35
42
42
17
26
4
4
71
82
35
40
40
54
19
19
-1
5
37
58
38
55
65
64
64
67
34
76
76
45
86
-8
51
44
34
40
40
44
82
73
50
45
57
43
43
83
52
99
96
-20
-20
49
72
33
33
33
88
88
66
76
100
72
25
19
59
59
25
40
3
3
-7
101
124
114
64
24
52
102
54
0
40
20
76
54
-18
39
66
70
34
73
21
50
104
39
32
55
53
43
21
84
74
65
72
24
25
32
52
67
43
22
34
77
72
84
71
81
44
49
76
76
64
40
25
88
41
51
32
-8
57
12
101
22
66
67
53
66
4
70
50
23
24
74
119
68
121
16
44
34
72
61
42
18
44
102
51
52
74
64
12
7
112
51
34
19
1
26
81
48
68
6
40
29
29
104
45
88
32
-3
101
114
72
61
84
84
115
115
55
-24
44
40
22
52
76
66
38
12
40
59
124
22
103
8
102
73
44
58
59
72
-6
73
82
53
-4
41
23
13
73
65
66
59
44
113
72
71
-77
59
38
71
81
152
48
67
48
52
91
-5
33
71
150
59
82
52
1
-38
80
56
22
41
41
24
80
105
70
8
34
12
96
19
43
91
66
69
55
35
11
-7
64
65
32
112
88
66
70
65
17
-25
22
51
68
60
81
20
16
44
22
81
76
5
26
84
36
75
51
69
51
83
50
72
91
24
8
0
82
49
108
39
49
2
27
90
82
82
51
68
7
45
67
60
44
50
72
104
86
21
42
80
40
65
56
5
4
77
118
61
3
-29
-13
68
24
123
139
71
81
51
-7
102
36
36
107
12
53
22
6
86
45
49
17
59
98
137
92
39
39
39
3
38
-35
12
52
52
6
-1
59
66
66
91
114
120
43
36
64
54
71
25
35
35
74
74
66
66
58
58
58
37
37
51
20
58
71
71
71
71
60
60
72
80
80
24
10
32
105
121
134
59
59
34
34
34
21
33
72
51
51
69
69
69
74
74
-27
76
76
76
76
76
82
82
66
88
89
12
-7
55
55
39
39
98
76
61
49
49
49
52
52
85
-100
-100
140
113
-6
32
88
88
39
113
104
104
104
74
74
74
70
70
10
16
20
24
24
75
76
76
41
2
2
45
45
45
33
33
25
25
37
103
84
3
35
48
59
59
38
38
24
98
98
98
70
16
16
20
20
36
36
6
7
104
67
67
39
39
21
39
39
71
74
74
72
72
38
17
7
26
84
84
84
58
58
57
57
57
57
57
27
27
27
24
24
37
55
55
53
57
57
122
60
27
-12
-12
-12
76
21
23
59
50
50
85
49
49
75
42
19
45
33
33
33
39
39
39
53
60
60
85
69
100
68
68
21
44
44
43
42
42
50
50
44
44
44
44
28
28
28
44
61
51
51
45
38
28
-1
65
65
65
65
58
75
75
60
16
-1
12
12
12
77
48
48
24
52
98
58
65
41
41
3
70
67
67
74
69
69
38
71
37
38
66
42
83
75
74
49
51
25
32
37
45
45
39
26
20
21
35
35
75
64
85
49
49
20
82
61
61
75
21
70
55
68
28
28
27
38
57
50
44
56
16
44
44
49
40
41
41
45
38
34
34
72
45
45
45
49
60
60
58
97
11
11
54
83
44
33
22
73
66
54
54
26
-18
60
60
57
34
56
67
65
68
50
44
44
55
41
36
36
39
45
32
75
84
24
10
25
25
41
19
19
43
17
72
48
48
60
42
60
60
72
72
27
49
82
58
67
2
18
39
33
50
64
10
21
53
83
83
59
43
40
28
0
-26
-5
42
85
81
106
106
56
72
64
57
70
82
25
25
57
56
56
49
81
66
66
64
75
75
109
72
91
81
65
43
17
60
60
-4
49
6
17
64
70
64
51
64
64
22
40
23
40
40
17
77
77
59
91
74
74
44
33
0
64
77
69
69
5
69
69
64
41
43
57
42
42
61
22
49
13
67
32
64
64
34
43
48
48
77
75
42
42
34
57
57
50
50
38
57
68
36
49
34
24
40
34
32
9
40
69
25
20
20
55
39
40
86
98
98
3
11
52
108
60
67
74
73
34
8
64
34
34
70
-11
43
77
83
-8
25
88
86
70
58
41
-5
38
41
-12
35
42
59
39
51
43
83
50
73
53
44
43
70
34
16
7
42
72
98
16
56
44
84
51
52
51
32
70
83
103
48
24
89
73
-1
88
104
40
9
42
58
85
80
89
53
-4
35
67
114
76
57
75
28
49
72
32
74
-17
80
71
74
55
6
53
57
52
7
69
-5
84
50
33
6
64
192
172
116
36