0
0
-124
-164
-115
-73
-125
-70
-70
101
-106
-105
-84
-84
-52
-89
-71
-71
-18
140
-38
27
69
167
-101
-24
354
-58
-86
246
44
-50
-50
-148
-139
-201
24
-132
-69
-69
-114
-101
6
-62
11
-91
-104
-104
-50
-97
-67
96
-42
-66
217
19
-21
-61
155
20
-25
-121
-77
-28
-36
-152
-114
-114
-83
-71
-71
-26
-131
-131
-9
-34
-98
-104
-104
-97
-68
-21
-21
-37
-37
343
-23
-5
-5
-116
256
-57
52
16
16
-131
40
16
16
212
68
-26
-17
-65
-73
-18
-18
37
-53
34
23
56
146
146
-84
-36
-36
-36
-39
-54
39
-124
-26
-132
-132
-83
-83
-88
-85
-28
-22
45
-114
-132
-132
-70
-151
-100
225
-133
-116
1
-106
-72
177
-76
-26
65
-134
-68
-68
-11
-113
-14
76
76
-39
-136
-136
-102
-114
-114
-20
-35
1
1
-12
53
249
20
91
-20
-82
-70
51
41
122
-109
60
35
56
146
250
43
25
-169
-27
-27
9
-110
76
-35
26
-36
3
88
23
27
-209
185
293
134
-185
34
149
-59
44
265
-89
-53
82
-82
-4
-81
32
32
-198
-19
-24
166
121
44
120
-172
80
5
-67
-33
112
-51
60
106
144
8
67
98
59
87
-41
-101
-11
-170
256
-103
-24
-24
-40
55
-134
-24
26
-87
104
-93
-59
-84
43
235
-10
-44
17
-184
-139
125
-123
288
-73
-157
48
-73
-24
229
53
28
-188
211
-85
0
-19
40
112
-68
-134
27
-71
176
5
-167
-60
88
129
148
2
2
84
-44
-20
-42
67
99
-37
285
-27
-87
-104
-133
34
22
132
112
-89
-45
-166
-94
-113
-28
98
195
-166
23
139
186
140
91
98
10
29
57
17
-22
-55
-10
71
22
69
-13
236
-99
211
149
-51
0
-125
65
73
-66
-139
161
-163
20
22
58
-132
-58
115
5
24
24
22
3
5
-107
149
-44
-23
216
-76
-21
123
-169
-168
-46
-129
66
92
34
10
-67
-145
-94
201
-52
-155
85
291
69
97
28
76
113
88
-51
-1
8
161
60
34
-54
22
-230
-46
-148
166
327
105
-3
61
141
167
-150
-150
177
-76
-154
-153
-52
257
148
53
-50
107
107
-76
183
134
37
69
-19
-77
109
-77
60
-28
-38
329
-24
-24
23
-101
-116
221
-135
165
2
-103
-197
-197
-180
-74
-74
-74
-74
148
148
112
57
13
13
13
13
-45
-45
-45
213
213
-50
-13
-13
50
-37
-37
-67
-67
-67
-67
-20
-67
73
29
-99
65497
-62
-56
-34
-34
-19
4
4
0
0
18
-43
-43
-43
-43
-12
-12
38
56
56
4
21
21
-60
-27
-27
-51
-109
-109
-109
1
-25
-12
-12
-12
-12
32
-34
-3
-3
16
34
37
-131
-140
21
21
48
-44
-65
-65
-155
-101
-101
32
32
-161
-110
105
192
-44
-44
-12
-12
-12
-21
-11
-11
10
10
10
-18
-34
33
28
28
59
59
59
59
59
56
-33
-33
-38
-10
-10
-86
13
-54
-54
-54
-39
1
-28
-21
-260
-260
-261
-261
-209
-209
-209
-171
-171
-76
52
-3
35
53
97
39
20
50
50
-119
-46
-46
-156
-156
-87
-29
-29
19
7
23
23
23
20
20
36
-72
-72
-72
-35
-20
-68
-57
-14
-13
5
5
5
-4
-4
-35
76
-114
-117
-117
37
-50
-49
-49
45
45
-2
-85
-85
-85
-85
-105
-22
-22
-22
-22
-22
-22
-22
-6
-6
38
38
27
16
70
70
70
70
48
48
40
89
89
7
7
-14
-75
-78
3
3
16
11
11
-19
25
25
25
-39
13
13
-61
-77
-101
-54
-54
-54
43
-53
-4
26
32
32
-7
-7
-29
-34
-4
-4
54
72
72
-27
-27
6
6
-33
24
24
24
4
13
13
-105
201
292
-142
-23
104
-158
-150
229
113
276
525
525
219
50
-123
315
332
-44
-44
-134
-134
-60
-60
-67
-6
74
74
-142
-125
-125
-125
-106
-68
112
112
-67
11
-7
-9
146
-108
-109
-67
-84
-130
-130
-100
-154
-154
120
-35
-56
-119
-7
-162
-155
-155
-59
-59
-59
-65
-59
-50
170
24
-2
-130
-29
-29
-41
-41
-26
166
13
-90
-12
-97
-38
-38
491
-219
-107
-18
-38
58
197
-107
-19
-19
-14
-68
-23
-23
-104
-50
-101
-82
116
-101
9
-93
-81
-81
53
53
5
216
218
-75
-69
33
33
33
22
96
-105
161
237
-45
-45
-55
-117
-33
-85
-77
-51
1
1
-133
-169
-106
147
147
164
181
-81
-81
-65
171
-56
-45
-45
-68
-44
-12
-12
-26
-26
86
-24
-52
-104
-69
-114
-99
51
51
-110
0
-46
201
278
-121
-87
-87
-129
-61
-51
-24
-24
-24
-10
10
-60
-34
2
0
-235
151
-138
-5
-5
-5
1
329
-30
10
-57
-57
138
-60
-139
-12
170
170
-11
-26
-118
34
-21
13
277
277
149
-55
-18
200
324
324
194
264
-138
461
227
97
140
329
-72
13
153
315
179
-107
-57
-37
75
-116
49
-92
-44
-161
-27
-103
-58
-123
-82
-53
-53
-66
-82
-23
55
55
-133
-85
104
104
104
-41
-118
-36
-36
2
-66
171
-59
-59
-93
122
-113
40
113
171
-43
-66
82
-77
148
-83
188
48
-8
42
-228
7
208
-73
99
-169
17
9
-86
-86
204
-26
-26