0
-37
18
24
20
20
-3
37
59
20
42
27
-6
21
21
35
72
24
3
3
53
55
72
72
72
17
38
38
38
57
12
-23
12
-5
51
18
7
22
37
32
43
-1
25
40
55
13
8
-28
23
48
20
21
0
16
19
51
27
36
36
-3
96
38
25
6
3
20
60
54
24
49
10
64
-34
9
26
4
-71
25
131
-49
163
68
-14
154
-99
27
-20
-20
148
20
90
59
-17
39
22
-6
6
-1
-2
18
74
27
58
28
32
29
-26
-49
218
9
-14
59
-7
-44
56
38
-22
49
115
20
-10
90
23
20
71
10
11
83
27
55
41
-20
53
17
25
16
60
65
2
5
76
-69
27
7
-22
45
56
39
29
93
23
23
-4
55
-7
27
22
85
100
-2
-110
244
-125
-151
193
-7
-115
132
100
-168
75
70
35
41
107
32
8
43
49
-9
-61
74
92
-3
60
-2
37
65
103
25
-9
-10
58
28
-81
48
48
35
22
39
-1
80
76
51
-74
42
85
-2
41
7
61
48
59
-39
24
24
21
89
28
-20
24
24
4
66
16
66
5
60
4
-2
54
32
69
42
41
48
21
45
65
12
23
-21
138
7
12
9
-12
-8
58
43
-13
8
146
36
8
-1
9
12
58
75
9
43
16
29
50
-20
-4
-22
43
38
60
41
28
35
32
39
49
86
-11
-11
19
85
-17
54
36
75
1
8
188
-152
-103
101
37
102
141
181
-50
92
197
-12
-29
-5
106
98
84
-82
-137
198
219
13
-20
-18
11
106
59
-76
-58
-58
-51
-51
-19
20
20
75
75
58
136
24
48
80
24
179
21
39
53
53
83
0
-50
98
106
2
2
2
2
-7
-7
-7
-17
-17
-17
-105
-116
-116
154
154
154
70
-23
-23
29
29
52
106
106
-18
-25
-25
-74
-74
-91
-91
-91
-55
-71
-71
-81
-88
-88
42
42
101
101
33
39
39
39
39
39
176
176
162
59
59
58
86
57
57
24
24
32
20
11
-21
-26
-26
-21
-29
-29
-78
-25
-25
-163
-136
-136
-17
-17
9
-38
-69
-69
-69
-91
-91
-91
-9
-88
-82
-82
-82
-66
-39
7
41
-17
-17
-25
-25
88
41
41
54
54
21
21
26
26
-13
-37
-37
-12
-34
-34
12
20
20
33
3
3
13
11
11
32
61
89
89
91
27
53
48
48
-22
-22
1
-4
-4
10
54
54
41
22
1
-11
-3
44
44
44
4
4
4
-3
-3
-3
53
53
36
36
36
3
3
22
21
21
20
20
20
88
5
5
33
51
51
33
68
68
68
44
44
39
24
59
-19
24
49
44
77
77
77
69
34
77
72
72
72
73
65
-5
25
97
43
49
49
23
37
35
35
35
27
12
18
18
16
16
16
34
64
51
51
2
4
4
22
51
51
51
59
58
58
58
81
55
1
26
26
26
26
12
12
36
-27
3
3
41
69
70
70
40
44
39
39
35
55
56
56
54
33
58
58
42
10
10
11
51
12
73
88
89
89
58
61
22
52
52
61
42
22
29
-5
2
2
21
41
40
20
27
-3
-3
24
-22
48
48
23
-17
-17
-5
24
-18
52
-25
25
-9
10
-28
-28
60
73
36
36
90
38
3
5
25
88
13
24
24
10
2
50
28
38
2
2
9
6
10
29
32
32
2
2
32
55
83
70
70
55
58
34
44
19
40
5
17
17
17
-21
-5
-5
34
55
90
60
54
-5
33
-7
-7
8
8
7
11
26
67
36
-5
4
6
6
-23
35
0
-8
53
53
37
40
40
45
16
33
22
39
33
2
34
-21
-21
-18
44
44
36
49
68
42
42
55
52
20
22
22
43
27
73
73
42
43
16
1
51
49
-8
-8
34
49
-20
-20
42
17
17
44
67
26
26
55
66
38
25
13
20
44
37
51
-1
35
16
16
42
64
10
93
54
57
57
9
-5
26
26
48
54
38
26
26
36
9
-3
22
26
26
34
21
90
2
69
44
32
32
45
39
9
38
53
26
59
59
25
43
39
27
27
50
23
36
36
5
25
43
48
-29
-22
67
-36
8
37
35
35
-9
33
25
49
55
40
44
34
32
28
-8
19
2
58
33
66
39
38
38
68
44
58
45
12
-3
-20
-5
19
-38
35
36
24
76
123
17
40
23
37
82
57
23
-5
67
43
-8
71
42
25
8
64
25
7
17
51
-18
10
53
20
25
49
49
19
36
2
61
136
48
-83
141
19
-55
42
72
21
64
88
28
65
54
41
-42
68
68
66
81
89
11
57
87
21
44
-11
12
39
-3
55
6
-22
29
-68
182
105
-323
1143
-109
-371
36
-86
-242
88
1429
-226
-270
202
-130
-58
-148
34
-51
-124
134
4
-105
26
116
76
-60
27
100
-3
53
96
-29
25
163
122
-91
80
81
139
24
-24
57
-20
6
86
86
-25
-45
123
151
-61
-12
104
9
50
-44
-35
4
125
81
6
-34