0
0
-8
-8
4
66
66
66
66
-132
-132
43
43
28
28
28
28
20
73
81
-28
-28
10
10
36
-41
32
-11
-29
-29
-61
-71
-71
-22
-22
-22
-17
-17
-9
20
20
21
3
34
-42
51
19
19
-46
-46
25
-91
-12
-12
-6
-6
-68
-57
-57
-57
-35
-69
-108
-1
-1
4
-113
-113
-98
-19
-19
-19
-86
-7
-7
-9
-9
20
-5
9
66
80
80
80
91
91
-39
-39
-39
-39
-9
-36
-75
19
199
199
199
349
349
-1750
-1750
869
2019
2019
2019
1245
1203
1203
1160
1160
1160
-1353
-1719
-1557
-330
-412
54
40
65
-136
-136
-524
-150
187
32
386
427
427
-281
-91
-292
-226
-226
-226
-108
139
139
-566
170
201
201
279
279
659
594
393
-242
-242
-118
-275
-406
251
289
289
294
-343
-492
-492
-130
451
-235
-185
60
104
-278
101
101
138
253
212
212
32
-241
-171
-22
2047
-77
-77
140
409
-358
-158
202
202
534
374
-99
-99
-213
-213
76
72
-88
-88
-279
-34
-909
-278
198
-100
-131
32
131
-24
-24
-330
-327
-104
-77
229
-137
-33
-36
-90
5
21
39
39
-363
-363
-68
23
-134
140
140
250
-86
-174
-174
-99
-78
6
6
-106
-4
-169
-169
294
-147
-104
-74
264
38
28
28
-70
70
176
-508
-508
-98
37
-25
-62
-630
53
53
151
219
513
513
523
-5
17
-166
-166
-129
-91
153
153
-123
35
35
400
352
-153
-153
-81
-35
136
204
186
186
-27
-220
-163
-45
-45
-26
-70
43
43
139
-4
99
-83
-51
-20
-67
-122
27
-107
-68
-68
-68
-40
-82
-82
-17
97
-22
124
124
-45
-59
147
-100
2
124
-12
167
167
-151
-115
-73
393
-107
-136
-107
-83
42
42
-91
-91
-91
-46
102
297
-117
-194
-70
140
-185
200
-122
-138
-70
-62
87
168
-114
-62
-62
-92
-43
18
18
-91
196
-83
-115
-115
-54
-90
60
-98
-98
135
-181
-181
-181
-124
37
-53
-34
276
-131
-130
-17
51
44
68
12
-36
-71
24
135
199
184
259
56
51
-88
147
49
11
-27
117
-132
-17
-22
170
121
-116
136
114
152
-51
102
-71
20
-56
-41
17
54
-60
-122
9
39
39
214
-86
-138
1
75
-104
138
-150
-72
-19
-29
-91
100
-74
0
9
5
-123
-11
65
220
-66
98
24
101
48
-146
42
35
-26
108
45
-106
41
-43
90
-108
345
171
-60
108
-25
-136
-88
51
-8
-8
52
34
32
-22
-22
196
72
173
-4
161
125
-99
32
-154
-5
34
182
-7
56
69
171
105
195
-129
60
-2
74
229
185
160
50
-72
-59
5
45
154
38
-123
155
119
69
156
10
137
20
70
90
105
129
-155
160
132
37
-84
-117
-59
64
61
103
64
-149
155
-27
-8
148
155
90
27
-203
123
-19
7
-59
-10
1
-101
-138
168
-4
-130
80
55
77
74
82
76
145
-109
-44
20
-30
-130
-59
135
-38
-97
66
-90
-34
114
155
-109
24
181
-44
-74
44
-98
-154
-23
25
165
38
-156
-232
225
-65
-100
75
-88
43
104
-38
-129
100
183
12
102
43
26
97
74
-29
2
-53
74
41
59
103
5
165
73
73
123
-58
235
-99
-26
-164
52
188
8
71
-116
41
-61
105
108
75
-101
137
103
-54
92
-34
129
53
-55
27
203
44
-86
68
-116
-120
-4
28
-28
155
25
-5
218
115
115
-1
49
49
-58
-84
-88
-88
-12
-28
-28
-62
-62
-74
-73
-36
-36
37
9
25
-114
-114
-89
-89
-51
17
17
-11
-58
39
39
50
-183
-183
-85
243
243
-8
18
18
-4
-18
-18
-18
25
25
25
-56
-42
-42
6
-21
-21
-21
11
-35
-77
2
-5
-34
-152
-152
-55
36
197
197
-147
-65
-65
-17
-22
-22
-50
-38
-38
-44
-44
-22
-22
-56
-55
-58
11
-1
-1
-1
-40
-40
-49
-49
-41
-70
-70
72
325
57
-25
-25
-25
-25
-25
-25
8
-101
-101
83
26
-3
44
44
-2
-39
-39
-72
-11
-25
-25
-22
-22
-22
-24
25
-66
-53
-53
-53
-2
-97
-97
-97
-72
-72
73
-71
-71
-21
-11
6
2
33
-100
-59
163
-102
-105
-197
-98
-98
-98
-51
-27
-27
-18
-18
-18
-41
66
32
-178
-165
-120
-7
253
253
-34
-34
-34
36
36
-106
-28
6
25
25
-21
9
9
6
6
6
3
-98
-98
-98
-98
-51
-102
-4
26
10
10
24
23
74
-73
-73
-43
6
6
43
-115
-115
-43
86
86
134
263
-168
-152
-86
183
-83
-83
-44
-44
50
-22
0
48
48
39
-40
10
-37
29
34
19
-2
-38
-7
-7
3
39
57
-65
-65
-17
-110
-110
-103
-21
4
42
-6
26
-34
-29
-6
26
26
-77
12
12
12
-43
-57
-41
-107
-107
-118
-61
-20
91
-142
-142
-142
-70
-56
-56
131
-25
-105
-108
-108
-158
-6
-6
-6
-6
-6
-83
-30
-25
104
-66
-116
9
-100
-100
-100
104
115
225
225
-19
-19
198
-40
-139
-118
28
-44
7
7
-114
-1
-2
-2
172
172
475
485
424
-104
-2
5
182
182
-36
91
107
-57
-57
-57
-44
146
-106
-99
-185
-185
74
24
-148
3
-100
-37
-101
-101
39
-65
-164
-69
20
80
80
-77
-43
-101
224
-35