0
23
23
-7
74
25
25
25
25
37
37
37
39
113
8
55
57
64
8
69
68
135
135
-11
28
28
65
3
18
18
25
54
34
34
26
35
64
64
64
48
48
125
125
125
6
6
39
72
72
48
24
10
68
68
68
68
68
7
7
4
48
48
48
36
36
75
88
51
54
28
28
5
21
28
28
108
-1
-1
24
58
58
66
54
40
72
26
26
81
22
50
0
82
82
41
20
27
-17
2
74
74
27
2
37
55
37
37
76
76
50
50
53
53
10
10
-13
32
68
68
88
88
80
-13
75
4
12
12
2
1
1
-9
-9
76
83
5
-5
-5
27
69
12
12
67
60
34
74
74
25
53
53
66
74
-9
-9
-9
42
22
22
35
-50
-50
-4
-4
57
67
67
19
19
36
36
42
48
48
48
52
25
27
123
123
131
25
69
45
17
84
84
50
52
75
75
58
58
26
75
75
25
25
11
13
12
12
52
16
16
16
16
16
52
100
100
11
105
105
43
43
121
121
121
-68
-68
54
76
83
83
-356
-356
-307
-23
332
281
281
-410
-334
-334
-90
-70
-70
250
-44
1
43
67
108
108
-102
-116
210
210
-44
-7
69
69
178
183
-126
-126
-49
-1021
646
457
266
-46
-234
248
248
252
-50
-36
186
284
2
-98
179
219
167
-649
-529
-354
38
266
266
266
32
26
-153
-153
-6
0
-11
-41
-122
-55
-55
-3
52
378
578
205
205
90
-18
-18
-167
-56
220
212
52
74
71
38
86
86
86
73
39
135
80
20
20
68
50
50
88
54
68
-11
56
70
70
49
112
37
4
-22
-22
-42
-72
-68
55
92
147
23
23
134
-18
33
33
16
59
32
-7
0
25
179
72
121
48
61
40
8
8
-11
6
-10
-10
21
172
172
192
195
162
96
12
-234
416
73
40
109
178
194
181
56
7
7
98
-38
-34
-49
-11
12
12
-7
81
75
58
33
43
22
22
18
70
42
38
4
69
69
-1
73
34
71
-43
-5
-5
-5
12
55
144
68
48
38
3
3
28
23
74
68
40
76
55
44
44
50
-1
-1
85
85
89
40
55
23
39
36
36
71
44
115
72
54
34
54
71
71
121
60
49
83
115
96
96
0
0
38
60
20
-9
-5
-5
-5
34
34
8
69
69
82
38
73
73
44
92
52
44
-22
25
43
37
18
6
6
73
68
72
77
0
-4
37
42
26
71
65
67
84
26
35
74
43
25
11
-27
20
41
96
10
115
7
66
83
9
82
130
108
72
8
44
27
40
-11
41
136
38
80
106
-30
49
4
71
39
145
22
49
106
18
116
33
42
-22
107
36
82
-25
72
69
36
64
6
9
27
117
117
53
70
28
55
74
33
56
-4
70
2
96
91
71
84
160
72
58
23
48
71
13
37
49
73
-18
122
19
82
74
93
84
60
74
26
22
83
67
112
6
69
76
20
60
109
4
58
57
44
-18
49
76
20
38
80
45
137
120
-8
97
27
3
38
38
-13
70
88
37
65
76
64
40
82
57
4
106
-1
72
71
20
67
90
100
41
49
65
55
59
84
86
49
99
65
34
53
50
68
98
93
102
161
76
59
-3
49
21
105
43
48
53
53
125
22
73
10
50
5
44
36
48
64
86
55
139
50
20
10
41
20
73
-27
34
34
54
105
23
88
55
105
17
39
74
75
49
66
45
37
90
44
104
53
59
100
21
57
20
43
11
17
64
52
61
87
69
16
69
73
56
54
40
86
40
38
57
18
53
12
107
52
72
76
-2
120
115
19
38
66
8
20
32
-1
88
88
44
43
-49
41
73
28
68
120
25
36
99
34
38
92
26
0
53
50
50
49
49
51
5
5
5
5
25
25
18
6
6
67
67
73
73
73
88
42
59
39
39
103
52
52
59
40
22
93
93
61
45
74
19
19
77
16
16
44
25
25
74
58
58
58
35
35
86
72
72
86
86
59
48
22
64
65
65
60
58
58
21
21
21
84
97
57
57
59
35
49
81
145
13
57
57
2
2
76
76
23
23
85
74
68
68
84
81
54
49
49
44
44
21
52
34
77
77
77
55
55
21
21
43
2
43
26
26
-42
-42
-42
128
128
22
59
-2
19
38
38
45
45
12
45
51
51
56
35
57
23
23
43
13
27
82
64
64
-26
-26
21
68
68
60
9
9
22
59
68
-7
84
84
81
53
53
53
64
25
25
67
60
60
82
82
53
37
37
37
37
25
54
52
27
27
52
90
1
23
-5
53
114
53
44
44
44
87
36
36
41
119
96
51
27
27
39
-26
-26
66
35
35
71
71
20
8
8
69
71
-22
-22
70
99
44
2
2
48
6
6
40
59
59
40
21
39
70
70
49
53
53
-7
34
100
-1
56
2
2