0
16
41
41
40
86
7
39
25
25
98
98
98
33
33
9
10
42
49
74
26
38
41
28
28
25
27
77
7
26
18
28
5
32
23
59
99
99
44
60
60
7
59
56
16
0
49
85
74
19
19
89
64
88
88
43
67
24
-10
-10
45
56
21
21
3
3
3
22
43
84
28
1
5
-20
-20
44
49
45
21
21
67
42
67
67
52
48
53
6
81
68
67
82
82
68
17
34
54
18
42
42
59
53
24
24
68
67
58
100
37
35
23
49
67
54
27
22
22
68
36
53
33
106
45
45
58
56
57
54
36
36
24
38
33
29
114
114
74
11
-84
-84
-91
85
85
48
124
38
134
10
5
-1
-37
-37
37
71
55
52
52
55
-14
80
69
69
54
21
43
67
39
5
5
9
9
54
23
39
86
86
55
90
70
77
-24
-5
26
26
26
-1
-1
-13
84
33
22
5
83
83
86
86
86
86
33
26
48
101
12
61
58
26
26
67
59
42
56
34
19
34
60
1
65
104
58
54
42
42
66
76
5
5
51
49
58
58
-17
90
11
20
85
59
45
42
65
16
56
56
-14
68
81
49
67
70
48
51
51
40
40
87
35
42
50
6
6
48
33
65
38
57
37
87
35
57
10
10
-11
99
41
41
86
104
16
16
73
40
45
49
57
96
64
-2
80
77
98
39
48
1
20
108
22
41
50
-14
33
84
97
41
113
-23
-23
-10
8
39
-2
5
84
36
98
44
59
67
-37
6
67
22
4
4
-12
42
1
22
2
34
-41
19
7
70
-17
53
103
13
86
61
41
92
102
-17
25
-30
40
68
-21
99
120
-26
28
74
70
84
12
-10
28
90
59
73
17
72
49
91
54
91
83
36
18
91
87
135
8
9
18
-10
43
77
50
98
82
101
-6
22
27
-10
44
17
28
-12
89
40
73
32
-46
150
129
33
70
83
64
18
6
45
16
164
21
34
34
22
-29
48
-2
164
41
56
32
55
53
72
82
28
102
-22
-22
53
58
73
140
71
49
24
120
25
51
23
25
28
21
36
65
16
53
34
-11
-1
37
-3
40
40
129
39
66
52
38
66
19
67
92
65
55
25
80
-8
6
153
24
75
108
82
51
19
73
88
105
68
13
37
45
54
128
45
45
57
5
114
38
52
53
17
82
117
60
12
105
19
38
37
41
20
20
86
82
48
118
118
8
33
-37
104
68
2
85
85
153
8
33
16
20
115
26
9
24
84
0
36
86
57
70
133
59
33
128
-18
102
18
41
85
58
57
81
65
123
37
17
119
87
67
98
29
27
18
42
41
10
21
84
19
81
27
72
24
102
38
38
38
60
60
70
0
22
22
22
45
45
29
34
34
3
3
88
7
7
20
39
100
91
5
5
45
49
71
71
44
44
44
29
68
68
65
33
33
48
58
58
50
50
50
68
68
68
70
41
67
24
57
36
85
42
42
18
11
11
20
20
20
49
42
96
96
22
22
16
38
49
49
36
28
28
26
33
-6
73
71
109
109
-28
-28
29
33
56
60
60
60
34
27
27
27
27
27
75
36
69
20
41
41
139
52
-7
60
60
82
82
82
58
58
2
2
24
39
33
54
54
36
38
34
54
54
54
54
-7
21
9
9
40
69
69
69
70
70
73
73
73
49
119
20
38
80
2
76
35
41
-11
51
51
-2
-17
-17
-21
77
36
66
44
64
91
37
44
44
44
90
57
-12
-12
-12
2
2
54
-1
50
21
38
42
70
108
108
88
88
88
88
88
66
39
39
22
96
96
23
23
86
86
86
86
86
105
105
105
86
86
53
53
38
-7
0
24
76
72
71
16
4
41
71
64
64
50
28
22
22
22
-3
-4
24
68
68
53
53
68
68
59
32
32
50
50
50
10
42
48
89
59
-27
27
86
86
64
64
64
85
85
65
-2
65
65
65
65
22
22
71
60
37
37
4
39
0
1
1
27
59
11
-9
5
18
44
7
7
44
18
21
21
80
73
113
-10
1
56
44
28
28
52
-2
28
16
25
25
91
19
82
83
16
49
37
37
37
37
19
17
17
24
8
54
36
49
52
3
54
24
24
136
54
54
70
21
25
43
40
40
11
18
45
45
-2
20
29
29
93
26
25
25
28
3
-12
-12
66
12
-2
100
83
67
67
19
52
-4
-4
103
81
8
7
7
73
73
-11
82
59
53
8
-2
-2
-2
26
26
36
26
26
22
35
35
35
70
23
87
20
0
23
28
28
40
32
38
57
54
89
88
64
64
71
70
10
20
20
20
-7
70
105
-9
-21
-21
-3
69
51
11
69
76
38
87
68
34
43
-23
-4
122
20
50
85
85
55
22
85
90
55
24
16
27