0
82
22
45
-1
21
43
54
49
45
42
72
77
48
61
29
52
-22
33
25
72
38
34
38
16
53
49
72
36
52
23
75
32
32
74
21
38
84
35
65
-5
84
57
77
50
44
50
16
23
66
27
9
9
19
34
34
81
41
41
67
67
13
-5
-5
58
77
77
34
25
25
44
18
17
53
35
35
66
52
4
4
9
9
9
9
40
40
37
97
87
18
75
59
59
56
91
54
40
41
41
41
41
4
73
73
116
150
150
60
-74
-74
-98
45
45
45
8
8
8
-3
-3
3
3
96
83
83
3
3
3
3
102
41
41
323
114
114
152
172
172
172
201
201
51
51
59
-169
-154
-69
-53
-53
35
64
64
53
59
59
90
167
167
160
104
91
88
-2048
-2048
472
371
371
341
406
406
44
44
53
10
10
-19
-33
-33
40
55
-26
19
3
-117
73
35
187
122
116
2047
1606
1606
1548
549
530
530
155
155
152
76
75
50
49
40
40
40
38
38
38
37
37
38
37
37
37
37
37
37
36
37
37
37
37
37
37
37
37
37
37
37
37
37
37
37
37
37
37
37
37
37
37
36
37
37
37
37
37
37
37
37
37
37
37
37
37
37
37
37
37
38
38
38
38
38
38
38
38
38
38
37
38
38
38
38
38
38
38
38
38
38
38
38
38
38
39
39
38
38
38
38
38
38
38
38
38
38
38
38
38
38
38
38
38
38
38
38
38
38
38
38
38
38
38
38
39
39
39
39
39
39
38
38
38
38
38
38
39
38
38
38
38
35
36
37
38
39
37
36
39
38
38
29
35
35
32
32
32
32
28
23
39
23
28
28
23
35
35
37
23
60
38
26
36
49
48
52
52
64
64
49
43
25
-7
4
4
4
4
-4
21
19
19
2
2
-9
26
21
-11
51
18
33
33
2
16
22
23
-1
-1
0
8
7
68
48
48
48
54
49
22
17
17
-4
-8
6
10
-28
-29
-29
12
1
4
-12
-12
-23
-4
33
33
-37
45
45
28
38
0
68
-20
-82
9
-67
-67
-17
-149
-98
-39
-52
-7
-7
-165
-165
-29
52
-107
-137
129
-94
-60
36
-38
166
166
20
-7
-38
-38
72
72
37
274
226
-4
-134
-93
-4
-4
244
-154
-206
-99
-35
-56
-21
-22
154
74
74
-92
-42
-42
-54
152
122
-54
216
58
58
198
134
147
-70
-70
-7
-7
-7
-42
-42
53
53
-86
-13
-8
-81
-55
-93
-121
-121
-125
-131
87
87
-52
-40
-60
-52
26
204
-146
195
-10
-133
-17
3
-97
-97
-99
-84
156
139
-154
-154
-39
-4
-4
196
-114
-100
-35
166
166
140
182
33
9
157
279
12
12
-73
-28
-54
33
33
90
-194
-66
-66
38
-51
-130
-93
-93
-93
-37
-36
150
8
138
44
-19
92
13
-8
-23
169
92
-56
-26
-39
65
-106
58
36
81
-1
-133
-85
53
4
181
132
84
148
6
74
170
-118
-70
-26
12
69
100
-76
114
120
9
-13
56
87
-14
-55
4
4
-27
101
-107
-139
27
137
107
51
-167
-92
121
-134
-179
-179
-135
163
20
18
-115
18
108
108
-172
6
19
157
44
36
-1
172
-72
3
5
11
123
107
-81
-10
9
-121
137
32
66
91
-22
-4
106
66
-19
-43
-24
-40
7
-65
-65
68
43
112
152
18
135
85
53
133
-75
-91
52
-81
33
124
106
109
160
5
5
163
-132
-132
6
-20
50
51
152
58
84
39
115
-3
-41
1
28
162
27
98
-81
70
20
106
1
50
50
74
74
20
85
-57
296
144
-58
41
-27
-27
-168
-18
138
160
208
-24
-120
-12
-28
71
7
-50
5
116
116
100
-206
80
189
-17
-89
-45
-153
50
28
-71
169
105
49
49
-11
-76
-150
86
49
-53
84
20
-49
-99
-81
37
53
-66
-141
197
-146
-90
144
73
73
-166
-81
234
-38
11
-110
-130
171
105
100
2
-38
-71
4
-3
118
21
43
-41
124
-133
-84
48
75
-82
0
0
-116
8
-114
-142
-151
-24
-55
5
-7
120
87
118
0
-25
92
-8
25
-118
33
44
-59
151
68
-62
5
85
-149
-133
113
156
10
-70
-26
-133
-146
198
-33
38
-120
178
75
-57
3
-87
-87
-87
20
60
60
23
-61
-61
-2
-2
45
45
45
6
24
-6
-6
-23
-23
42
-49
-4
34
34
34
-161
-142
-108
-108
-90
-90
-9
-9
25
-3
-3
-3
27
27
-55
-61
-22
-4
-4
-92
-83
-83
-52
-60
48
48
-60
-59
9
16
-89
-54
39
-76
-19
-56
-56
-44
-52
-52
-26
-13
-13
-30
-71
-71
-71
32
32
32
237
237
-33
1
18
18
-41
82
82
82
17
-114
-114
-92
-92
-92
-92
-59
-141
-141
-141
-141
76
16
-13
-13
43
68
-60
-52
-52
-91
22
27
27
82
-54
71
-101
-117
-117
18
3
41
68
168
-75
-18
48
48
48
177
177
-58
7
-38
-74
-74
-62
-55
-55
-29
-8
-8
1
1
203
10
38
38
49
49
36
6