0
88
3
2
42
21
92
33
-23
-3
66
54
8
16
36
64
83
42
-18
0
88
76
4
-11
11
-36
69
92
60
44
3
69
50
34
-11
38
33
20
48
49
88
68
54
70
51
44
18
18
1
-1
36
10
7
53
-25
-7
33
25
-8
35
17
50
81
64
41
86
26
-45
-45
-59
89
-61
152
68
-114
169
138
-124
132
71
-100
83
96
27
-42
22
132
-91
-7
134
-117
-18
87
148
8
83
50
-33
49
84
70
0
-29
75
49
-8
-40
-44
-72
-1
13
13
152
123
-25
-8
48
117
117
92
36
36
26
41
41
21
21
25
6
6
82
57
57
66
68
68
67
44
-10
104
98
98
121
-30
-30
-30
-62
-62
-62
-62
-62
-62
87
61
37
37
41
25
25
98
77
77
-3
-1
-1
-1
-1
26
50
50
50
163
165
165
-20
-109
-109
213
210
167
-98
-88
-13
29
29
83
83
57
-72
-72
-83
-83
-83
-83
129
18
55
469
-259
-259
967
1270
1270
1270
2047
2047
-1735
-1672
-1672
-340
-265
-265
-58
617
617
-1127
-1127
-1084
-347
-347
-333
-76
-73
-73
-7
-7
16
17
19
24
23
23
26
26
26
26
26
27
27
27
27
27
27
27
27
27
27
27
28
28
28
27
27
26
26
26
26
1712
1650
797
579
560
469
171
167
167
71
70
-1405
-1405
-1354
-497
-476
-149
-141
-141
-38
-37
8
8
9
9
9
9
20
21
21
23
25
60
60
60
81
68
68
293
293
306
315
315
749
749
785
949
949
1027
356
356
343
396
355
342
409
377
369
400
400
394
394
218
220
220
184
184
181
165
165
171
107
105
137
140
135
53
60
60
45
52
25
25
34
34
-11
-11
-7
-7
72
28
27
11
34
26
26
3
3
3
57
65
65
-18
-4
-4
-4
-1
-58
-9
-9
-9
-9
-9
-40
-20
-20
-90
-101
-101
70
97
181
181
91
80
-53
-23
-140
-126
-123
-83
-82
-82
-11
-5
18
-20
-21
-36
18
-10
-66
-72
-56
24
45
-39
-39
-51
-70
-44
-39
-39
-50
-28
-28
-145
-6
4
4
0
33
33
-29
-42
-102
-2
71
105
12
-51
-51
184
184
184
106
228
194
23
23
-77
-77
-98
-65
-51
-51
-91
13
13
12
92
92
-11
10
-35
-36
-20
20
20
57
-53
-18
-34
-26
-26
-19
-1
-51
88
82
82
35
85
106
69
105
105
52
72
24
-36
61
17
-4
-4
-35
-56
44
44
57
60
60
60
-61
33
135
135
315
-29
272
272
-3
167
138
138
-77
-43
-76
117
112
-102
121
116
116
108
-98
-118
-93
-35
-8
-25
-101
203
248
248
1
21
75
75
-120
-13
50
76
203
203
27
-181
292
292
-142
-27
-200
-200
-36
57
-169
-81
-81
-53
36
-54
-20
-20
161
4
-4
-4
3
56
-139
-139
87
-2
-22
-55
-23
-23
41
179
-118
58
-53
49
0
0
132
-9
-56
-55
-38
22
131
-23
-23
23
23
74
84
312
312
-107
-81
-11
-22
37
56
56
-12
21
70
49
-43
-41
-43
3
-66
52
-4
-51
42
-88
-100
-54
-54
-18
-10
-28
23
51
155
-35
16
115
104
179
179
179
97
58
-34
-3
-73
-73
39
-65
17
160
179
32
-6
59
36
-40
-7
66
-75
-10
-5
-9
-9
124
117
41
-22
60
-42
76
23
-13
-4
64
40
69
5
72
-12
16
100
-14
-22
119
59
33
-2
53
-8
-4
91
-10
-44
-21
28
3
-33
-121
45
70
33
59
35
7
97
-36
134
107
-50
84
-26
51
57
-97
138
-12
43
33
74
-87
86
54
91
-25
42
73
103
32
-14
-29
162
20
-6
114
13
80
-36
114
-3
58
28
83
19
-1
25
134
68
-57
148
-81
-49
60
-17
49
-11
84
27
40
211
-35
1
51
-10
-22
-2
170
45
45
26
49
155
200
198
-19
4
-21
140
49
40
-82
5
52
-10
-45
54
-11
100
0
55
5
71
128
60
0
50
-26
-4
-4
72
12
-93
-50
52
-18
-7
36
119
21
60
75
71
-7
18
-18
-20
8
-158
72
44
121
25
160
-172
-62
25
39
-43
-107
-11
57
121
49
88
240
-59
-97
-1
92
35
65
-1
-40
32
53
169
-24
13
-23
32
32
89
114
11
32
83
-25
-55
-37
-37
-34
96
69
-13
24
29
221
11
-18
21
-34
69
-45
43
37
9
-41
27
59
-21
-11
17
57
152
-25
-34
13
-53
8
-69
-2
-67
-6
-49
-30
17
77
-45
20
-8
-70
73
135
-33
-19
35
-117
116
116
-82
103
-27
-101
-72
185
-118
160
-8
-49
-66
103
8
39
-46
102
43
-26
109
86
117
8
-8
-19
-19
-22
-22
24
-17
-17
-33
-39
-39
-35
-35
-37
18
18
37
40
36
36
40
34
-68
-68
-91
-87
-87
-87
-7
3
27
27
38
38
20
53
-35
-11
-11
-11
5
-1
-65
-58
-40
60
-70
-72
-76
-76
-76
-42
-92
-92
-55
-77
-38
-29
-69
-41
74
-55
-29
25
57
57
22
22
50
-68
-68
-56
-102
-102
-102
124
124
168
168
168
-12
-86
-155
90
147
75