0
0
23
41
37
86
41
28
28
38
38
102
67
20
11
58
88
23
39
40
51
49
56
56
57
69
83
108
17
40
-11
33
7
21
61
20
42
-22
-22
-22
-10
68
68
68
73
84
37
10
41
-18
-18
103
69
114
69
77
28
28
52
42
71
88
74
74
91
38
57
20
5
34
17
37
43
16
-12
86
59
33
32
38
144
144
144
16
39
90
58
52
50
50
21
-7
40
40
107
28
3
40
33
6
92
106
7
55
65
40
12
71
58
19
23
86
80
71
9
-26
68
43
6
9
112
-12
84
97
52
149
21
64
54
6
19
98
69
96
12
53
54
73
106
86
-3
29
67
-2
12
80
49
59
52
84
36
3
75
102
50
34
-8
75
-29
5
38
74
163
59
25
18
-37
7
23
96
32
117
58
21
48
48
42
48
10
9
24
64
22
-2
73
56
98
35
51
-4
76
52
27
82
39
84
72
26
41
75
21
40
86
1
138
-4
19
124
22
-26
42
115
86
27
72
50
36
36
66
57
22
67
153
133
17
-37
36
76
108
114
75
10
83
129
5
81
116
151
29
72
9
12
65
100
53
69
8
43
-23
117
43
27
32
32
44
66
21
48
6
6
-29
51
91
85
37
84
54
54
33
9
9
87
88
38
88
58
74
66
81
91
108
108
108
68
-28
40
-10
92
106
106
57
-18
121
75
44
27
-2
53
65
12
40
-4
33
35
-9
-18
132
-26
68
120
50
90
56
56
118
91
-35
-18
17
-8
5
49
87
21
68
107
85
11
38
12
58
93
36
67
23
102
20
18
43
154
-43
0
-17
100
33
33
87
35
88
36
25
32
90
58
72
101
114
58
44
86
37
-36
68
96
70
70
70
70
85
44
57
57
57
54
20
20
20
73
67
67
50
50
96
96
96
64
64
8
8
25
1
51
51
80
80
57
34
34
64
64
64
57
58
34
34
32
32
32
60
60
60
60
74
58
58
58
58
186
41
49
101
101
101
67
67
80
77
77
67
38
38
92
90
90
-3
60
52
8
8
11
51
51
53
43
48
2
55
55
18
18
43
58
28
-27
-27
-27
51
51
74
51
51
36
36
36
85
16
34
13
13
13
39
53
24
24
100
100
72
75
20
20
67
9
9
53
35
64
64
9
48
48
12
12
12
32
32
32
72
72
65
65
82
55
55
55
55
55
55
106
86
26
64
10
93
23
74
-5
20
20
71
81
81
72
74
98
-20
35
35
35
28
28
71
-12
-5
120
10
27
27
57
34
70
92
92
92
92
76
41
41
41
58
86
53
84
84
-23
35
76
74
34
48
42
42
42
34
48
48
48
48
48
56
56
27
22
57
57
57
57
57
57
53
43
43
83
83
91
52
52
40
49
37
50
-2
49
38
38
38
92
92
92
82
80
32
25
25
104
104
65
65
65
102
102
49
32
32
55
17
17
17
24
26
26
32
57
101
21
12
-51
-51
100
-3
-3
41
51
58
58
89
71
71
114
92
92
2
8
45
60
89
64
22
22
43
11
24
54
56
58
58
92
82
101
101
16
57
52
52
43
58
103
33
13
55
49
49
49
53
6
6
134
42
42
42
54
67
-10
0
26
92
67
67
67
42
80
80
61
76
98
103
103
66
49
89
96
119
7
7
38
89
55
51
66
-54
154
155
82
23
43
26
50
50
102
24
76
56
22
-19
72
76
76
76
117
23
23
23
27
-23
98
55
55
48
76
64
64
91
-4
39
39
49
66
105
16
11
38
84
84
21
102
102
33
56
86
86
23
76
35
35
131
71
80
74
86
71
44
44
44
42
71
22
58
77
77
58
58
58
12
54
97
97
52
36
68
68
75
36
112
33
39
70
121
121
76
37
80
98
77
104
85
0
0
0
-26
66
66
4
68
71
105
48
48
45
26
49
48
12
12
58
137
57
55
-9
106
38
38
-4
85
86
37
-39
-39
43
20
20
49
113
49
44
38
115
89
85
59
43
86
-8
-8
108
105
33
33
64
64
25
92
92
70
70
70
6
68
50
50
73
91
91
1
-39
-39
-39
70
42
65
27
27
99
120
24
118
71
124
-17
93
71
70
61
-6
53
69
82
56
86
55
24
68
131
70
12
32
50
22
33
72
97
60
101
66
71
17
69
12
54
-4
59
83
91
91
29
69
88
100
65
60
51
17
76
11
91
90
22
36
20
64
98
44
7
58
9
68
49
91
69
33
24
7
43
36
60
1
68
28
121
36
84
28
59
71
40
60
28
-29
102
69
69
48
60
60
138
114
82
100
68
81
50
76
32
-23
43
82
36
36
35
25
54
48
67
48
59
67
67
85
98
145
145
121