0
87
-25
33
41
70
49
105
10
38
44
18
40
59
48
49
26
35
56
97
97
44
82
42
36
60
11
65
-12
61
85
56
124
36
61
11
-17
38
61
73
38
72
-7
36
66
27
100
39
0
9
39
81
53
87
4
-14
3
72
70
71
44
53
53
105
41
-22
27
3
18
41
100
108
42
80
17
80
19
51
20
38
28
56
74
103
70
42
36
54
19
54
57
40
67
29
54
48
48
23
35
26
59
98
65
66
-65
1
60
85
90
77
73
49
34
57
29
5
12
40
45
70
56
101
40
89
53
-1
51
58
37
42
101
93
39
108
-2
27
70
41
42
12
52
64
50
54
88
29
68
-27
-27
33
51
65
25
52
53
88
72
13
72
81
28
123
24
58
-6
114
38
38
54
16
16
18
83
83
65
81
81
-34
-34
24
24
71
45
56
82
118
107
107
49
50
42
49
9
87
87
56
56
100
100
100
89
77
-4
-4
33
27
16
16
102
102
89
25
54
54
85
85
85
101
101
58
90
90
-40
45
41
90
73
73
13
42
40
-2
52
52
92
93
87
71
71
-39
131
131
131
131
131
-17
-37
148
129
129
41
41
154
154
154
-27
-27
256
256
311
57
57
-14
-14
-3
27
65
65
65
-2
-25
-25
3
228
228
-1442
272
272
120
134
134
-9
179
179
194
173
173
173
56
50
74
-44
-44
24
-33
12
-3
266
182
93
41
41
-2048
1463
1463
-22
-22
12
12
2
122
122
67
67
-92
54
54
54
26
26
17
17
12
85
85
10
-46
-46
-50
82
72
106
67
50
80
80
88
88
18
18
18
-56
-56
88
50
50
114
99
99
147
4
-58
98
98
41
-9
-9
44
60
60
51
6
6
2
2
12
13
13
26
155
155
149
149
132
115
115
23
25
48
10
37
72
83
102
91
91
25
18
18
45
-3
-3
42
81
81
68
68
34
90
90
74
74
104
104
104
106
106
106
81
17
17
76
76
76
42
44
44
-3
-3
-10
-27
-27
20
17
17
72
67
128
88
45
42
42
44
34
34
34
69
17
39
39
42
104
112
43
58
86
68
68
40
27
64
64
69
20
13
32
-11
153
200
75
75
16
16
-97
91
74
74
71
26
-23
-2
-2
57
24
77
44
-135
-38
103
133
155
186
187
167
134
118
131
131
148
25
25
0
43
128
44
69
70
54
13
72
-4
-59
-37
-119
7
7
-26
8
17
17
36
6
-42
4
70
40
65
59
59
54
89
118
118
133
17
27
58
58
104
35
55
55
-6
-19
-10
-10
68
48
89
77
-69
-53
41
64
-10
102
212
186
186
181
16
82
105
-113
-210
-210
-210
21
-28
52
66
60
58
56
-40
-7
59
51
2
59
-2
-2
113
37
-26
-26
2
-58
13
13
83
70
18
16
2
-39
57
67
-11
120
161
44
71
71
71
-60
-7
-17
41
41
21
44
53
36
39
66
-34
-4
21
21
7
36
108
55
35
35
105
105
146
-52
-44
-13
61
36
56
28
69
13
74
74
41
3
6
6
43
58
37
37
24
82
82
87
18
-2
-56
35
11
-25
22
22
38
145
145
180
58
10
-41
7
7
54
57
71
71
36
36
36
-36
-36
-17
-17
9
-3
-3
-3
26
75
72
72
10
45
-12
-6
12
-18
43
27
20
114
49
37
45
41
86
82
3
-6
58
58
134
66
75
54
74
67
53
41
64
28
90
57
64
72
84
50
50
17
11
90
38
24
80
40
99
26
26
56
-19
-11
-29
139
64
33
105
10
132
20
108
-1
81
114
6
106
26
42
-19
44
96
19
66
18
37
37
65
49
3
23
52
108
152
13
57
23
16
50
22
39
12
40
-53
25
118
81
33
67
43
48
103
1
38
43
83
69
-1
24
-2
44
48
38
18
60
65
55
44
36
87
7
52
22
69
53
98
-35
-11
51
44
4
5
28
19
20
91
37
32
48
16
48
27
48
68
22
24
41
69
59
49
38
2
10
48
90
10
42
-4
-6
51
90
40
45
17
17
23
69
27
35
11
32
4
43
102
-26
53
-13
-13
17
69
-12
56
72
65
64
23
7
102
72
106
-35
87
138
7
53
16
35
49
58
-1
16
69
58
13
80
19
41
43
68
19
88
1
2
4
60
-2
28
11
9
-5
-5
81
39
25
25
58
74
72
106
43
25
-8
53
104
39
99
87
17
16
82
23
0
96
45
32
88
109
-14
26
8
48
76
96
67
-37
37
68
2
50
10
76
84
59
43
17
90
89
50
9
27
66
87
19
-1
76
40
32
123
4
114
22
0
82
-5
59
32
66
54
19
26
16
20
20
112
58
12
40
4
4
45
64
64
56
73
73
73
73
73
26
26
2
98
60
60
72
81
81
-24
-24
-24
33
51
53
24
24