0
11
75
7
32
65
66
72
54
-13
35
39
3
26
41
-4
50
51
5
4
80
18
33
45
23
2
86
69
80
25
43
73
96
36
33
38
36
50
17
13
61
49
40
22
56
18
38
61
43
64
32
26
22
11
17
42
60
37
70
58
59
39
36
9
69
11
12
37
105
91
29
27
5
19
82
59
53
40
60
43
6
60
11
58
51
39
42
6
50
42
73
36
39
60
60
44
-13
53
4
36
8
33
57
3
13
54
34
53
85
52
16
10
89
-18
67
89
20
81
16
48
59
69
73
38
29
33
37
42
40
26
13
43
17
40
59
44
29
7
86
55
34
38
-1
69
57
65
72
80
58
33
60
54
59
43
66
6
-2
22
22
25
67
38
67
51
35
59
55
37
24
37
2
43
64
11
68
3
10
76
33
34
65
45
68
55
-1
37
51
80
-19
16
49
43
32
53
91
9
44
12
23
74
70
66
77
64
16
64
39
50
48
65
21
70
88
57
60
38
17
11
8
50
28
138
109
85
11
-40
83
114
72
75
59
58
20
-54
103
10
73
51
67
-22
41
70
90
54
52
72
71
27
23
41
45
45
60
60
39
23
23
23
8
86
75
75
80
72
54
56
37
-1
29
38
38
48
41
90
90
97
-13
-13
5
20
20
20
25
65
65
70
70
36
28
28
28
11
-7
52
82
82
43
74
74
43
88
88
67
67
53
53
36
36
43
27
27
29
23
23
23
43
43
41
-45
-45
-45
-45
-45
-17
-2
54
32
32
33
99
99
99
48
26
26
-6
-36
-36
35
35
20
12
12
16
33
28
105
117
117
25
25
25
32
32
32
32
41
41
41
26
26
33
-7
-7
37
60
48
48
53
53
16
26
11
11
11
52
68
68
68
45
33
33
21
84
44
53
53
44
22
22
33
33
35
35
12
32
32
57
44
19
48
52
52
67
81
81
81
56
25
50
50
7
24
24
65
2
4
4
4
45
45
9
9
9
10
10
10
69
58
58
58
58
43
26
0
32
32
48
48
74
42
43
43
42
22
11
40
51
49
49
33
33
9
-3
-3
44
44
80
80
55
51
51
52
54
54
59
59
59
48
75
75
81
9
9
59
20
48
45
45
45
45
32
5
5
5
28
28
28
21
21
50
28
28
81
80
26
28
28
28
24
24
55
57
57
35
43
43
43
43
37
64
54
54
49
49
28
86
88
-2
-2
1
-14
12
9
9
40
25
24
24
82
87
59
77
67
68
82
107
74
74
38
70
40
4
37
23
13
57
60
60
66
68
-1
89
24
56
59
35
2
25
33
59
32
12
16
16
84
49
49
49
8
71
22
97
17
40
44
26
26
32
65
65
50
66
73
73
51
51
8
72
52
38
34
17
29
58
33
40
40
6
29
29
34
81
71
71
22
71
43
69
69
56
72
33
69
36
8
1
-25
-25
-28
67
60
68
40
16
16
56
65
74
39
39
25
21
66
35
48
44
36
36
32
16
16
69
4
51
-1
-1
85
50
24
24
53
28
58
3
41
41
41
34
34
55
57
89
89
11
11
50
6
70
27
18
50
84
34
55
9
9
3
71
64
36
19
61
61
74
28
27
27
23
50
55
66
8
52
44
44
19
66
76
49
21
-9
-9
-2
23
76
64
52
26
36
36
39
90
0
42
57
69
19
45
52
8
8
21
39
49
52
36
76
76
73
53
55
48
36
36
36
17
48
34
34
21
28
42
27
27
50
70
9
9
38
41
21
21
23
38
74
74
4
21
34
36
39
39
41
49
-1
54
54
0
44
11
11
59
66
84
49
22
-8
69
18
16
53
53
76
75
49
17
42
-4
-4
23
24
74
51
3
59
65
70
56
40
40
37
4
7
10
121
29
33
92
59
72
67
28
59
32
42
64
68
19
98
56
71
73
86
2
82
29
49
51
66
85
28
59
73
84
68
54
26
54
25
28
60
44
39
51
23
70
64
68
13
21
33
72
52
57
65
69
37
42
49
81
39
22
53
57
66
49
20
97
33
-28
53
-14
52
87
10
-10
42
51
118
144
134
102
38
-3
-9
-3
37
17
38
17
74
49
71
57
9
32
28
42
76
96
68
53
70
23
75
82
82
55
56
50
53
-2
49
33
27
101
117
56
8
17
60
72
41
66
37
-2
64
24
56
56
70
75
45
56
41
54
-7
25
17
64
42
36
68
25
75
45
66
42
34
80
-21
91
96
93
68
106
0
-11
12
-11
29
84
34
64
-20
1
57
43
43
77
10
0
-8
105
107
98
55
48
75
61
21
88
23
24
25
64
56
81
67
71
36
64
93
7
92
52
37
74
33