0
210
212
-119
-132
72
-44
70
12
-38
-125
108
129
35
138
-52
115
-67
-104
-25
86
4
-87
-103
-115
12
-66
329
0
84
253
161
-81
-193
-182
280
139
-33
-33
-218
-43
103
51
8
-153
-30
123
-107
27
-71
-129
-87
80
72
216
-110
42
22
-57
-44
-26
4
-12
-194
-83
109
141
241
-36
-18
-3
-109
57
-135
-17
81
-78
118
65
-90
-30
-132
176
-132
64
-156
-29
-11
115
73
283
-37
-77
-126
22
41
103
-13
-66
-74
129
210
115
104
156
34
-24
-42
-81
-78
-41
106
81
-76
-69
-17
-33
9
-73
-24
-74
-43
-201
21
19
226
-28
27
-100
87
86
184
80
-118
76
-26
-91
-52
-75
39
-98
38
60
74
202
-147
26
-35
113
-98
17
152
82
0
45
-70
-116
27
44
121
-103
33
133
-155
-2
102
102
-113
-99
-113
-20
65
-23
140
115
-137
-56
52
-17
25
-173
125
-71
-195
22
-45
183
4
-90
-226
-53
38
-40
54
75
98
156
-46
-44
-73
-146
235
125
106
225
-174
49
-108
-69
86
-45
60
-58
-108
-145
11
52
-53
-151
-42
-85
192
64
-53
136
-66
104
-117
-133
74
81
-78
-167
229
-85
27
157
-27
-157
36
-33
39
-21
-101
-43
-107
-107
-181
169
169
169
169
169
48
48
13
21
21
61
4
4
4
-17
-26
-26
-33
-33
92
-71
58
58
56
37
37
-163
-140
-58
-58
-17
69
-72
-129
-136
-136
-136
-22
-22
-65
-34
-34
19
19
19
38
38
38
25
25
-3
35
23
23
369
-100
-100
-92
-92
-107
-20
1
1
35
-27
-27
-1
-49
-49
23
23
29
24
24
-40
-26
-26
-22
-26
-26
-26
2
28
-13
-13
-8
-116
-74
-74
169
-151
-151
-151
-151
-151
-139
-70
-60
-60
17
17
17
12
12
12
-82
-53
-53
-179
-179
-179
-57
-57
-41
39
-60
-88
-88
-71
6
6
-52
-35
-81
-81
-101
-41
-81
-72
0
-11
-11
-11
23
23
-73
-4
-45
13
55
83
83
83
-55
-55
-57
-57
-10
10
70
70
36
36
16
-24
7
5
-19
-19
27
-73
-73
-49
-49
-49
-2
12
249
51
51
49
49
123
123
123
-73
-73
11
11
11
-9
-4
23
23
23
23
21
8
8
19
54
-74
92
26
-122
-105
-105
-105
11
-120
-145
-145
-145
-145
-145
17
-55
-55
-73
-73
-73
-73
-70
23
28
28
-61
-61
-29
-19
-19
-28
-39
-39
-54
-43
-43
-73
-68
-14
-17
-17
61
61
61
-27
-27
-27
11
11
2
2
89
7
7
10
18
27
27
24
-92
-50
-50
-19
-19
131
131
24
52
-17
-81
-81
-7
-29
-62
-102
-33
-33
-86
-11
-114
-116
-116
-105
-101
-101
-102
136
34
-49
-11
-11
123
-91
-91
-91
-54
-119
-75
20
-29
-74
-85
-151
33
-104
48
-184
-184
-163
17
-66
-66
211
262
-104
-139
-174
-107
-107
-91
-124
-124
-97
-39
-39
381
34
-57
-3
-190
-190
-50
-75
-75
-75
-116
-41
21
21
-65
-185
-51
-51
-37
-73
96
1
-55
5
-93
-10
-10
274
18
18
-5
-107
-107
-68
-22
180
180
-262
-174
32
-66
-59
281
281
-66
-133
87
87
-118
-78
-78
3
90
-81
-65
-53
-53
-3
-69
-123
-123
-107
-68
64
-7
152
-58
-93
-93
-137
-142
137
137
-72
59
17
17
117
-149
-62
-9
-39
-86
118
-151
-151
-65
-39
-93
-93
250
-97
-158
-133
-65
-57
-77
-50
-50
22
13
-178
-178
-118
-65
9
100
-172
34
34
-137
-89
194
-78
-73
130
-75
-133
424
-51
-116
251
-116
-59
-1
-54
-1
-8
4
-61
23
50
50
131
89
-86
-86
-117
-18
-18
-18
-77
-26
-12
-93
-18
24
195
-104
-104
-155
-141
-91
-91
-41
-118
32
32
-186
-140
-77
-52
-52
-93
82
-139
-61
-115
-60
-60
-108
18
-84
-89
-115
7
-138
-138
-26
-26
-66
-20
-137
161
160
-38
-140
-134
-58
-58
-148
-60
-60
-54
-82
93
-88
-88
216
442
442
442
5
-33
-135
99
42
75
85
32
39
-35
-93
-41
-39
99
246
17
-129
136
277
-61
82
-150
91
74
121
11
40
-87
105
122
-13
-51
-8
-72
-97
-86
-137
-72
18
-249
-29
60
-2
-67
230
56
102
153
72
129
32
-50
116
105
-103
-23
107
18
-97
128
149
-59
-125
57
169
-34
51
-27
218
-133
17
67
-59
75
-122
201
-82
87
-45
129
-28
-68
-132
-104
-105
-75
6
-94
53
182
182
-211
-86
-86
-94
-140
-49
-89
123
-36
43
-29
146
-109
96
99
36
-92
-101
39
-35
-106
1
-9
225
91
217
217
-147
-147
145
147
150
-85
-85
-37
243
243
5
-5
680
-331
-331
-123
172
268
210
-74
80
-206
134
-141
-53
-33
-91
74
-69
-3
69
-137
-123
-52
269
-84
104
-24
177
242
-84
-84
-84
-133
-23
-23
617
19
19
19
-5
72
72
-233
-156
149
-184
27
-40
-52
1
-20
-49
-49
132
454
416
-76
186
72
-13
-12
-34
210
-45
-14
212
48
-196
-18
10
184
84
39
24
52
-113
69
-167
320
163
-137
194
-18
-36
114
-18
0
44
-105
-93
9
52
104
64
358
218
-8
145
93
-65
19
327
183
-86
-100