0
23
-38
36
39
39
16
-25
23
118
9
38
105
39
-4
35
148
-7
20
49
23
82
76
48
32
77
32
-36
9
11
27
8
59
33
-33
43
20
4
33
-6
4
119
18
-12
9
4
35
-3
21
64
13
92
65
-29
41
28
-19
-2
-21
21
33
148
67
6
21
80
-45
106
1
42
-45
59
18
22
54
25
27
8
-13
6
180
16
33
-22
29
65
41
41
27
36
55
65
37
57
43
8
24
28
-9
-1
75
145
-9
33
-12
6
36
38
3
-39
74
55
36
40
-5
25
44
39
99
-18
-9
26
-7
118
13
68
37
56
18
26
4
48
24
-20
35
66
21
-10
38
90
19
33
68
4
41
41
45
55
43
-20
75
65
-21
20
83
21
48
-22
52
44
68
35
29
6
51
-10
32
38
51
55
-28
23
105
35
-57
43
55
25
4
-5
43
21
2
93
43
6
42
4
66
-2
32
100
26
106
-18
32
59
49
-7
64
-18
-24
52
51
11
77
91
43
-34
82
32
-3
1
-36
48
70
38
9
7
60
44
24
74
-19
55
3
74
45
42
27
128
53
57
58
-9
77
-6
6
16
73
41
18
38
7
52
22
-21
7
80
7
59
69
29
17
32
24
37
34
52
-43
-60
-17
208
-61
53
-2
38
-12
-24
-17
-40
-11
61
53
0
40
44
54
52
70
17
20
28
87
55
72
52
-4
64
75
21
33
-11
59
12
50
37
42
64
75
-3
6
43
-9
18
9
9
11
58
1
10
55
39
7
-43
57
50
28
32
-18
64
53
37
98
56
72
68
92
24
5
33
11
1
-11
21
-40
42
27
19
19
-13
8
22
4
51
1
88
25
65
45
192
-1
-27
3
36
-22
81
5
44
19
59
33
-3
49
52
58
-17
88
-25
102
-6
92
-7
107
87
33
18
85
-28
34
7
18
-19
51
19
23
60
72
35
60
-13
1
99
32
55
20
48
1
42
39
-2
67
0
6
12
18
54
12
-9
40
27
38
51
6
38
80
23
25
51
23
54
11
36
12
4
36
-26
81
43
-1
106
17
53
35
0
1
125
35
27
-26
26
-6
20
44
41
22
36
74
4
19
26
54
22
71
16
11
28
59
37
3
59
20
52
-30
-5
5
32
33
28
-4
36
33
0
23
71
49
11
64
49
27
32
36
40
44
-2
19
25
33
53
10
65
33
28
26
49
27
20
38
33
20
52
19
42
70
52
24
40
36
10
40
32
53
55
-34
39
3
33
20
36
13
35
43
25
26
68
37
10
18
-2
-7
24
13
1
-1
59
40
18
73
26
38
67
21
57
41
8
41
24
35
34
40
48
35
57
3
20
-45
-55
51
33
37
72
56
29
0
5
2
43
9
-14
42
42
37
65
23
22
40
32
23
27
56
11
33
76
11
-1
57
39
34
28
16
21
6
27
44
44
38
21
4
-7
5
34
24
68
27
54
9
69
51
58
39
76
17
50
43
54
-4
43
27
27
29
53
12
49
23
6
45
17
71
54
54
8
-1
33
7
66
52
68
28
19
37
-9
38
68
49
55
41
22
50
34
86
32
34
99
52
43
53
-21
37
56
-17
-2
37
5
59
70
72
9
61
-3
37
33
-2
103
70
23
27
80
39
26
-9
0
-2
39
48
17
24
52
-49
115
21
57
69
88
3
98
32
38
53
85
25
-24
2
-20
38
-9
61
54
50
27
33
8
22
22
10
29
51
44
9
39
1
-11
41
50
52
39
27
32
43
29
11
19
60
34
76
37
75
50
1
66
32
44
4
54
-6
45
-11
33
6
83
9
36
18
37
11
27
20
22
49
33
2
37
10
7
40
42
38
86
10
35
-41
34
73
48
23
55
33
34
54
-12
37
43
35
36
22
35
22
44
35
50
18
49
41
33
32
-11
43
40
26
55
76
-27
41
33
36
-9
24
24
17
39
24
27
18
6
42
3
34
-6
61
29
6
37
36
44
71
38
81
54
45
41
69
65
11
75
21
35
101
59
75
23
33
20
32
35
22
-5
42
56
58
38
53
44
24
35
37
57
84
40
-6
27
-3
55
26
43
33
25
-5
34
11
60
28
49
67
36
50
44
28
18
-14
24
22
9
25
6
36
16
35
34
10
4
23
17
48
26
12
2
24
10
26
12
10
49
29
51
41
33
41
55
49
72
71
21
-10
9
65
16
16
6
27
21
56
48
29
28
60
33
80
32
2
22
67
8
17
19
43
50
36
28
16
26
2
36
12
56
2
44
7
67
24
99
-10
54
41
64
27
39
24
24
48
-6
57
65
22
41
21
32
51
4
37
-23
70
25
52
26
59
12
76
19
42
34
59
22
83
41
23
-6
11
25
75
40
26
21
13
-18
38
45
39
77
22
41
-6