0
40
-17
49
29
17
35
16
35
19
73
56
40
7
57
12
70
21
25
32
57
57
23
65
36
54
10
-13
34
81
29
22
25
18
25
86
33
24
57
20
-10
44
-17
75
106
-17
2
80
32
17
32
42
17
67
44
39
36
26
61
26
64
11
-3
11
5
58
-3
-28
41
19
36
49
74
51
12
23
73
4
39
2
54
66
50
-2
49
88
1
18
25
9
-7
52
10
41
76
-35
56
-1
39
23
55
61
66
2
13
-12
32
49
2
0
52
72
48
37
26
83
32
9
54
64
43
29
49
66
-18
50
20
52
-20
6
11
18
20
69
11
28
34
21
18
33
20
106
13
40
35
1
41
73
8
60
33
36
52
55
-34
35
108
26
4
43
-6
-22
3
89
39
43
39
26
21
65
73
66
25
-11
92
7
-2
16
48
29
35
55
42
119
34
59
58
17
12
53
26
64
25
43
83
41
23
34
35
-28
65
2
19
9
59
88
19
43
59
6
92
19
88
66
80
-19
42
2
26
42
52
-3
-3
17
34
18
6
38
36
-3
42
49
0
-26
50
80
132
51
32
117
59
43
68
119
160
116
72
134
157
138
106
38
74
40
56
7
11
49
-10
24
58
-70
1
-100
-116
-180
-295
-293
-264
-100
-57
74
188
211
249
210
221
196
146
96
124
125
113
204
157
235
58
49
43
-59
-102
-70
-158
-41
-49
-9
-68
-5
1
-46
-27
-73
-56
5
-25
-33
12
-13
5
23
39
-8
152
2
73
38
-18
92
40
107
4
49
-2
42
42
65
128
24
37
19
88
35
33
2
43
1
10
96
36
67
50
43
66
26
-13
6
28
35
27
38
6
20
-1
11
-41
5
-34
38
25
19
-8
154
-11
34
108
76
82
41
115
102
52
48
1
22
-38
48
28
5
44
163
155
19
-23
-68
-33
25
-27
34
9
2
19
19
72
50
70
97
48
5
76
4
72
166
250
151
0
-57
-114
-65
-109
-92
7
20
-1
26
88
-17
52
34
39
73
1
44
-17
40
39
-11
70
76
-4
45
65
41
16
43
0
106
-26
-14
50
28
42
19
41
19
74
25
81
104
10
36
37
53
54
8
26
-50
-2
24
54
19
68
40
108
58
65
0
-4
9
-1
20
75
55
86
37
-17
13
23
93
5
4
40
37
58
19
24
21
22
40
55
35
32
8
71
-4
26
-19
2
35
24
54
34
17
44
43
38
5
109
85
7
105
28
17
44
38
116
149
146
210
156
-35
-106
-141
-121
-85
-17
4
-19
9
24
49
35
56
71
136
23
25
-1
10
-41
60
66
9
89
53
60
-39
17
73
5
69
12
17
21
42
69
80
57
6
26
66
19
53
53
33
36
27
-1
74
12
42
0
56
97
34
4
20
26
34
16
11
9
20
13
1
19
36
54
4
4
60
69
-19
56
26
43
18
66
34
-11
17
12
68
-1
44
69
39
29
43
32
53
51
-17
114
82
65
50
17
37
29
37
123
42
26
-25
91
101
98
103
139
169
218
6
-1
-45
-73
-99
-97
-45
-81
0
97
77
240
648
587
692
540
117
-233
-186
-178
-478
-252
97
105
-68
-277
-553
-537
-397
-372
-202
-221
-145
-38
-41
-18
-2
-19
58
164
182
140
230
141
108
147
86
92
92
109
41
59
117
77
39
20
-10
139
153
67
108
-4
-20
-59
92
101
-54
71
195
-7
146
87
60
5
72
-23
12
40
22
108
-37
-40
195
130
97
-5
7
18
13
43
-9
17
21
-6
24
3
21
69
44
56
16
11
-21
65
82
96
137
196
133
248
167
139
51
-85
-124
-105
-99
-67
-36
-2
90
96
198
80
37
-60
-154
-55
-35
-45
-29
23
68
34
7
165
66
83
40
43
21
85
90
90
81
8
40
55
23
82
38
1
8
-18
1
26
-6
6
54
182
32
41
92
2
-21
69
59
-10
49
68
96
66
74
17
-70
40
3
86
97
140
218
326
149
-77
-173
-185
-135
-20
-50
-53
-46
23
43
59
6
77
92
-33
20
72
72
36
52
49
39
17
6
-11
34
24
60
56
16
12
64
60
-40
87
56
17
45
57
69
-4
20
28
59
3
50
118
204
290
90
-22
-135
-124
-74
-26
-3
-10
60
34
26
-5
21
3
27
44
-12
-17
-5
17
37
34
42
6
49
24
-1
64
-2
60
22
-26
-2
88
82
7
25
0
56
67
60
87
28
17
28
35
42
58
16
27
80
34
18
10
48
18
10
-5
37
73
9
-17
55
48
16
72
112
192
369
300
2
-90
-202
-166
-150
-84
-6
21
-23
33
23
24
42
32
72
67
-7
-10
36
1
7
-17
38
89
42
12
54
32
66
37
45
38
64
50
57
-21
18
58
45
-9
28
22
50
-3
26
23
60
84
51
44
34
10
7
-11
4
2
73
5
73
42
22
-4
37
36
64
80
64