0
58
53
9
49
4
49
11
38
13
52
35
12
33
81
12
64
75
38
54
20
52
50
34
8
38
52
33
0
55
33
38
2
32
8
28
20
0
36
80
-2
54
32
55
24
48
-1
2
27
3
52
55
43
81
6
64
57
32
-8
8
9
-6
35
-6
52
24
10
26
22
42
27
19
44
18
73
40
48
42
64
58
37
54
44
32
36
1
-14
45
-7
21
55
73
4
38
38
50
25
49
22
24
2
50
10
65
17
37
26
26
70
49
35
40
26
0
49
34
35
22
57
-26
34
25
64
32
49
23
32
11
74
50
40
43
66
37
-4
6
-3
70
12
38
59
37
67
22
51
9
10
-17
66
20
32
33
56
39
18
43
20
7
27
17
53
68
33
53
74
69
2
75
35
75
23
-6
39
12
49
27
28
-4
-4
33
42
45
44
38
22
-2
23
52
65
34
57
8
12
1
-4
20
55
53
45
37
69
53
34
8
73
19
36
28
45
40
12
56
-5
-9
-10
18
42
37
22
28
8
28
34
55
54
43
45
0
69
45
41
23
8
17
58
33
26
25
52
10
19
12
37
6
43
8
40
28
41
2
-17
42
5
58
37
-30
53
26
17
27
48
82
67
69
26
21
8
44
8
8
84
91
56
93
54
121
54
24
42
74
114
82
91
97
29
-36
-170
-102
-106
-45
-45
21
23
56
18
48
60
70
26
8
-51
-19
-7
13
32
52
40
21
87
51
183
212
137
116
27
-69
-71
-72
-35
1
2
32
59
81
51
66
10
48
54
-17
56
-3
34
-11
25
-13
-53
19
57
4
-59
-27
133
134
108
89
43
120
42
17
3
26
21
-11
67
-28
33
58
21
80
33
24
58
17
59
57
60
-4
22
5
1
2
43
11
38
17
3
-35
32
-3
61
40
48
140
83
25
20
23
43
25
10
-7
37
23
-61
20
89
24
49
-5
29
21
53
54
59
54
27
37
72
64
61
0
25
28
57
33
26
42
29
45
19
34
39
-1
-37
93
72
116
-13
-19
-36
8
19
57
-17
28
44
6
16
57
123
45
-18
56
53
5
20
84
195
11
22
56
-24
13
-9
39
11
5
71
90
17
-29
-1
48
-10
11
-30
42
65
37
42
71
203
213
130
84
32
-104
-52
-151
-53
-26
101
40
12
35
41
27
55
33
48
70
0
-6
10
51
-3
22
5
65
4
54
33
38
48
26
41
80
59
51
44
21
28
2
26
27
32
48
24
4
68
6
-12
19
20
66
42
60
5
6
51
73
38
71
115
134
172
108
85
-54
-83
-7
39
-17
-41
16
26
45
-25
-60
11
-34
-41
-17
10
-23
54
1
8
6
2
52
50
75
74
50
50
55
5
55
72
48
0
-1
68
67
37
2
68
20
25
42
52
19
25
27
-5
-5
33
36
85
43
65
27
7
59
18
53
18
11
4
16
2
58
107
35
28
22
9
0
-22
19
32
43
23
65
10
5
93
68
45
-6
9
67
80
20
-49
8
3
-1
24
-10
-10
57
108
120
117
156
171
55
-57
-90
-45
-110
-29
-2
17
25
32
10
18
50
4
-27
-13
70
58
34
58
12
-23
0
-1
113
57
57
2
68
17
-25
20
57
-6
48
100
51
90
41
90
10
0
-29
23
9
-58
18
0
33
20
7
-1
20
36
21
57
6
41
0
11
-4
37
8
43
32
34
17
139
129
198
134
50
-135
-44
-42
-7
-66
29
27
27
-13
-19
45
34
26
20
0
-2
-10
-36
32
48
38
64
82
23
88
44
38
16
13
50
100
89
32
-5
-21
23
67
19
11
35
9
4
17
68
42
52
9
41
26
64
21
23
48
55
65
38
13
48
37
-24
37
23
49
13
17
29
73
59
25
48
55
23
20
1
26
40
40
21
-6
67
38
34
25
57
22
21
16
23
50
39
74
19
16
10
32
32
54
90
38
7
28
37
24
17
16
13
-12
12
25
25
45
25
49
103
106
129
-28
11
-2
-74
-9
28
34
118
148
23
-67
-103
-76
-59
-35
3
10
113
56
32
17
24
-28
40
-19
84
56
43
-29
51
70
42
87
24
9
-29
24
56
32
36
6
19
43
84
4
54
19
17
85
-3
1
40
-3
92
67
109
73
85
-9
4
17
-2
12
-55
-1
-38
8
-35
-61
-11
23
57
36
3
-4
10
21
48
19
134
44
-11
41
51
81
37
4
22
3
40
3
-40
45
-6
-3
35
22
57
65
34
100
45
39
4
27
-7
43
41
40
23
60
58
44
91
9
28
54
9
9
32
41
43
38
43
-18
41
21
19
24
49
73
36
11
8
32
51
37
77
38
-1
58
25
12
37
53
69
5
27
34
35
19
16
26
-5
68
27
43
56
56
29
57
24
25
68
42
96
12
6
37
-11
41
48
17