0
10
39
-3
59
66
2
38
-9
24
10
-5
51
56
22
8
21
8
32
22
56
88
68
101
12
5
-37
11
56
42
-50
48
72
10
41
17
70
10
24
27
16
19
23
24
35
22
35
38
19
56
28
33
28
2
81
37
58
9
58
38
38
11
-13
48
43
41
40
-12
-6
41
49
23
7
34
81
17
26
60
7
12
9
33
3
9
16
-36
1
43
88
33
37
28
21
6
35
24
32
84
10
16
-28
10
0
21
112
9
3
49
11
66
37
67
25
29
43
13
58
-2
32
32
24
34
42
52
39
5
34
10
69
43
50
23
24
49
42
45
4
29
21
11
11
12
40
27
-19
3
75
58
9
6
68
21
16
48
18
48
32
57
-13
-3
60
-1
10
25
24
29
54
-3
22
17
33
-6
-20
57
27
73
4
56
60
22
23
21
53
32
43
7
74
33
38
53
6
13
1
58
71
2
45
53
27
65
76
7
49
71
22
36
32
52
27
51
26
-41
35
5
43
-18
8
27
56
50
68
108
150
137
120
108
49
-130
-82
-56
-100
-3
19
40
53
45
69
55
19
33
70
16
24
44
59
81
5
32
18
-58
147
11
48
1
65
41
36
45
49
26
25
40
-30
39
19
44
56
42
74
2
-9
-42
56
-8
20
60
-4
67
48
-13
51
56
38
68
-22
-7
-24
8
28
81
41
53
42
152
221
198
138
35
-104
-137
-71
-93
7
-21
3
6
-10
60
32
44
11
60
64
60
18
53
0
48
74
72
-10
56
32
54
97
25
49
22
45
61
36
65
38
67
-3
49
32
29
36
7
81
67
-12
-198
57
11
-36
27
24
40
26
32
59
-2
53
6
52
50
25
9
43
85
-38
-35
13
53
34
56
-10
-38
-53
-3
11
-3
77
97
23
50
4
6
20
49
55
49
45
22
87
16
41
39
40
18
33
-22
8
57
-5
20
41
52
21
16
35
21
10
13
53
80
53
70
21
21
22
21
-11
35
61
22
4
28
49
41
7
36
27
56
40
81
-8
38
39
18
1
-4
26
2
18
24
-9
73
87
45
33
-19
90
12
26
37
1
51
41
21
43
-25
22
3
75
4
-1
-24
82
-8
26
3
13
7
82
7
7
67
17
12
65
29
41
35
51
51
18
35
11
11
20
41
25
25
13
44
26
42
67
35
-2
35
-5
67
25
61
19
51
42
-2
43
20
34
32
70
51
36
51
5
69
16
28
10
50
38
20
69
43
24
23
33
29
53
80
51
-24
56
65
44
-7
26
29
59
38
-9
23
32
34
9
17
42
25
-10
49
26
-11
9
35
5
25
34
9
22
40
48
49
8
7
35
-1
23
51
42
24
81
45
53
48
19
27
74
38
52
7
23
-4
67
-4
60
36
34
33
10
39
20
34
41
-1
51
25
57
-17
-35
81
-11
9
10
39
22
50
54
3
59
25
49
48
67
97
53
33
9
-18
26
72
13
16
67
-5
34
24
55
43
87
21
57
51
87
23
50
2
-1
56
49
17
43
51
18
85
12
13
44
-21
37
57
51
52
37
13
37
3
66
84
40
52
-17
52
44
-5
61
19
20
37
2
22
-3
49
51
33
28
37
9
18
42
34
32
7
24
37
42
6
2
50
22
3
38
-2
70
45
49
54
65
-18
37
6
24
17
23
41
8
-18
-1
-4
-9
-21
52
13
6
3
19
64
35
53
26
35
-17
41
20
39
37
16
102
82
50
-40
-8
34
9
33
33
27
23
2
26
-3
129
71
27
40
59
28
35
76
-7
25
22
10
21
29
39
57
52
72
75
-5
20
54
38
8
21
54
36
7
-6
3
105
50
65
43
7
-19
22
72
41
67
64
41
44
28
26
23
23
51
58
69
20
11
11
16
60
51
39
-33
34
10
87
43
25
65
36
-4
9
50
26
28
27
34
8
7
72
4
51
-24
16
19
8
97
68
41
38
39
59
33
39
28
28
16
69
21
53
42
10
-28
26
32
6
0
11
60
22
60
13
50
68
83
48
22
50
36
-18
4
12
26
55
37
-20
9
68
9
51
32
11
-1
38
41
18
64
2
70
9
8
37
-4
43
21
26
23
52
9
54
20
45
38
85
11
72
18
10
60
55
-5
69
-21
43
7
41
43
-10
19
0
38
4
25
-23
0
-3
-2
69
28
18
57
53
7
105
59
2
48
16
33
27
34
51
26
37
39
11
9
96
-1
97
20
38
35
44
21
83
52
59
22
25
28
57
19
13
17
42
27
49
44
84
22
41
6
11
49
80
41
71
29
21
50
24
4
22
-6
-6
83
-4
29
17
0
-9
34
6
43
53
4
64
44
57
0
11
29
43
23
76
-28
60
36
23
45
11
56
25
10
37
10
51
38