0
11
55
18
9
28
10
8
33
123
44
25
0
50
6
21
4
-66
53
27
76
24
43
36
60
3
18
-7
21
26
36
16
66
54
10
12
0
25
54
28
-13
38
-9
22
105
22
19
40
1
55
33
41
55
35
34
-13
20
36
37
42
44
24
25
34
73
35
44
17
25
4
4
0
17
37
38
19
22
33
-10
7
49
33
36
16
26
40
39
80
44
34
42
-17
48
48
92
36
41
50
16
25
39
37
51
35
-13
85
37
41
11
25
25
77
42
36
20
23
48
12
-1
77
43
60
11
65
60
34
28
34
57
11
60
2
33
39
45
0
64
-4
9
37
20
40
53
64
21
48
27
4
35
55
36
35
84
88
51
10
18
53
-14
52
65
38
21
42
2
23
27
87
25
56
18
35
37
64
23
-27
55
6
43
6
6
52
82
55
73
35
28
41
0
39
26
24
1
43
1
37
28
21
22
22
-17
37
75
52
32
-39
26
7
28
8
23
18
26
25
22
35
59
21
16
42
18
25
43
21
6
76
49
55
28
26
-7
19
65
18
9
25
10
58
6
43
48
28
36
28
8
48
5
-29
36
67
-2
-35
28
42
27
65
23
65
36
-2
97
26
2
93
67
37
27
6
-23
-2
9
85
68
56
59
119
41
-26
-38
-3
-34
16
49
19
66
80
28
1
23
27
41
33
32
66
20
37
0
25
1
22
128
76
81
80
60
34
21
10
5
-36
28
72
96
81
75
53
2
19
-7
-3
39
42
52
17
33
56
48
0
17
29
-17
7
39
56
25
21
-23
18
21
25
2
61
-1
8
48
52
10
12
139
119
59
2
-10
-62
-50
41
24
9
10
48
58
41
34
23
-6
34
65
74
50
-2
18
1
41
40
26
-6
55
33
52
35
-1
48
18
38
2
51
22
20
17
36
37
-7
18
70
-8
27
6
48
25
27
-5
34
10
20
23
-4
50
72
107
42
49
16
28
50
21
49
9
59
24
33
42
37
48
-5
33
9
28
75
8
26
10
34
25
40
26
4
36
58
-5
-14
7
21
82
52
41
6
34
-7
-2
17
-9
28
41
37
-29
3
17
80
53
37
13
33
64
-4
35
18
5
-3
21
22
17
84
64
60
20
23
-2
-49
32
8
43
16
17
-7
70
67
60
32
84
52
39
0
27
1
99
51
59
-11
34
26
84
74
25
35
34
20
2
56
6
25
23
27
39
22
23
13
22
39
59
88
4
-4
24
-6
23
33
19
26
34
26
12
19
25
45
21
19
32
-22
-3
87
85
59
25
39
60
69
-13
-13
-38
84
33
8
83
23
0
-7
-9
65
48
32
39
-2
7
70
35
-29
39
35
10
26
19
-7
50
43
25
84
27
69
37
19
64
16
-24
59
3
69
38
24
40
9
17
59
50
61
74
25
6
-43
-5
-5
4
68
18
55
77
6
-17
41
88
35
57
7
10
28
114
116
243
230
85
-22
-28
-59
-62
-51
-12
-22
4
12
41
83
64
12
44
25
23
73
43
48
40
-24
71
0
21
-2
39
84
-11
-11
37
17
1
43
58
-7
60
44
33
39
58
28
10
28
-7
23
71
39
52
12
25
93
68
18
18
32
58
73
28
42
96
11
17
33
9
-12
26
36
66
-9
37
-4
57
86
-1
-2
59
20
60
-10
11
7
27
33
39
13
33
1
49
86
72
9
5
24
19
27
53
56
58
73
-33
8
23
40
42
56
35
-6
40
137
80
53
-11
-5
-10
42
22
10
29
85
51
19
58
75
51
-58
20
23
40
32
44
-12
84
38
53
4
-20
7
52
49
17
12
38
66
10
64
23
21
-7
3
58
67
0
120
45
81
34
7
36
34
5
41
82
56
10
49
48
36
27
36
39
11
26
41
23
36
28
10
71
19
56
57
117
5
43
59
-11
32
-13
43
20
39
71
60
12
61
38
28
24
17
55
-44
54
24
34
74
42
-5
69
4
-44
101
40
19
23
1
54
21
40
33
19
56
40
16
33
65
37
56
28
86
27
57
20
27
6
-25
25
24
-12
21
5
39
-25
26
58
50
8
75
56
11
53
59
18
-33
-19
18
53
7
49
21
36
26
20
65
21
27
20
17
41
29
28
54
60
43
-12
24
24
-20
87
43
40
25
41
-13
65
29
66
32
33
68
13
37
96
-3
12
21
36
68
17
44
-3
39
29
41
9
32
43
37
43
64
45
86
29
-10
11
58
41
-12
48
48
-8
3
-5
44
106
35
6
9
56
73
10
68
106
22
16
-6
5
-5
38
-6
43
12
65
22
53
107
112
141
26
-24
-36
-22
2
2
43
41
-19
-3
17
16
1
22
6
-6
117
-9
8
17
3
6
34
48
23
28
53
73
52
49
39
200
226
259