0
52
98
-17
-23
-9
-14
6
49
36
-21
219
248
256
144
26
-123
-154
-145
-163
-99
-45
4
-58
17
65
40
67
51
9
72
7
44
56
28
44
44
53
23
37
22
6
42
40
-2
101
131
274
204
120
45
-116
-182
-138
-93
-157
-39
-24
-28
147
59
52
36
52
41
83
-7
59
-13
51
69
7
16
38
74
-22
-38
34
34
-42
134
48
48
32
16
81
45
105
81
-13
-3
52
58
-11
41
16
-13
82
32
39
48
55
-19
76
-8
39
-2
11
25
88
36
26
50
-6
41
83
4
-27
49
44
70
51
57
-29
76
0
-34
49
67
81
80
28
54
7
92
55
1
53
37
23
-1
52
2
24
34
96
35
20
77
43
56
8
5
73
4
60
-3
35
0
66
97
16
17
2
71
-6
3
39
23
-21
86
-6
105
82
-6
51
48
-2
87
59
54
-4
57
86
-1
18
50
26
33
-23
73
13
-7
22
19
12
51
28
21
21
35
-25
-4
49
73
27
42
-27
90
100
4
-9
105
11
6
67
203
141
208
133
-53
-152
-52
-123
-70
0
-35
-91
-4
71
51
21
67
20
-6
18
35
-2
-7
76
87
11
53
60
-38
82
18
-70
44
-24
-26
-8
-49
-12
76
22
93
-7
165
185
70
-9
57
-5
49
29
-61
-8
40
57
-77
75
99
36
-19
74
-9
1
101
-3
-2
102
39
4
-101
72
-29
41
70
-37
-20
138
135
-2
-51
149
-37
-42
18
-7
68
146
23
19
109
-65
-22
80
-18
105
98
-116
129
-24
-23
-10
-51
-56
147
21
5
53
38
72
50
66
26
99
80
12
48
-5
6
37
-26
-22
64
81
60
1
76
41
-8
28
39
20
6
86
53
-22
21
134
33
-5
-5
71
-2
17
3
42
-28
86
71
22
54
26
68
23
40
-61
-3
125
-9
-3
-6
91
76
144
13
54
64
1
42
36
80
17
26
17
74
-6
54
37
25
19
50
60
23
-2
4
-28
23
20
-22
19
21
33
39
-13
-57
82
49
-26
7
34
69
17
25
24
-27
67
92
2
130
67
58
38
-17
-54
12
-40
-62
37
38
89
-169
-11
39
91
22
104
59
25
51
-52
41
42
71
-29
116
64
32
77
89
-25
-6
-9
-66
17
25
115
102
27
97
-5
25
22
65
8
72
101
61
55
36
43
20
57
76
12
85
23
28
72
33
-30
52
13
86
-21
65
40
101
82
-60
57
108
2
48
59
58
-12
13
17
64
-1
69
22
58
41
24
8
2
98
32
81
70
25
18
44
42
-1
5
24
49
17
35
71
22
25
25
28
49
-44
-38
39
35
4
34
138
27
-8
99
11
19
59
102
26
90
-35
22
44
22
23
25
25
-4
104
-19
-11
58
2
28
51
60
45
74
36
19
24
28
66
42
32
21
75
17
-18
131
150
263
162
113
21
-90
-72
-166
-26
-4
-40
-83
-41
8
35
-3
-19
-13
28
73
33
69
66
71
54
80
8
83
163
13
12
37
37
80
66
61
2
56
67
122
75
112
10
36
58
11
-24
-19
-25
24
-67
-24
-108
73
-7
-23
21
8
72
24
58
57
34
10
-12
21
64
-17
39
-4
220
402
275
97
-101
-161
-137
-7
37
34
23
49
4
-44
-85
-23
-101
-67
-27
-43
-33
-43
12
22
32
43
71
68
90
68
116
69
-2
59
42
53
24
60
70
19
36
84
28
58
113
-11
76
56
55
0
53
74
73
-34
69
-19
51
70
42
68
11
59
17
33
97
-55
74
48
6
19
35
23
53
4
21
85
98
3
59
92
3
71
-33
26
48
115
43
-38
12
43
68
37
7
40
71
-43
28
-5
9
38
88
38
9
49
-33
66
17
48
68
-5
28
-28
10
17
-5
50
11
54
0
25
-13
96
-25
5
21
80
49
56
12
59
33
99
35
5
-14
77
32
23
55
9
35
36
57
69
43
66
-36
9
51
26
64
90
10
11
59
18
40
42
44
39
34
11
85
35
-30
25
59
8
-4
8
20
41
50
52
8
7
-2
69
68
23
49
64
10
23
60
16
65
27
-2
55
59
38
12
1
-8
38
65
65
36
53
33
-20
43
66
53
27
-9
65
-11
82
0
59
4
72
48
24
16
58
44
77
58
11
49
-22
85
18
-4
75
25
36
11
17
20
34
19
-6
9
54
44
21
117
10
59
50
4
26
48
22
84
44
149
117
185
180
169
114
-56
-168
-194
-115
-86
-100
-20
36
10
48
50
33
43
38
42
49
27
74
41
34
-3
64
17
-35
55
34
26
27
-10
19
57
81
73
37
67
38
64
73
26
0
-29
1
23
82
61
32
5
-11
13
147
98
8
20
-27
44
-13
67
-2
104
10
66
57
-25
2
7
-2
42
76
73
65
54
-30
28
87
33
11
70
-3
7
42
19
66
7
-4
2
4
69
105
23
33
68
67
28
43
29
60
56