0
103
87
124
181
272
248
253
217
128
0
-27
2
-73
-108
-99
-68
-197
-291
-301
-248
-183
-130
-42
16
42
135
136
146
131
147
155
120
60
49
84
58
91
54
55
71
57
49
27
33
44
61
-6
56
19
-1
39
7
52
42
38
-5
18
59
13
12
23
-11
58
50
7
36
18
-3
53
76
81
-12
52
43
87
1
87
7
56
10
64
22
65
58
89
128
161
86
45
-69
-122
-65
-65
13
-11
40
55
102
106
82
81
69
74
76
130
176
129
11
-155
-121
-155
-75
-17
55
48
66
93
8
22
-23
60
56
87
38
19
2
10
8
-11
-4
65
35
89
18
48
-5
9
65
54
55
19
45
50
20
26
-5
19
33
38
52
37
5
17
53
56
-2
51
45
56
8
17
58
24
44
-3
92
41
86
37
65
-22
-3
7
11
28
38
25
68
103
56
74
32
25
-1
-13
-9
-9
12
37
6
85
18
41
13
44
23
72
50
48
5
74
42
-14
19
26
7
41
34
-25
83
177
104
-10
-6
-10
-40
12
-2
-9
42
5
85
37
59
76
80
19
51
18
-22
28
13
36
52
82
6
67
57
-2
4
28
11
55
27
29
5
65
18
4
54
26
43
33
12
59
36
27
-1
54
37
55
149
217
209
145
41
-134
-168
-73
-27
-2
61
42
41
51
-3
56
44
-33
5
40
34
67
17
38
-3
49
36
54
27
65
51
29
43
23
53
85
23
56
26
39
42
80
-6
22
6
80
3
26
20
40
34
50
-10
19
45
23
23
32
25
4
8
29
7
70
53
22
35
35
50
4
10
17
40
54
28
92
51
2
48
33
10
42
10
20
29
18
43
42
33
35
18
21
-13
3
-27
45
53
10
13
50
34
23
53
2
19
66
6
17
56
-4
41
10
19
57
76
38
3
25
21
2
36
35
44
-26
8
25
68
33
-12
33
20
32
0
9
64
6
41
69
86
53
13
-29
11
65
58
6
72
19
50
12
64
34
80
49
104
60
56
11
34
20
40
-19
23
34
55
22
49
38
43
48
64
50
25
-3
49
27
20
0
27
28
53
60
49
48
48
49
13
64
44
39
83
25
21
54
2
6
-25
4
45
16
-8
19
34
24
53
55
27
-14
11
75
41
64
58
18
-2
55
-7
72
19
48
10
-4
54
60
81
80
32
-3
52
40
48
59
54
-5
51
-23
-12
-23
-17
64
20
35
9
38
21
4
36
54
27
60
58
43
68
23
4
52
33
2
6
3
52
-25
19
52
4
49
51
35
59
1
54
51
40
69
29
11
36
3
25
66
37
10
-36
83
154
87
-8
-27
-20
32
60
16
48
89
57
9
67
58
64
56
10
4
40
32
20
38
71
36
49
42
50
45
21
19
-12
48
16
66
16
38
8
56
43
34
52
37
34
20
23
56
-12
24
39
18
42
54
-4
38
18
2
38
29
42
34
-3
48
52
35
37
25
19
36
39
36
7
23
48
1
36
17
98
56
86
49
0
39
28
11
-5
52
113
35
65
-38
29
25
23
-21
12
45
35
40
43
9
37
37
58
48
-10
44
-2
8
17
53
37
3
18
35
20
34
-4
34
68
45
-13
48
17
0
59
11
4
18
-3
42
38
39
55
9
55
20
36
43
18
73
57
19
41
5
42
43
29
25
40
33
10
39
13
6
10
8
23
23
57
7
67
52
38
-4
49
5
52
73
19
17
11
-4
55
34
11
27
20
39
-8
87
51
-14
27
39
-24
41
53
49
5
57
89
27
41
73
-6
-9
75
16
50
102
53
33
19
37
28
44
44
36
25
7
13
77
-8
57
34
41
24
40
1
-7
19
10
23
-7
82
61
25
24
10
29
11
28
53
82
22
114
37
21
7
-41
27
43
20
38
4
-9
65
-10
13
34
25
36
35
1
74
9
54
39
27
33
61
38
16
55
61
19
20
32
81
66
61
52
22
17
-1
4
3
64
53
43
-3
10
24
36
18
53
84
58
92
76
6
12
-10
2
-37
-6
12
22
42
1
54
57
35
20
34
23
136
140
197
204
89
24
-58
-77
-75
-37
51
-1
23
4
41
43
20
28
10
23
-2
8
13
-14
36
18
-12
77
58
-5
9
29
5
50
35
43
32
45
-4
82
1
56
-12
26
2
41
28
43
-5
70
11
-2
33
69
44
28
112
71
64
36
-10
9
25
36
44
67
16
18
27
68
36
17
32
26
21
21
59
20
82
58
21
-40
43
92
154
192
155
167
-23
-70
-61
-61
-22
-17
9
34
12
-17
18
16
22
1
-7
3
36
36
50
72
22
12
83
35
29
23
85
90
56
-19
36
37
59
51
50
32
22
92
9
1
-37
-25
21
49
9
19
11
32
3
8
53
-18
45
28
39
-67
80
50
-11
99