0
28
18
11
74
21
2
29
20
80
44
10
38
4
-21
80
56
61
21
1
24
67
-9
24
65
34
42
44
23
40
21
76
75
109
205
294
324
269
198
-27
-27
-152
-133
-296
-412
-348
-324
-153
-110
-58
77
91
119
113
147
117
156
91
16
109
39
112
45
44
72
72
68
42
38
45
49
17
85
20
7
11
65
-3
38
67
19
57
-38
-10
37
-13
-2
42
-2
50
76
57
5
103
75
51
25
52
23
23
43
168
176
203
279
101
-20
-156
-70
-100
-27
-86
-13
52
5
-3
37
49
-36
19
60
1
21
73
36
60
39
172
186
214
11
-56
-78
-117
-105
-72
35
51
1
49
-18
7
34
53
25
74
39
113
56
52
36
38
16
32
54
75
26
39
29
36
18
67
66
18
9
-5
70
11
58
43
-29
33
-6
7
55
35
42
32
51
9
-34
39
27
73
25
37
20
56
-2
49
40
69
22
51
19
37
27
21
57
21
67
-24
29
7
60
-2
71
57
83
42
1
53
115
131
242
242
201
64
-66
-137
-124
-157
-133
-51
-27
-8
-7
-33
-2
21
69
50
55
69
96
10
113
76
82
42
19
16
45
24
26
86
55
101
89
20
21
57
5
32
41
56
66
22
17
17
44
-4
17
35
11
-2
41
17
72
32
17
33
11
36
38
50
56
21
26
27
36
44
18
-8
43
33
-8
33
7
50
76
27
17
57
39
33
82
73
41
86
49
10
18
11
24
-28
20
34
24
56
72
184
213
213
55
-83
-153
-70
-11
-3
-22
10
-2
17
76
40
13
48
23
91
-43
48
55
35
29
54
67
21
56
37
21
64
39
92
1
52
17
58
16
42
42
52
68
40
49
43
44
35
-3
-8
48
117
51
8
-6
26
19
21
18
53
67
50
11
26
38
-17
33
56
6
71
20
48
-29
83
13
7
108
69
29
-1
35
-21
-12
-25
22
76
33
25
34
28
60
72
17
36
29
25
10
2
89
20
12
-13
80
4
52
-19
55
38
24
32
-9
86
43
18
56
43
6
25
20
108
2
52
7
74
-27
54
12
42
76
-3
12
20
50
19
72
20
-5
26
66
39
-4
21
17
85
17
-12
33
-19
108
43
48
41
11
35
12
-1
-30
-18
37
20
17
1
10
65
18
0
26
35
6
22
23
33
41
67
34
8
24
72
-24
34
51
99
43
39
-23
41
49
53
69
-1
-12
20
35
25
12
39
10
20
75
33
65
5
-26
12
39
9
43
-12
7
91
48
-2
114
71
71
57
69
66
21
48
74
37
44
27
76
44
-18
45
10
17
0
27
9
112
-4
12
39
35
3
60
54
-1
36
12
58
12
21
12
53
11
-43
67
37
23
-3
22
-6
56
-19
49
1
3
84
26
59
8
34
7
38
23
56
102
70
81
106
114
121
161
115
97
82
17
-1
66
61
25
8
91
-12
-22
-20
-53
-89
-171
-204
-180
-180
-66
-20
25
27
119
85
160
101
141
108
97
85
82
68
51
67
72
54
11
19
23
49
56
71
-1
37
51
41
28
-12
1
84
49
92
-7
-17
35
28
34
57
26
27
51
24
56
11
58
16
18
24
-5
75
37
8
-9
68
17
44
-10
67
16
9
5
23
20
64
53
26
-17
27
48
54
25
75
50
244
230
102
-7
-44
-139
-140
-75
-20
35
-2
16
-11
6
59
56
12
34
4
2
19
74
61
24
5
35
72
33
52
67
8
7
19
12
9
23
96
101
0
40
6
70
64
42
-1
26
43
49
51
44
38
5
19
2
60
91
16
71
6
-18
11
13
113
33
1
76
27
-46
72
56
5
20
52
74
26
34
0
18
43
55
72
44
11
-27
-12
10
21
36
35
19
57
24
0
16
33
35
20
39
-41
90
54
48
28
28
26
-8
59
125
6
33
65
52
-5
51
33
72
41
-7
49
-12
56
23
-18
43
53
68
-44
49
69
-10
82
21
56
36
-2
74
26
58
11
67
-17
32
75
2
45
-20
44
38
9
-1
5
55
-42
22
4
12
96
60
56
65
165
225
153
89
-57
-6
-180
-194
-92
-83
-11
6
9
65
-66
27
83
17
18
35
-10
59
85
84
80
297
507
397
188
41
-27
-264
-374
-438
-485
-179
-148
-19
11
104
146
151
129
89
71
116
99
74
13
103
85
48
59
36
22
27
64
44
-28
102
-9
0
26
-33
64
67
74
11
-29
-6
74
34
52
48
81
77
-24
-9
-8
56
23
9
42
42
67
82
20
11
20
22
40
19
-43
67
-17
54
33
80
69
40
32
73
71
-17
86
53
41
-8
12
83
155
215
176
21
-83
-168
-134
-121
-44
0
51
24
6
-18
58
11
25
24
28
60
8
-73
-18
66
55
37
108
89
42
35
44
70
21
-4
147
89
177
122
12
-42
-69
-46
-20
-22
-13
38
20
10