0
9
11
-9
45
89
5
3
58
72
44
57
16
23
19
29
3
2
-11
41
52
49
118
135
177
85
67
-53
-46
-1
-49
1
-9
-18
4
2
-1
56
45
73
20
37
24
52
0
26
56
21
74
123
213
340
259
7
-154
-189
-135
-129
-6
-13
59
34
58
37
27
41
2
-18
9
42
21
4
18
36
10
38
34
8
54
20
16
56
49
35
25
36
80
72
40
9
-5
64
27
56
32
11
1
25
52
80
-2
-5
20
22
65
-20
36
96
40
51
42
37
80
27
4
76
70
71
69
200
220
152
-54
-88
-91
-74
-116
45
6
58
41
65
35
-34
55
42
36
60
-27
20
40
51
8
40
83
58
32
106
-2
3
23
-4
60
22
67
-3
-7
-2
65
90
53
12
44
61
52
75
74
12
53
-26
26
75
60
32
40
26
6
9
5
27
19
50
80
-2
36
69
16
29
43
-20
74
40
71
28
32
76
37
50
70
25
44
36
9
10
33
56
57
5
10
147
169
216
91
13
-35
-122
-72
-49
-29
26
96
41
72
0
-38
49
11
16
-14
28
7
-18
6
50
7
48
55
88
34
35
37
20
3
36
40
72
32
43
21
67
52
71
64
11
39
19
50
36
39
-20
21
28
12
64
33
34
53
33
67
11
12
53
-12
32
87
53
3
41
44
-3
74
80
-10
36
71
-5
41
34
7
16
42
32
35
26
10
5
73
39
16
57
39
36
-14
25
20
-25
56
76
50
34
83
17
82
73
52
41
82
41
-18
2
60
69
60
83
49
25
28
-10
-4
1
45
8
2
41
22
-3
76
34
28
6
33
27
68
65
11
40
-9
22
12
23
12
40
29
-6
12
41
-6
82
88
25
106
162
179
203
177
8
-77
-129
-76
16
52
51
2
39
-2
-1
3
-26
60
4
23
36
-12
-5
-10
18
34
57
71
-25
37
8
35
45
22
37
48
83
33
43
2
83
42
43
20
56
-18
96
41
26
42
32
65
26
-2
10
9
12
-2
40
34
44
43
76
-7
26
-27
-2
6
34
-6
23
26
26
21
25
35
34
70
0
33
61
16
24
16
48
50
37
43
6
0
33
33
26
55
44
-2
59
26
20
49
24
20
38
34
21
27
39
56
48
35
4
43
19
37
32
27
19
93
-7
35
8
38
55
41
36
29
40
43
4
51
65
6
59
36
21
22
-4
-11
65
42
35
13
37
11
17
36
53
48
17
33
49
64
4
41
64
36
55
36
23
44
26
17
23
23
54
13
32
60
68
71
55
22
51
38
28
10
24
45
2
48
-2
53
55
27
33
41
44
-36
92
18
28
34
50
20
51
57
12
41
18
33
21
32
42
7
11
29
1
17
51
51
27
32
33
59
11
34
87
24
53
18
11
36
33
72
20
54
21
43
32
24
40
41
35
68
17
-21
21
-8
41
0
55
19
29
49
45
7
27
4
54
11
51
-6
4
64
70
40
60
27
-3
45
55
53
66
42
45
36
34
35
10
21
51
17
27
7
71
19
-1
3
52
39
-7
51
16
86
26
-5
-37
38
28
80
25
65
36
17
5
59
-5
68
39
21
8
9
22
21
38
12
27
60
35
37
58
17
44
9
21
23
48
42
23
54
52
11
9
48
10
-11
22
19
55
22
64
34
33
11
23
36
29
54
1
49
20
32
48
7
8
37
26
10
81
50
19
21
72
23
54
23
53
43
33
49
-7
8
42
12
22
37
17
33
45
50
40
39
41
24
58
10
27
66
32
42
-1
56
-5
74
7
12
38
17
16
18
38
22
29
4
27
32
6
81
18
39
44
-25
45
28
-2
88
4
-8
12
71
55
48
54
12
34
12
16
20
35
90
34
-9
68
5
42
19
12
29
50
39
39
28
41
22
50
36
67
23
-2
20
34
2
8
16
12
21
53
11
36
18
21
45
27
27
73
11
55
7
24
39
49
13
20
23
33
48
7
33
36
39
40
-7
75
64
33
35
38
68
4
9
37
43
3
22
-5
3
9
26
55
51
9
39
19
60
32
7
-7
26
41
41
45
8
-17
89
41
-7
49
53
40
40
43
38
39
36
-7
38
51
57
44
49
26
42
9
41
35
6
54
13
21
64
19
36
17
17
9
3
26
29
29
40
23
-10
26
28
9
43
20
57
17
104
32
48
13
-10
54
27
7
27
21
-10
38
29
101
23
49
42
33
39
-6
8
-19
41
37
37
18
0
68
8
16
11
16
23
-8
44
37
40
-9
25
9
27
35
23
29
37
60
51
75
10
44
7
35
16
32
49
39
27
36
51
13
28
41
41
8
65
23
-10
21
25
12
41
-9
20
37
51
-12
32
42
9
54
37
49
33
34
16
6
58
33
45
9