0
82
28
64
70
7
35
35
53
68
22
26
35
39
17
43
0
11
26
23
84
146
227
197
38
9
-142
-115
-101
-87
-61
-86
23
21
3
19
52
58
52
49
44
24
-6
44
40
42
75
19
19
27
5
17
44
36
18
12
45
36
96
48
44
43
91
-18
43
26
35
48
25
42
4
21
11
0
72
64
57
16
39
-4
33
40
6
45
44
-2
42
40
12
7
70
38
11
38
35
23
27
-22
66
-7
26
55
50
44
53
48
-10
33
33
96
133
231
155
141
55
-84
-122
-126
-103
-102
-17
69
8
48
24
54
55
-10
57
22
58
7
23
-18
26
-1
-9
36
51
35
11
60
52
35
42
33
40
37
49
19
27
36
29
-2
45
60
56
83
34
21
68
41
37
48
101
53
23
36
57
41
36
36
29
35
23
9
65
44
17
26
80
52
19
52
6
23
56
52
-6
33
53
51
-11
39
33
28
69
24
36
10
-11
5
35
39
25
-21
34
24
43
56
18
54
33
49
9
28
25
19
54
-18
3
36
68
57
28
114
105
169
156
149
38
-43
-58
-103
-110
-29
69
55
24
42
58
54
5
17
45
36
20
44
27
2
38
29
6
48
19
22
7
56
10
4
50
35
49
41
38
11
20
-8
2
53
33
70
22
36
35
56
39
28
3
52
51
49
53
-8
12
11
41
10
51
21
76
21
39
39
12
-4
44
33
-6
6
16
8
54
39
8
28
20
60
17
23
60
11
-3
38
16
16
18
21
54
41
36
21
35
19
38
20
58
100
138
237
178
69
-26
-138
-104
-97
-53
27
4
60
99
71
73
87
45
55
67
17
27
-27
-4
23
1
-6
21
34
-13
-12
13
28
33
42
33
49
40
28
52
-2
44
33
32
34
26
61
19
11
36
32
84
60
22
44
2
7
34
27
13
-6
37
38
1
49
43
71
77
21
53
48
37
35
65
58
18
21
49
53
9
28
64
48
52
16
34
-8
20
42
-1
13
17
50
-18
58
9
-2
67
25
73
0
22
9
6
34
84
60
129
113
165
173
155
54
66
-3
-25
-55
-118
-107
-99
-25
45
56
40
57
42
11
-19
48
41
8
49
49
36
29
36
28
26
66
-6
17
60
33
43
50
59
36
27
22
16
83
33
44
21
-5
23
26
-12
22
34
29
71
64
54
35
-2
38
65
9
10
48
8
26
27
6
25
48
44
12
81
10
25
65
-13
13
37
4
-3
17
49
39
51
41
23
12
19
9
69
35
41
23
11
28
21
-12
51
42
67
11
39
40
24
18
34
53
66
-35
26
26
27
58
28
36
84
51
12
56
32
32
8
53
43
119
65
26
5
2
17
-4
26
7
38
39
32
37
2
4
-1
65
49
-4
22
-3
28
53
8
36
49
-26
56
23
56
20
52
43
16
44
49
53
39
69
50
28
27
3
32
26
5
29
68
70
21
23
36
-3
7
29
21
86
28
54
19
12
36
65
74
64
26
-7
10
12
17
35
42
35
38
76
43
21
42
19
44
33
65
-43
54
32
55
-12
5
59
25
56
23
18
54
50
57
38
33
18
20
20
19
24
22
51
39
21
4
50
5
53
24
24
-19
17
26
42
28
21
39
48
13
22
69
50
64
23
146
145
155
155
144
-10
-107
-82
-42
-43
3
-41
-24
17
24
-6
43
1
20
3
16
17
38
-13
21
72
49
24
38
56
51
18
27
56
4
58
6
38
70
25
25
21
34
17
12
50
54
-18
5
49
42
41
23
48
40
12
52
-22
86
50
24
50
43
27
41
57
34
50
58
54
12
29
18
22
25
33
18
41
65
43
33
58
11
7
48
19
36
4
54
16
36
17
8
5
50
51
24
27
43
52
-2
23
40
29
32
20
40
40
39
6
33
44
26
49
34
18
52
55
32
18
22
41
26
68
16
53
33
32
37
18
29
9
12
48
73
36
24
16
37
33
16
8
43
21
24
83
28
3
33
32
32
-8
51
68
53
-2
80
28
28
17
42
49
43
42
16
32
11
22
35
39
33
18
33
11
43
39
57
10
58
87
49
36
9
-10
21
20
51
56
64
39
50
51
61
6
4
24
22
25
38
21
18
35
6
20
-6
68
18
34
19
9
54
74
26
3
42
41
61
28
41
24
67
34
7
68
-1
51
20
44
24
64
28
67
49
24
5
37
38
35
28
26
-18
25
32
-12
99
-8
32
65
69
43
20
8
23
4
36
53
26
37
27
59
13
58
37
49
49
28
55
28
2
61
75
59
33
12
39
11
-7
16
43
33
27
27
20
40
22
13
34
33
57
53
24
49
34
39
49
54
44
20
41
7
39
5
39
60
92
7
6
29
43
-10
44
59
44
48