0
8
12
19
67
41
17
43
60
50
32
44
12
42
26
-3
80
49
68
13
8
21
5
41
41
41
58
76
2
24
39
43
29
43
11
65
57
77
44
50
-4
84
107
3
4
-25
9
-13
-1
38
2
58
56
103
45
20
44
57
22
27
38
44
26
50
24
2
49
12
23
22
48
13
27
23
9
18
109
96
9
44
-1
26
-36
-25
17
50
58
39
8
73
6
55
16
38
19
34
70
75
124
12
12
-17
9
-18
-8
7
21
55
-19
71
42
44
-8
28
11
12
20
24
23
48
81
48
8
27
43
57
48
2
10
55
22
-4
-22
4
-7
50
8
39
7
56
53
22
40
42
59
9
26
49
17
-26
53
40
41
25
22
26
19
66
25
33
7
16
1
65
60
9
23
18
-3
27
55
42
71
60
39
41
2
36
70
59
-7
27
21
8
26
13
24
53
24
67
32
-30
59
51
-5
24
66
59
22
52
16
12
35
37
56
18
55
25
11
38
29
3
3
59
41
17
48
73
37
66
56
-8
50
60
70
21
44
-1
19
66
34
-9
76
34
-1
22
-1
25
38
38
84
97
11
22
33
68
44
-19
27
12
66
43
24
33
-26
89
35
35
34
11
32
49
40
54
13
50
50
2
16
5
7
38
64
77
161
50
6
-1
5
-11
-13
66
5
26
28
24
20
42
73
35
35
85
12
44
22
23
69
60
39
41
29
11
49
57
20
50
32
68
17
17
34
3
72
33
74
90
224
177
72
-56
-69
-58
-51
-34
2
90
-4
6
55
88
18
34
-2
-21
70
50
-11
65
19
5
77
17
17
0
93
42
6
66
48
43
20
-18
13
44
76
72
-6
17
9
19
22
40
75
38
13
59
41
50
19
28
-5
28
50
50
-7
51
80
-45
18
66
23
45
39
42
24
44
40
43
57
41
32
68
36
48
3
-8
16
-5
56
0
10
-6
54
20
7
54
17
18
19
33
18
40
37
33
60
52
48
44
91
57
22
32
-9
0
24
2
4
21
4
37
33
39
13
38
41
32
29
-1
53
43
20
32
2
43
77
74
21
29
-9
39
-18
145
67
281
141
467
747
1509
1123
779
547
387
229
-1277
-2048
-2048
-1948
-1358
-920
-419
-91
-101
-65
22
92
1
163
292
338
338
274
336
246
156
300
145
19
106
279
368
178
135
279
129
61
-114
18
32
105
235
146
-20
38
100
97
116
179
84
82
52
-2
168
72
27
90
104
72
34
13
-33
25
35
35
54
50
71
56
53
86
51
64
84
84
50
38
-2
13
49
10
29
50
16
12
26
67
52
68
40
105
34
92
87
84
64
-26
1
17
3
17
24
13
0
-19
-18
-60
26
-11
-18
-46
-14
35
-17
-8
41
57
48
33
42
44
48
39
101
56
53
6
-19
22
9
7
58
21
52
37
40
70
73
16
35
-46
4
0
13
36
77
69
41
-1
38
10
40
9
97
35
59
24
57
56
67
19
34
-28
18
7
81
57
80
20
44
-10
10
-5
39
33
56
60
68
52
27
22
53
68
11
5
-1
55
61
-26
48
20
6
32
12
51
40
19
27
65
2
20
18
67
5
16
59
-4
0
33
10
20
23
32
36
38
-6
32
49
26
16
35
40
97
49
40
52
38
5
-11
36
25
25
55
19
86
59
82
129
138
108
182
210
253
218
98
8
-156
-387
-423
-359
-205
-189
-10
-2
44
72
76
170
49
148
151
154
67
83
74
40
1
27
103
40
40
67
-4
72
121
88
59
69
20
21
11
18
27
-10
9
51
83
129
151
214
214
176
153
86
36
-34
-69
-70
-44
67
98
-78
-41
57
136
172
-9
10
-123
-198
-182
-106
-28
-49
103
68
24
49
49
-19
-145
96
100
89
88
55
35
37
100
-36
8
64
116
69
-54
-7
25
54
9
-41
64
92
97
43
59
85
160
129
118
28
-52
-83
27
-196
-28
-70
-57
-82
-71
-70
0
121
56
17
67
13
28
80
50
115
92
130
77
-2
36
-69
-17
60
43
37
35
12
58
149
129
218
129
23
-92
-89
-170
-72
-67
-39
25
92
90
61
60
57
96
20
-43
-1
-25
-1
13
5
-10
44
41
55
59
61
67
87
38
73
39
54
27
48
23
37
42
60
66
58
27
67
-1
28
-10
2
0
-9
-8
13
4
8
17
10
17
-13
25
29
65
55
51
17
36
35
74
-1
5
28
33
-8
11
20
19
10
24
25
20
9
2
42
5
44
10
19
50
-1
11
35
34
37
24
50
69
97
54
76
83
58
53
39
36
41
28
23
82
33
25
20
21
44
32
38
4
-13
-501
-673
-642
-100
248
317
375
280
545
818
1040
1000
-129
-641
-660
-438
-210
-41
17
273
436
376
257
176
380
657
781
659
499
281
84
-108
-200
-248
-308
-316
-269
-387
-577
-611