0
9
75
67
32
45
40
55
6
28
58
49
12
75
25
56
85
21
9
38
21
3
52
39
58
73
44
61
41
49
36
43
35
-11
59
26
55
7
-9
25
29
66
-2
44
168
258
211
104
-42
-99
-77
-65
-89
-59
-26
-4
51
-12
43
71
39
28
33
89
38
115
182
227
194
85
6
-85
-153
-101
-73
-13
1
54
7
50
-3
48
-5
32
-7
58
48
39
48
54
22
24
81
22
20
56
37
9
18
59
21
21
28
-8
32
-21
76
71
24
45
61
53
98
24
21
75
26
52
19
42
4
57
41
-20
16
-10
-24
71
41
77
20
39
50
10
27
37
27
35
54
35
42
72
18
2
25
23
28
24
-3
5
41
43
33
48
19
34
34
7
70
35
42
23
26
59
48
22
39
18
6
38
8
39
40
51
-5
75
43
39
-35
49
-8
51
36
44
53
59
36
26
24
42
34
40
72
58
43
51
11
-8
37
39
60
-38
37
3
32
66
71
26
38
25
27
80
-18
17
5
-4
25
10
69
-7
9
-7
22
10
-5
11
84
11
19
48
87
17
44
56
8
66
25
1
9
48
8
-12
71
57
16
35
90
18
73
65
17
41
43
96
10
-8
-1
42
-3
9
-12
-26
-5
-27
54
41
8
-33
-13
2
-28
32
49
68
65
55
69
56
34
-8
236
291
226
93
-39
-69
-131
-39
-18
-25
1
18
37
38
17
4
61
-24
64
42
21
29
87
42
53
-36
6
58
64
50
61
27
6
37
28
49
17
60
34
43
105
21
8
37
81
16
49
20
38
-29
26
58
48
80
19
34
-12
18
25
52
32
-1
58
59
81
38
32
2
11
38
41
77
37
22
42
48
-7
51
54
-45
23
24
-2
34
58
83
17
-14
75
22
58
54
70
74
17
74
116
100
118
109
10
-45
-41
-75
-13
-23
-12
37
60
42
53
67
51
64
38
43
50
51
42
54
26
28
4
84
60
35
75
64
0
29
71
65
43
17
38
49
1
64
16
-4
-9
33
55
39
12
17
128
134
181
10
9
-83
-60
-21
6
1
43
74
-17
74
103
70
7
-17
-12
-6
-10
71
70
67
100
34
-34
100
23
6
10
16
24
40
41
91
40
38
69
88
39
36
40
-40
23
-4
5
19
19
5
70
48
13
43
73
-4
0
-22
55
51
64
26
17
40
54
38
44
24
76
70
35
12
75
43
17
16
68
2
29
35
33
41
39
58
20
26
34
-18
20
16
64
56
3
21
43
41
81
0
66
64
34
4
24
43
70
12
2
58
32
58
49
25
22
6
12
96
24
-72
-36
-54
-38
33
55
6
11
37
12
16
-6
-11
-54
16
-20
41
114
196
194
45
17
-51
-52
4
-18
25
75
54
12
7
44
48
86
21
40
19
25
67
9
6
3
105
51
40
23
89
40
60
13
22
-10
70
58
-25
75
75
7
-19
4
37
45
-44
26
24
4
18
24
92
-5
26
-24
50
60
0
26
49
89
-26
19
5
36
16
93
85
-3
20
49
82
104
1
43
-36
21
138
20
-68
109
48
58
21
59
43
8
45
-29
1
29
26
52
26
28
6
-28
55
-33
-9
100
19
18
26
-22
42
59
1
-3
17
10
-27
27
16
3
41
-21
72
33
32
55
88
-27
-33
101
37
18
88
66
77
54
-6
53
-58
-9
3
116
4
56
26
-54
64
49
-6
-8
155
27
-11
80
1
81
44
11
-7
-17
121
90
19
-50
106
136
99
42
-19
-62
121
54
-2
8
121
50
32
75
19
6
88
38
40
-2
43
-18
19
41
26
11
36
53
55
0
113
82
59
37
-55
105
-14
49
5
52
6
58
-30
2
16
51
60
56
41
12
16
51
23
35
33
102
16
43
53
16
23
35
41
135
74
43
179
-6
1
12
0
38
85
-6
16
-5
23
39
50
4
23
91
16
39
39
50
11
-5
42
44
-2
40
23
8
23
27
97
19
27
28
65
-2
45
35
67
-17
90
71
32
16
10
81
7
25
41
58
7
24
10
-3
72
9
-34
89
17
24
27
16
72
22
42
58
51
43
27
6
7
56
42
-2
0
50
36
33
38
71
0
0
18
75
82
32
42
67
39
25
32
45
2
40
3
81
43
-28
11
85
13
-25
117
28
-8
49
96
34
72
25
43
-4
20
-26
45
-2
40
58
-13
12
-5
101
13
81
25
65
136
38
-33
43
51
-1
6
36
81
48
-5
32
57
105
-7
6
19
72
60
5
-44
20
9
26
51
8
-20
-4
70
29
12
-33
38
-20
84
38
25
12
8
33
165
77
162
201
218
146
91
91
64
35
72
38
-40
-83
-135
-125
-202
-359
-389
-328
-205
-34
73
57
128
139
163
161
177
148
165
134
40
17
107
71
81
71
49
131
37
45
65
-4
60
44
37
23
135