0
-5
-6
35
43
10
6
51
4
52
1
33
24
17
53
52
33
50
10
21
25
13
19
34
57
59
56
9
67
-6
65
19
9
67
7
36
40
37
33
12
5
18
71
28
22
41
6
40
35
2
52
23
50
11
23
37
35
21
18
23
45
40
52
27
37
2
43
49
37
35
24
40
38
-17
39
18
52
20
44
25
52
35
21
12
19
60
12
32
4
23
41
22
7
53
32
27
13
38
57
4
56
34
38
58
116
227
273
310
278
227
91
-41
-37
3
21
-22
26
53
-21
50
20
37
-13
-108
-109
-104
-119
-115
-43
-87
-77
-33
-46
-1
8
-12
50
73
88
25
22
28
70
13
38
27
-8
52
32
5
54
56
39
21
27
33
17
82
-7
58
20
36
21
8
1
54
44
69
-4
43
37
37
42
28
69
12
41
40
4
22
41
60
40
45
26
57
55
25
12
25
51
17
0
41
23
-9
3
-3
4
12
43
11
-18
0
-18
-38
21
-39
-27
-50
4
0
11
-12
17
26
129
93
86
75
45
104
60
84
99
39
37
0
48
28
24
21
3
24
5
58
18
24
37
73
24
80
38
49
22
23
35
66
54
36
76
28
57
39
34
19
7
86
9
5
58
19
26
22
3
18
20
57
49
6
24
32
56
40
43
18
59
11
52
9
27
29
37
26
57
-20
-12
41
50
35
39
67
26
-4
13
49
39
23
70
-3
37
20
27
56
12
26
21
57
35
19
27
42
13
37
42
45
18
58
10
32
25
45
32
38
11
2
40
36
40
19
61
74
36
11
24
1
23
-10
75
54
67
40
49
82
21
84
42
-18
28
-18
-34
-19
-18
23
64
59
75
48
19
65
44
58
7
38
40
52
27
44
16
12
83
73
29
44
-1
7
35
58
-10
10
-19
11
43
3
45
52
44
32
24
27
39
20
43
10
36
48
19
-11
33
57
20
45
38
42
76
37
24
34
21
28
49
4
33
28
56
75
41
6
-3
17
91
21
43
75
87
60
2
61
-6
32
50
25
81
25
21
52
2
26
26
24
21
28
18
49
22
54
40
-25
23
-14
-5
-9
-5
35
35
54
58
-4
35
70
43
39
76
67
57
53
74
132
80
60
25
7
-11
56
70
5
56
44
27
17
18
56
-7
64
51
32
41
60
74
76
21
28
-1
32
56
44
50
9
25
8
26
39
3
19
-8
52
0
23
41
50
45
41
40
58
57
73
58
10
51
34
17
32
-19
72
-21
20
26
-5
42
35
36
-6
42
3
69
24
6
43
23
28
7
51
8
53
38
57
54
10
-9
11
39
34
20
40
23
29
21
36
40
69
83
130
133
122
148
106
-68
-102
-70
-59
-13
-30
7
-4
28
41
51
41
57
38
8
57
74
23
59
18
64
57
27
-24
64
8
41
24
26
84
54
-5
37
-3
-8
-20
35
40
24
22
33
97
34
29
65
34
66
37
21
12
66
73
-13
42
103
23
-41
12
-4
21
17
26
54
102
61
5
38
12
49
74
34
36
68
41
12
4
22
34
51
71
38
77
25
33
5
81
69
18
-7
18
39
32
-4
68
41
16
23
18
71
25
87
42
56
51
40
41
17
24
44
40
56
26
-10
-3
-93
42
113
23
7
50
-33
-62
1
2
64
34
-5
3
-21
55
36
33
61
71
49
6
43
55
53
83
34
28
80
49
61
73
54
66
4
6
-13
48
21
16
66
-2
10
10
41
24
2
42
59
83
56
-12
11
-21
43
-49
-8
45
3
39
-101
43
124
85
0
103
40
101
100
17
-40
35
12
98
183
138
6
10
24
4
177
112
-33
82
71
60
85
11
-82
-75
5
-60
-8
27
59
25
-8
36
-35
81
-11
-26
40
3
18
-18
-60
-120
-87
-70
-92
-182
-103
-42
32
55
50
-14
-12
-25
-24
68
71
65
96
117
56
70
108
80
17
51
2
-25
13
-19
4
48
92
-34
120
40
75
77
60
59
92
74
100
25
83
27
67
2
-8
35
-70
4
-12
-26
-5
10
42
48
71
50
57
74
59
64
23
39
8
65
-13
4
36
38
68
67
64
87
58
40
56
28
37
65
74
44
74
43
89
113
52
65
236
133
92
11
10
39
17
5
20
42
8
3
16
25
21
1
68
19
43
-12
18
-6
-9
56
51
108
101
186
150
120
29
-90
-68
-39
2
50
139
48
-9
-10
-54
-33
-51
-42
-41
-30
-38
-28
13
-4
10
65
39
84
56
58
52
64
113
92
43
61
18
38
20
48
60
66
20
68
101
64
89
61
166
219
180
202
106
248
36
3
-137
-178
-129
-45
-82
-75
-22
-11
24
2
66
25
-5
18
115
2
70
53
28
-3
1
-5
-33
11
-50
19
-36
-6
-4
-36
17
-10
-60
-68
0
27
0
72
75
48
65
-8