0
164
202
56
7
-43
-13
-219
-251
-363
-297
-167
-131
-53
17
33
77
130
145
89
92
103
88
101
44
50
92
90
43
57
18
24
-4
50
55
61
16
67
1
-6
84
72
55
11
39
20
10
56
29
74
58
8
59
64
19
33
70
17
65
-5
-2
24
75
1
-2
29
-6
38
54
53
40
83
16
57
38
103
165
198
337
227
58
-114
-182
-261
-113
-113
-72
-35
-35
4
7
0
82
43
76
48
72
70
65
53
37
-4
26
69
16
10
50
22
72
0
-41
-17
32
21
10
10
51
48
11
-7
70
41
57
34
84
41
50
56
59
2
21
37
-13
24
48
20
57
-21
66
-33
119
106
2
29
26
34
-4
6
4
25
51
56
40
-6
61
-33
-23
97
164
128
-8
-5
-45
-34
2
10
-17
55
24
1
52
93
34
44
56
12
8
22
36
37
54
32
22
5
1
80
34
48
0
22
17
86
-3
17
-3
85
60
53
-3
-4
-4
43
35
2
0
56
52
36
-3
22
24
56
26
65
20
24
26
34
71
19
-3
37
38
59
41
39
59
69
39
12
51
-4
55
73
53
40
39
65
17
18
-50
26
-2
58
67
19
56
53
72
13
34
64
69
-5
-9
3
-23
25
25
64
41
12
27
-9
34
37
34
24
27
2
43
86
43
32
8
28
4
53
51
-24
16
20
40
17
-30
60
55
-4
64
91
32
50
40
49
83
75
144
84
155
12
-116
-116
-41
7
49
57
49
67
56
-1
4
7
5
18
-10
17
-20
24
-24
17
32
10
50
39
91
22
28
18
76
26
22
17
106
24
48
2
19
50
64
-21
45
28
19
42
57
41
28
35
-2
41
23
57
-1
40
84
60
70
-20
5
18
45
8
53
36
57
56
0
21
35
54
20
24
48
40
-8
7
-2
13
26
12
90
36
37
22
13
23
-17
5
37
-6
44
18
20
74
56
38
28
28
23
58
17
-1
73
72
64
48
26
40
-2
38
40
65
33
27
7
3
22
-10
18
39
28
24
64
27
64
41
19
8
26
17
34
40
28
33
28
39
42
38
43
7
18
60
12
42
-5
35
66
54
68
37
38
28
6
69
34
7
26
57
40
11
26
18
66
72
70
66
2
10
-10
-26
7
44
0
55
33
21
33
7
39
-21
68
70
36
20
-10
88
51
65
66
33
19
53
-20
11
52
49
34
58
56
-22
3
-38
-5
34
86
55
96
21
83
19
28
-14
27
93
-2
89
83
16
13
35
-4
7
20
81
64
60
42
48
4
56
54
42
24
38
58
29
36
51
9
21
4
64
28
16
18
10
12
60
23
55
35
21
61
18
21
16
25
10
28
41
33
49
-25
61
-8
11
-23
6
2
-30
60
64
54
50
52
93
28
52
26
19
13
41
18
5
28
32
44
51
43
38
11
10
43
51
37
0
69
91
65
33
9
16
35
59
50
8
48
60
1
60
35
3
27
-13
-22
4
12
13
52
57
29
26
96
27
49
57
87
-34
-3
8
22
53
-4
50
59
39
65
58
25
12
0
45
48
88
6
44
59
51
3
18
25
36
4
34
34
44
73
-4
53
-4
26
19
6
103
41
37
23
64
5
-7
28
50
1
19
66
64
147
28
33
21
-28
8
-3
-20
41
-2
43
-10
49
5
33
-23
19
12
33
37
58
74
41
36
50
8
2
18
-25
17
49
65
25
11
-8
65
41
20
6
68
5
83
40
71
56
27
43
59
43
34
38
39
45
56
6
70
9
-7
39
8
40
4
89
-1
4
4
41
-21
33
54
-18
1
3
4
24
41
35
26
13
29
5
-3
27
-8
48
50
42
76
85
27
55
21
27
64
97
4
-13
-11
36
36
35
12
25
18
25
24
16
27
4
23
75
54
33
28
83
27
-5
104
74
18
20
53
17
34
32
32
40
48
41
60
35
60
33
70
10
58
18
9
8
20
44
20
18
57
33
53
68
7
18
24
34
52
28
-19
4
68
-19
83
84
26
18
-5
10
18
9
22
-3
41
42
59
98
24
-8
72
29
58
51
4
64
-19
17
1
45
51
22
8
21
18
23
65
57
24
26
-8
0
-7
29
43
48
-1
2
91
35
11
48
51
12
59
27
70
33
20
41
43
90
48
27
-5
-27
-19
19
9
1
40
131
72
53
64
33
58
41
68
66
17
-20
69
-12
88
27
57
43
17
4
38
21
9
11
-5
5
57
33
-12
51
1
44
7
-3
40
38
52
32
45
26
73
1
49
57
53
25
43
-3
27
48
10
3
-27
-10
39
56
-22
114
172
76
11
-7
-71
51
37
24
58
44
7
1
57
25
49
103
18
34
71
36
20
23
34
52
0
88
21
20
26
11
39
-14
32
-3
52
22
17
28
37
81
140
167
131