0
-2
40
21
0
42
21
39
13
49
42
55
69
43
21
25
17
-10
57
3
64
-5
25
-29
28
26
72
4
27
44
18
32
70
25
20
45
25
11
48
37
11
36
19
57
39
0
49
9
32
6
84
54
-7
-8
37
37
22
55
4
-20
59
56
38
21
39
36
16
24
23
29
50
56
70
54
12
12
9
27
23
22
21
48
40
16
21
-9
89
22
23
-20
6
6
24
48
70
61
22
1
17
32
70
36
0
2
34
32
2
67
32
40
43
33
11
-11
41
28
32
39
40
50
44
2
32
48
57
18
72
19
66
56
16
25
17
21
9
60
35
18
9
7
10
82
39
40
43
7
6
19
18
93
26
74
7
37
16
18
42
-43
50
24
18
9
24
39
40
55
52
-17
22
50
81
26
17
8
40
-9
22
-1
57
65
9
37
50
57
38
7
5
22
6
26
7
-5
51
45
75
18
36
23
4
33
66
55
2
36
26
-9
39
27
74
29
70
-11
45
4
59
29
44
16
67
40
36
32
66
18
48
17
61
28
50
49
50
82
10
-10
-1
48
33
6
37
50
38
20
-5
26
-19
80
3
66
12
39
17
-10
22
16
60
-4
51
25
67
56
25
6
17
38
44
23
19
37
34
51
55
5
19
54
37
9
55
59
1
39
-3
40
22
57
68
-13
50
9
3
18
27
20
8
73
19
-34
48
-2
43
37
19
38
27
5
100
55
66
17
37
-19
-7
53
55
68
50
55
81
5
22
40
35
39
18
29
45
16
42
17
60
5
43
53
-9
56
72
55
51
-27
18
34
39
0
57
33
48
34
44
11
45
66
17
34
3
89
65
32
56
39
37
-4
50
68
0
-7
-29
10
43
33
32
13
22
8
1
54
32
2
58
59
13
60
43
50
91
17
104
64
65
114
-3
103
57
83
53
92
-23
86
45
-18
-17
18
3
18
-21
-3
7
56
52
52
-6
21
48
91
49
45
7
-17
41
-67
-38
8
2
-85
-7
3
39
67
-55
145
105
64
64
-12
-62
-69
33
17
67
48
23
73
21
12
-25
53
42
20
36
167
73
73
5
-18
27
32
43
43
76
76
-25
73
3
33
74
17
48
56
84
59
44
35
25
68
69
87
41
86
24
42
76
32
82
82
73
-125
-34
11
64
26
44
23
8
25
8
17
39
-6
-17
96
27
28
34
38
11
22
151
140
21
33
-12
12
56
27
53
18
43
53
53
11
36
-7
28
1
-25
54
21
39
39
83
101
33
58
49
67
20
33
-11
24
19
-5
-49
25
70
53
38
42
50
44
58
51
17
20
76
33
35
-19
-4
20
51
12
4
64
44
28
42
-1
27
52
-24
4
73
53
59
103
5
-23
25
73
22
10
11
25
2
49
43
55
38
66
67
27
35
-6
20
19
50
34
38
34
9
11
40
53
18
1
68
43
85
24
9
36
10
56
67
2
75
12
26
68
11
-9
16
29
11
85
70
54
57
-1
-29
66
37
80
26
96
84
18
134
155
194
194
130
101
104
32
-36
-115
-198
-315
-360
-324
-211
-140
-36
8
37
112
113
112
108
130
90
109
85
73
100
92
72
37
39
37
48
96
33
25
32
32
-19
38
56
6
74
16
17
23
25
17
-12
-5
-1
48
48
36
52
76
51
105
164
156
112
-34
-70
-99
-49
-27
-23
38
29
21
41
4
85
180
164
26
-109
-98
-116
-10
-5
10
84
52
54
34
32
12
39
10
2
18
26
11
21
34
20
44
55
29
18
64
24
53
45
18
60
3
5
40
10
33
49
22
3
-3
-10
45
21
53
11
23
32
20
77
148
209
156
44
-74
-76
-28
-87
-50
24
39
32
48
39
27
-5
-11
40
32
13
18
55
26
58
26
50
28
7
57
32
7
64
50
29
33
34
28
5
38
35
25
40
-5
8
-2
-5
99
25
36
-22
12
28
22
19
56
21
33
51
34
51
12
21
38
59
52
43
33
38
11
26
74
19
65
81
48
160
90
32
-25
-25
-5
-36
25
2
40
24
99
144
149
82
-13
-61
-49
2
-60
-69
37
-8
49
74
50
28
44
60
17
9
38
28
37
56
56
64
19
43
-5
23
0
9
65
16
80
67
28
26
16
26
13
8
7
41
104
155
213
117
-22
-102
-71
-2
-1
49
56
49
19
24
3
-25
6
24
6
2
53
26
41
28
21
28
33
28
33
61
75
24
80
-1
4
10
-28
49
7
1
24
1
2
21
34
38
76
44
43
75
82
40
33
9
-3
35
10
-45
36
32
17
25
11
7
58
34
52
34
20
11
41
36
53
34
53
39
42
41
32
71
44
25
41
-21
52
53
-18
23
37
8
25
55
9
42
39
-14
57
22
77
44
36
42
25
35
11
17
51
35