0
24
56
69
44
56
20
16
-4
-3
59
11
60
42
38
27
-10
9
13
28
11
64
54
50
35
35
11
-17
-2
28
50
10
11
28
92
1
32
21
26
27
29
51
11
-20
-34
33
18
41
22
-7
4
36
70
65
42
73
6
42
26
56
25
49
2
52
21
24
106
50
4
41
-17
-28
101
97
68
27
-11
6
-21
35
-7
26
66
36
21
27
18
60
8
43
26
11
48
35
66
41
27
40
5
8
51
25
57
40
34
4
50
12
32
-4
36
11
25
11
81
32
55
1
-8
33
58
49
93
57
1
-40
-42
-40
45
59
75
25
75
27
60
19
27
19
-1
72
44
34
40
48
53
2
6
8
10
23
40
34
57
19
29
60
55
26
23
39
39
76
44
23
48
-1
9
-1
92
48
65
54
-7
41
-5
45
44
50
49
52
16
26
19
27
54
57
66
-3
-38
4
25
23
6
18
33
61
-1
49
4
11
37
53
45
-13
59
44
25
52
36
51
41
36
73
64
16
-1
5
33
58
26
48
4
43
77
23
42
1
50
34
48
37
42
64
39
52
3
8
16
-2
-22
21
28
60
58
0
0
70
20
21
44
39
28
19
67
-9
28
5
54
21
22
51
1
40
36
4
18
35
51
57
34
38
58
-26
36
40
23
38
66
26
16
32
88
57
32
26
43
34
0
44
28
59
69
112
113
72
-1
12
2
3
4
34
22
42
73
13
5
16
40
67
49
-13
26
90
5
3
16
-17
18
56
13
55
39
13
7
26
42
69
9
35
25
41
7
28
36
39
57
86
152
34
-45
-38
-3
8
20
40
24
84
86
-2
26
2
57
-10
20
25
54
4
1
37
43
51
51
44
41
4
52
38
42
37
9
35
9
24
24
-20
73
64
12
51
32
24
1
92
44
33
3
36
-3
-33
-13
25
11
13
24
42
-6
61
41
77
52
36
27
37
36
10
41
19
29
41
50
68
41
12
27
53
56
22
51
43
9
48
50
28
28
105
65
20
22
70
112
166
131
183
97
19
-7
-146
-97
-49
24
34
34
10
16
-14
-12
19
17
44
41
6
16
38
-66
38
52
44
18
69
80
58
41
50
42
17
44
51
28
64
-4
33
44
36
12
20
18
59
44
27
50
18
-11
37
115
25
4
55
32
5
49
6
12
61
17
8
56
42
21
3
54
28
19
66
0
37
17
35
51
35
48
7
69
29
50
32
7
28
41
20
40
11
42
147
171
163
157
146
128
169
74
82
75
108
54
41
50
52
26
82
43
32
-7
53
37
21
44
4
-28
20
5
44
37
36
37
10
-17
22
16
70
19
19
2
-3
-7
-26
-5
8
24
3
-86
-98
-93
-114
-72
-43
-60
-55
-27
-4
27
11
9
42
-5
66
24
39
35
23
56
50
87
49
20
18
54
45
36
54
56
113
56
150
144
105
97
28
-102
-66
-113
-10
-54
-17
21
9
29
11
42
5
91
69
70
114
23
-22
28
49
18
16
44
74
12
5
2
33
37
8
22
58
96
65
40
85
33
48
24
2
74
34
19
38
42
11
40
29
51
53
52
-9
39
21
18
49
50
58
81
61
22
54
37
40
45
-9
52
35
-4
106
161
176
-17
4
-20
-39
-11
18
29
65
32
16
58
19
4
-33
67
52
73
56
36
21
33
37
43
-11
72
25
0
37
44
28
61
-11
18
-21
16
12
65
38
64
49
39
59
41
48
68
114
24
91
-44
-30
21
45
53
37
45
17
53
99
53
29
-13
41
8
19
44
59
26
11
38
35
21
52
74
8
48
35
49
20
73
34
34
18
-13
37
37
69
34
21
1
0
7
29
22
20
26
73
52
16
98
-33
7
-8
112
29
8
-52
-9
7
83
48
35
42
103
-2
2
-17
8
56
7
123
21
-20
179
39
48
16
-7
-52
27
5
39
-7
72
29
43
-11
72
49
16
-5
52
65
96
49
9
22
-9
7
36
32
2
-13
69
28
58
59
49
36
51
-18
172
133
96
16
-26
3
16
13
58
44
4
70
54
44
2
43
29
34
0
26
25
13
20
56
34
58
66
10
23
10
27
19
27
33
19
22
-7
33
26
64
58
39
2
40
2
40
43
66
-2
57
5
53
64
-7
8
24
67
19
-26
57
60
44
12
17
2
2
65
16
-2
34
96
32
11
11
26
21
8
39
53
36
12
0
43
11
48
28
21
7
71
34
48
40
33
54
25
24
60
-22
52
55
36
38
65
52
52
51
3
60
57
74
19
28
-17
27
70
9
-21
11
60
64
97
48
22
21
64
13
16
52
33
67
-5
53
28
26
28
29
4
16
39
35
39
26
19
5
3
59
43
57
44
10
60
84
4
43
44
25
16
17
26
28
-10