0
54
28
38
51
24
-1
29
16
59
26
28
29
-2
49
-6
52
25
64
51
42
23
51
17
-3
-9
20
12
54
34
23
11
51
6
3
52
49
27
40
17
40
37
53
32
38
58
23
68
-2
53
40
40
-6
75
36
26
-9
67
114
39
34
50
0
-2
64
60
43
36
53
49
34
42
45
105
36
32
28
10
35
0
41
52
66
52
39
21
24
25
44
6
61
28
7
-21
43
22
34
42
35
70
32
9
-12
35
66
18
40
32
11
42
2
29
4
3
25
57
17
36
60
55
9
25
44
52
10
18
33
7
58
22
61
-12
18
-12
2
17
49
32
-2
10
12
-11
64
59
3
61
28
25
2
50
43
27
51
34
24
38
39
22
16
59
27
33
51
-11
68
28
49
0
40
69
89
67
11
-2
-18
-4
4
28
36
35
18
36
56
54
70
50
72
50
17
11
19
39
10
37
1
18
65
37
-5
20
65
17
23
39
69
26
28
38
64
12
88
-10
9
32
-2
50
48
-8
4
37
52
10
9
-41
-10
37
32
39
54
71
-22
-5
-2
58
38
-7
73
27
32
57
5
28
49
68
74
72
1
11
53
27
53
56
28
37
25
60
24
-18
35
43
19
33
32
36
-4
-4
42
6
58
25
22
35
29
-11
96
38
59
54
11
10
-5
54
54
28
67
41
13
24
-33
76
-6
18
12
50
26
22
34
39
28
52
40
25
58
17
18
-1
24
56
56
-4
32
39
3
58
36
18
27
11
5
23
26
21
85
86
40
37
34
-6
49
71
34
21
38
53
16
70
12
37
52
37
44
65
44
70
82
39
21
96
64
43
25
38
33
33
57
40
-14
20
148
16
2
10
27
5
25
40
25
50
66
-22
60
37
73
-11
23
41
20
12
27
59
65
44
45
18
4
1
22
21
3
0
48
25
44
3
21
32
28
-6
-9
45
1
55
42
24
37
-35
35
50
53
67
8
21
32
25
60
44
32
60
34
48
3
72
19
-21
66
68
21
2
3
-8
27
75
70
16
49
-18
44
43
50
36
19
7
22
19
5
41
44
18
36
20
3
22
35
48
73
28
26
7
81
34
16
40
68
3
9
55
33
38
-1
22
11
69
37
40
17
54
-1
84
35
4
-2
42
36
50
24
56
24
43
36
52
-4
55
59
0
58
39
7
4
-3
66
38
11
23
24
50
3
51
54
65
60
5
27
68
102
48
28
55
25
18
1
42
-7
26
36
-7
36
19
-1
48
19
117
33
59
-4
11
-20
38
-20
23
13
26
24
4
67
24
23
3
-7
35
40
54
11
49
54
19
45
40
25
52
34
59
84
49
32
33
45
61
44
36
80
2
40
13
83
45
25
29
-7
53
58
11
42
34
48
4
42
0
71
41
36
25
-5
77
9
60
33
40
20
67
26
48
23
55
38
-36
73
-20
38
11
40
42
27
27
51
24
49
54
34
27
36
-2
97
26
21
19
7
49
50
35
-7
17
10
92
12
68
32
49
34
67
-7
23
6
20
69
28
38
34
-17
53
64
12
37
39
12
33
8
34
7
65
1
34
17
90
-1
54
2
-6
26
11
34
9
43
28
43
22
57
-30
50
24
61
70
0
21
54
13
109
-1
54
-7
29
11
-3
16
98
39
49
48
58
43
55
16
19
-1
16
11
40
12
58
10
-10
32
22
48
16
83
18
44
28
6
12
37
33
35
16
67
50
45
20
72
5
42
17
0
22
7
36
61
39
4
27
-12
-5
-36
20
64
41
42
-9
21
52
-1
43
69
60
-1
20
45
82
8
4
33
49
65
21
70
34
35
85
38
68
83
65
41
21
25
6
11
32
66
27
34
51
59
55
37
54
17
39
41
54
25
34
32
36
54
1
11
64
11
24
11
22
11
70
54
-11
38
39
36
16
43
49
72
37
27
28
3
25
39
60
36
8
7
26
0
42
53
16
29
33
-18
-61
7
32
2
32
24
3
97
37
24
3
55
40
8
45
61
19
27
72
1
24
28
44
3
2
43
32
32
70
5
0
21
36
18
39
45
20
36
41
59
114
49
20
65
-3
-88
-2
-21
-27
66
43
33
51
26
66
7
57
2
66
40
55
89
84
4
43
48
43
39
5
2
61
45
66
36
59
23
3
45
23
19
12
49
18
20
38
83
41
42
36
57
-3
16
9
71
37
22
80
16
32
26
9
51
-18
64
35
3
66
53
53
51
6
34
39
12
23
-10
61
49
42
43
50
92
9
48
37
136
10
6
60
-4
45
66
60
32
22
70
25
40
-6
-42
38
16
7
90
80
5
81
-10
2
128
34
40
21
39
40
65
68
13
66
8
11
41
-21
-25
60
66
-53
4
-59