0
-12
64
67
67
34
155
161
201
201
182
152
86
17
-41
-9
-44
-78
-104
-97
-20
-1
1
-18
-72
-45
22
-2
-59
-23
-33
-53
-33
-85
-82
-189
-227
-197
-132
-61
-23
91
146
146
172
186
171
141
177
128
70
99
81
71
86
72
58
74
96
41
36
73
60
59
21
6
20
-21
26
19
-62
-37
40
71
-49
34
-1
-7
91
1
-12
60
74
55
23
58
-45
19
123
40
19
73
-1
40
117
-29
26
106
83
-25
74
80
18
50
104
51
230
205
215
-12
-70
-152
-58
-68
-52
-21
0
45
9
26
13
27
-4
28
27
36
66
24
68
68
10
43
-42
112
40
50
27
34
35
27
96
9
-2
-3
28
39
92
49
65
108
203
68
-36
-106
-93
-85
37
180
166
180
-20
-115
-184
-65
-23
9
24
-4
54
18
64
7
40
19
41
68
2
-2
19
-7
64
53
25
-3
72
22
102
26
25
52
42
29
39
35
20
2
53
88
84
58
75
12
25
53
69
21
34
11
35
-35
34
100
24
37
64
17
26
64
-18
51
-18
32
-18
12
6
-51
121
2
7
-6
18
53
5
53
-4
56
55
54
37
12
44
16
12
38
32
5
54
26
-4
45
44
18
54
27
54
4
24
32
57
27
11
26
27
57
33
35
27
35
35
77
54
73
19
35
19
41
52
-2
50
-2
154
181
264
205
45
-77
-133
-132
-129
-25
20
11
-61
19
57
27
19
16
-7
45
50
74
-40
24
-27
109
37
28
1
43
37
52
37
48
48
58
38
22
56
-11
55
65
52
70
26
5
69
34
20
82
39
44
22
72
81
12
40
12
26
-5
23
21
24
35
69
6
37
6
37
12
43
16
-1
9
67
44
-41
50
56
49
57
35
16
90
48
33
27
-6
-9
-7
48
37
35
52
26
84
49
113
73
10
13
48
96
20
16
11
33
17
45
-6
23
-3
77
60
4
-3
7
28
25
34
41
81
22
69
32
0
42
6
7
9
27
55
20
43
-3
-20
35
50
1
51
57
40
-3
40
77
82
28
25
50
37
19
38
19
69
13
52
26
43
28
64
69
49
53
49
10
-17
4
21
26
64
11
54
-4
2
90
-9
26
23
64
44
36
25
51
10
64
100
-35
48
52
-10
54
17
44
39
58
-20
65
40
60
32
-12
13
67
35
45
59
73
74
39
16
16
-9
8
39
54
51
21
5
50
21
8
34
12
56
45
23
24
52
42
23
22
10
16
76
12
39
28
12
-1
-28
32
40
-25
8
61
6
76
27
-7
0
18
-18
5
2
51
23
39
45
12
52
51
66
48
12
92
4
56
-34
37
49
68
21
7
35
-33
97
57
-5
53
8
-22
22
9
57
26
60
0
19
39
-20
48
33
-17
65
42
2
55
74
29
12
18
69
21
-4
34
8
84
21
-23
60
54
80
54
64
67
24
22
-36
13
36
-56
35
65
57
-11
55
25
45
10
24
52
21
43
28
56
17
59
5
34
37
-9
9
81
10
21
73
32
44
1
-10
43
35
37
11
12
0
-19
11
38
12
32
87
18
48
11
55
23
4
45
60
25
35
-30
51
-21
73
69
66
7
28
36
60
-8
34
43
45
10
21
44
36
36
87
16
36
-6
51
-9
36
45
16
21
53
51
60
49
57
33
93
-3
24
54
22
12
36
22
19
33
36
23
5
10
-7
10
34
-21
19
23
41
39
49
54
6
6
60
23
22
27
42
32
20
75
4
84
2
61
2
-12
37
92
56
73
-38
16
29
67
25
53
33
25
19
25
96
-7
45
41
41
16
23
16
55
-5
13
25
25
58
-3
-1
80
-4
17
49
12
70
5
64
9
66
4
38
43
21
53
-2
5
-36
-17
-18
88
57
13
10
69
58
35
58
5
-3
68
76
23
57
-56
35
52
59
29
38
2
-9
-21
28
7
20
52
7
34
39
57
3
24
-17
66
21
16
61
37
51
32
1
33
28
-4
20
25
18
83
60
88
-10
21
-1
-7
27
43
42
45
19
92
19
51
-5
76
-18
49
1
52
28
67
32
34
18
72
22
81
-26
34
96
-53
89
80
-7
45
32
64
-2
55
27
75
1
17
2
71
-1
65
64
88
22
11
27
59
6
67
-2
37
25
51
53
12
76
13
28
40
11
51
16
54
36
36
55
27
11
41
43
2
7
37
-50
83
40
-18
32
44
69
-18
42
4
21
89
43
23
53
-18
57
48
12
26
54
-18
-5
27
59
56
-5
51
69
72
20
36
72
49
29
-4
129
2
25
10
8
45
68
39
36
9
-8
42
53
34
42
18
11
9
25
52
41
28
42
10
50
3
-18
34
-10
73
23
25
0
75
55
17
29
18
41
22
11
7
55
35
86
39
8
7
9
52
51
-1
82
23
18
-10
73
74