0
48
32
18
16
28
74
42
27
-4
25
35
2
28
89
48
44
48
35
10
16
101
11
33
-25
37
1
51
37
-28
50
53
49
4
38
37
21
56
108
161
193
81
1
-99
-88
-77
-25
-10
-35
82
-2
42
50
65
12
23
12
20
41
39
-3
-3
68
34
16
-8
36
20
69
61
61
25
44
44
27
53
55
-22
71
11
32
69
57
5
34
22
6
37
-12
68
32
56
17
6
90
9
38
33
38
4
-6
36
33
21
16
11
86
35
57
33
53
57
16
17
0
24
22
5
61
7
1
29
67
1
48
27
41
-6
23
6
9
18
8
29
40
33
21
82
32
28
80
53
80
19
28
26
27
34
24
34
-20
60
51
89
83
11
82
26
68
5
53
18
16
28
-29
34
42
26
-3
5
83
64
1
-7
32
29
35
0
23
56
7
58
6
50
89
5
24
43
23
44
8
11
53
59
40
-20
18
18
70
3
51
19
60
-36
50
-2
28
17
68
39
12
59
37
53
42
36
39
28
54
18
10
55
65
48
28
85
-10
88
54
67
20
72
44
-27
18
-24
-10
26
39
66
26
85
128
114
76
68
21
-10
-94
-73
-8
-7
74
107
51
73
66
10
-23
11
-33
33
-6
5
-1
33
84
20
22
22
27
11
36
-3
44
27
48
18
37
40
87
56
23
54
88
50
58
67
56
26
27
-3
28
12
32
25
27
37
27
17
91
9
64
89
60
45
-5
4
24
8
70
55
24
65
43
38
58
57
20
5
-13
7
4
37
4
51
6
1
0
66
35
65
39
40
2
24
29
22
56
18
40
50
59
10
6
25
21
18
33
-6
59
16
43
18
28
17
9
40
36
3
-10
36
38
70
16
12
17
33
18
33
9
32
5
43
49
35
29
28
37
37
97
33
16
42
23
26
11
36
50
18
18
25
54
43
24
23
1
21
22
16
56
54
12
5
50
22
48
21
28
1
20
18
-3
38
27
13
10
40
20
-12
26
20
66
21
38
19
43
0
37
33
101
23
35
-1
25
23
72
43
51
28
44
12
41
51
53
42
43
28
34
36
4
23
51
53
4
26
73
-8
-4
68
48
53
50
4
44
42
54
12
65
21
40
34
6
26
11
10
-20
-8
11
35
11
52
6
70
44
-35
21
0
38
43
83
48
29
56
67
-11
67
27
48
36
49
39
32
9
9
1
53
55
69
61
40
39
89
51
2
21
53
66
32
54
35
29
137
60
-36
-13
-18
-26
29
21
-21
54
40
37
48
3
34
100
81
3
22
34
38
66
68
21
32
18
52
8
53
28
34
21
25
82
-1
25
55
48
7
32
49
17
52
50
50
26
34
59
25
13
45
40
44
37
20
28
69
7
23
37
-13
35
49
9
40
34
16
50
81
11
27
56
22
53
0
13
70
26
-19
72
58
25
-3
56
25
41
43
42
49
-29
32
36
23
19
5
53
26
17
35
-5
34
-7
80
7
43
28
68
-1
57
10
33
24
24
8
-3
-6
53
50
9
40
29
25
45
25
49
55
-11
40
11
32
53
85
13
-37
34
66
37
55
25
40
26
41
13
39
44
57
57
16
22
48
21
55
29
25
59
11
33
52
35
42
9
49
18
68
22
67
36
-13
39
-7
33
48
11
16
35
20
26
69
51
40
49
48
48
26
39
21
32
45
23
26
28
16
44
41
26
51
24
0
58
8
22
37
6
26
-8
11
64
17
71
42
52
38
2
17
25
69
11
45
54
54
53
36
7
76
37
29
18
20
44
65
35
35
22
32
39
5
37
-4
-13
10
61
20
-8
8
20
29
40
44
71
37
73
-3
-1
37
36
43
58
71
58
66
36
51
60
9
5
45
56
20
71
5
19
35
16
26
71
92
55
73
48
49
74
19
26
33
8
2
39
-1
-12
9
-19
-7
-19
7
-1
42
-5
66
32
68
18
18
20
103
35
18
66
29
44
10
13
67
50
59
52
-9
33
50
12
18
12
12
-5
35
40
69
69
50
19
-14
50
35
11
49
77
129
88
59
-1
-38
-29
-76
-98
-60
-99
-124
-90
-23
-75
64
8
-19
59
68
72
55
38
75
72
65
58
82
76
140
86
73
71
75
113
74
70
58
25
40
42
16
50
49
-14
39
18
2
49
18
50
35
40
40
-39
7
17
100
49
16
65
40
76
45
39
37
27
55
39
38
76
7
-17
-39
-7
35
23
82
-2
-12
5
26
-19
12
41
29
10
68
131
87
42
74
34
-3
18
-6
24
4
37
1
-27
25
24
43
17
27
-39
50
57
73
57
2
-20
-6
24
41
3
22
-12
21
80
152
89
-6
-10
-10
-67
-34
-17
29
44
53
51
17
7
19
39
9
72
18
38
43
54
40