0
-487
-499
-424
-388
-326
-247
-171
-71
5
91
73
166
161
147
128
183
89
20
32
130
86
-7
101
55
42
147
121
107
109
205
137
102
70
-22
-36
35
35
244
346
262
244
160
8
12
-19
-184
-299
-326
-260
-242
-150
-99
-59
5
35
97
188
227
155
162
148
100
112
108
104
167
99
149
168
131
102
81
48
24
-4
-4
-18
-5
-93
-57
0
-12
-21
0
-17
52
55
51
66
59
51
58
54
59
66
64
61
80
44
91
154
125
12
3
-60
-60
-55
-23
11
49
59
83
32
91
56
81
49
167
250
146
-49
-118
-74
-75
-82
28
21
9
-7
-61
18
119
40
-50
-44
-59
19
51
58
90
106
149
77
57
86
-18
20
-6
5
77
45
19
38
76
-8
68
75
5
6
25
-10
24
7
52
41
3
49
73
24
64
24
0
51
59
23
7
-1
4
43
25
70
51
64
21
45
75
100
80
91
55
113
147
101
133
35
-89
-124
-135
-85
8
38
23
45
40
88
72
74
10
-27
11
3
-22
-34
-21
-22
0
58
66
59
16
33
24
33
89
40
50
40
41
33
8
-11
10
44
9
28
21
25
32
26
49
72
122
102
124
83
67
-2
-27
-56
-42
-26
17
26
29
37
51
50
10
67
35
59
37
118
179
155
104
-40
-44
-106
-123
-91
-55
3
32
42
82
43
60
28
28
65
33
18
55
55
18
16
82
25
29
4
36
-12
3
89
58
52
41
40
22
60
27
42
40
35
36
1
36
20
58
32
60
-7
53
8
-6
-7
21
-2
39
11
36
68
43
68
0
-20
25
23
-5
23
24
65
2
66
8
85
18
10
20
28
124
92
23
113
151
184
146
57
-87
-67
-120
-22
12
18
17
84
52
32
38
16
-12
-55
-1
-19
58
32
16
39
12
9
36
-3
73
10
43
6
72
27
42
10
49
-2
58
29
53
55
22
35
21
34
49
-87
66
80
0
-17
-23
42
40
-9
-18
35
11
48
80
38
55
28
33
37
98
119
119
114
252
173
124
59
52
-13
-57
-123
-163
-211
-217
-171
-71
-35
-28
-11
9
57
43
117
68
85
91
82
87
76
106
113
61
90
45
58
24
86
74
101
59
11
-6
50
64
51
69
27
-34
2
73
39
54
21
53
40
60
13
81
44
65
25
54
4
38
37
64
184
107
67
22
-26
10
25
17
-4
-37
36
-30
39
34
88
72
44
18
49
69
65
9
12
28
5
18
42
6
-7
56
20
4
32
-18
70
60
11
52
38
-25
36
1
38
50
81
16
51
48
1
-1
36
35
19
24
5
37
27
13
34
77
0
48
-18
28
24
6
71
28
33
37
51
34
43
52
4
19
11
51
45
39
-18
38
5
51
66
40
-8
58
55
22
56
69
83
7
21
35
36
-5
54
-33
51
41
51
33
26
38
13
13
52
37
89
93
161
179
106
26
-85
-77
-39
-8
21
23
16
-7
55
48
71
55
-34
-4
-42
-37
23
38
21
52
21
45
59
35
27
20
81
8
19
34
28
53
66
65
59
50
33
68
27
33
51
41
37
26
29
9
28
69
18
52
64
41
81
39
23
49
29
22
13
32
37
40
42
-40
-36
20
56
61
54
52
67
36
49
60
39
-29
3
6
59
40
23
22
69
2
55
-6
82
90
-20
19
86
28
5
9
33
34
16
67
38
50
6
21
11
21
52
28
7
70
25
1
44
56
37
9
70
38
-26
21
18
52
58
33
35
7
40
-1
9
4
36
10
57
22
36
51
32
48
33
49
48
24
55
26
9
5
7
2
12
43
42
41
39
19
-2
48
23
35
17
61
40
53
57
53
53
8
10
17
16
-10
37
52
25
33
39
18
17
36
21
40
-19
49
74
51
74
12
10
50
16
10
8
28
39
50
11
53
39
74
23
42
18
39
9
55
34
41
6
-36
48
34
26
-33
-21
34
87
36
73
75
41
43
33
21
40
71
36
44
19
23
1
-17
6
4
58
48
-6
45
52
51
57
13
83
13
-4
17
43
26
24
48
58
40
19
40
18
42
32
19
33
21
6
34
-41
42
74
43
42
-3
55
26
5
-21
16
21
22
44
55
16
37
58
52
29
53
35
5
24
33
-38
-12
133
134
74
76
67
6
27
11
32
16
-9
69
17
-27
37
6
22
-10
11
27
67
38
-12
35
-12
-5
4
41
42
88
60
71
33
37
48
33
-10
9
-13
48
33
72
28
19
38
60
4
17
26
5
59
51
49
-9
8
4
85
27
73
36
-28
5
24
77
51
20
19
90
-4
22
73
87
53
44
53
21
49
54
25
57
27
24
-9
-24
92
53
66
33
10
17
17
11
41
74
96
56
4
4
-3
-35
33
65
67
9
33
9
34
4
51
102
107
74
25
53
29
52
34
51
67
24