0
4
32
38
75
29
1
22
82
76
7
38
32
41
49
49
52
-7
32
49
29
43
35
-42
24
44
43
22
29
25
33
73
39
-23
19
23
24
10
41
85
58
43
74
28
56
41
49
66
28
67
36
58
19
29
42
7
38
29
1
-1
22
25
68
27
75
52
70
53
25
36
23
2
51
27
23
24
8
61
27
37
51
42
34
3
40
25
65
6
52
-3
48
5
51
34
48
6
26
0
82
11
37
64
36
50
6
51
38
22
74
64
-4
17
42
36
27
32
51
20
49
-4
17
9
72
58
22
10
6
16
51
38
51
27
55
49
41
49
27
51
11
4
45
21
27
20
29
59
-21
27
58
12
82
-10
-2
25
36
21
50
6
11
24
40
26
18
-2
35
37
53
-8
39
42
-9
4
38
5
12
70
85
22
3
-4
32
41
11
41
54
20
11
45
20
39
26
49
70
82
-17
37
20
23
12
-8
52
1
22
21
61
37
16
27
40
67
36
52
10
43
44
40
58
64
19
34
36
52
35
8
3
38
5
34
51
41
16
49
39
24
53
25
18
34
-7
27
36
12
0
57
64
33
38
11
68
28
51
43
20
25
41
22
42
59
10
67
50
37
7
40
7
21
24
35
40
10
7
17
-6
41
83
32
59
20
54
18
23
8
18
54
-4
50
69
60
34
-7
21
8
27
40
65
24
24
26
39
8
39
-3
-28
34
51
57
18
12
21
52
-3
64
7
56
22
12
28
11
57
19
37
60
26
50
-1
56
7
12
17
38
9
74
28
22
45
7
33
38
6
42
34
16
23
7
37
4
85
-19
34
69
105
11
54
5
44
22
38
39
2
8
19
11
73
57
18
38
39
-9
18
72
33
50
56
50
6
22
23
35
8
2
45
38
10
66
56
-6
34
-12
5
-19
29
72
-4
36
22
-3
-5
-11
66
37
76
45
-24
52
36
48
65
86
105
134
96
85
85
59
21
28
-4
-3
-88
-69
-51
-38
2
32
17
13
23
76
74
43
37
25
25
38
50
35
2
52
38
52
39
34
19
22
29
10
5
16
13
56
36
32
5
1
11
64
-38
64
108
41
40
93
-8
48
68
67
34
49
34
-9
3
34
53
17
36
-36
43
65
38
72
22
40
-21
1
3
57
54
-1
12
25
45
-2
-10
23
23
7
38
69
90
103
90
36
23
-1
29
-3
54
89
36
-4
-10
1
39
37
41
41
51
41
49
32
69
69
97
27
48
69
-3
3
-18
75
74
50
50
37
115
-23
19
56
36
72
41
45
49
73
8
18
6
-33
-20
-26
20
12
20
28
3
34
22
76
32
51
53
-5
12
22
8
19
29
28
11
49
12
7
-6
17
-6
43
26
40
87
53
25
12
5
32
59
40
8
65
-5
32
20
33
69
38
-5
48
57
7
85
43
9
16
54
24
4
17
75
38
7
40
25
-21
39
23
20
41
60
25
74
50
81
88
21
12
-9
-6
45
32
70
22
82
22
65
53
41
65
29
12
7
12
33
66
-21
42
8
66
29
65
35
19
18
67
11
32
54
88
53
12
-60
1
13
13
58
43
74
54
74
25
-13
42
70
-27
-27
-35
5
34
65
67
18
-44
-4
1
-12
101
72
99
39
116
45
74
35
66
13
35
-25
65
58
55
61
33
-25
26
29
-23
4
22
-36
21
17
11
19
41
35
22
34
23
53
32
69
43
16
59
49
28
-4
39
26
-3
40
54
60
8
-13
28
58
73
12
0
45
2
28
28
0
16
51
28
20
-1
45
22
32
92
67
-25
23
2
19
64
40
37
24
98
53
16
38
-4
26
18
28
-9
-9
99
67
12
77
-20
-2
-23
-34
36
28
40
3
34
98
54
51
40
68
59
-5
40
48
88
9
41
9
25
38
26
69
54
8
19
1
6
-43
-17
24
32
39
48
27
-18
16
36
23
276
53
38
227
668
1184
1377
1028
690
593
380
202
-343
-1299
-1746
-1707
-1414
-1175
-777
-599
-481
-251
-150
1
59
130
210
197
243
234
230
244
325
230
258
161
147
202
162
203
137
88
106
117
134
117
107
97
108
113
85
117
99
40
56
10
64
70
48
83
24
67
-14
-8
-13
8
9
29
43
73
33
5
17
44
68
17
85
68
72
56
64
75
33
65
16
42
67
66
11
41
24
69
66
51
55
26
26
18
34
77
28
34
73
39
43
26
18
-52
-9
7
8
24
73
12
42
58
61
26
86
43
56
49
9
34
27
13
27
24
40
55
9
7
-56
-2
3
42
74
52
39
19
13
35
38
75
24
51
21
-4
25
29
29
35
33
38
71
57
24
37
22
35
34
2
-11
37
39
19
9
54
59
39
56
32
32
24
7
18
-62
27
-11
-12
-13
-24
42