0
4
-5
-13
53
17
132
21
53
16
21
17
11
21
34
26
80
39
44
34
97
7
37
-5
-19
41
13
8
36
98
1
71
72
103
11
44
32
51
-13
59
27
82
32
72
12
23
35
60
0
49
2
-8
60
18
36
-53
-19
52
55
36
40
-5
9
45
36
39
55
10
36
28
67
11
-26
26
50
37
38
10
17
43
45
3
1
21
59
50
9
28
68
9
8
19
9
71
28
45
44
49
53
8
17
104
67
4
27
40
80
11
-13
48
21
21
-20
12
35
36
3
29
35
48
-20
8
82
61
9
54
-11
66
22
17
37
49
22
83
8
89
17
39
42
73
27
-10
48
10
-8
34
23
26
19
73
48
2
18
67
10
90
3
9
18
-13
74
64
7
93
32
44
-56
98
8
6
56
58
-26
26
28
51
41
-1
44
24
11
26
23
36
-2
35
37
38
-5
85
10
49
-6
19
7
-5
83
93
6
41
49
27
60
25
25
1
76
8
5
-12
29
71
5
70
7
-33
65
26
2
19
53
24
-35
72
55
19
23
-2
151
0
-28
-13
45
16
58
28
40
26
6
21
-27
67
12
41
54
13
-2
40
56
35
28
26
39
51
3
11
-25
21
-10
44
0
49
51
51
23
75
60
-10
92
28
6
83
71
56
38
71
19
38
5
12
44
-9
56
80
72
24
19
-4
27
38
48
72
-27
37
4
61
34
0
45
-49
21
59
36
45
101
-1
-9
0
84
24
103
102
73
9
9
-25
-10
28
52
17
54
75
17
42
-5
26
18
57
22
18
35
18
49
141
87
36
12
16
41
-50
-10
108
35
-1
9
90
212
102
72
-82
-61
7
-73
-12
17
9
72
41
45
66
42
11
29
28
42
18
57
55
45
8
48
-8
25
24
71
48
19
23
66
65
8
32
16
-46
66
10
12
24
80
86
18
22
26
55
17
33
32
28
91
12
-21
75
59
70
5
50
56
20
57
18
-23
6
20
-2
-35
9
22
11
42
68
60
59
65
48
59
-2
-18
59
-30
112
66
3
-42
24
-5
32
36
33
23
23
-3
-17
43
88
56
151
105
85
56
48
9
97
13
-3
22
-5
33
-4
12
21
54
38
-25
23
39
43
16
59
-10
18
-20
-21
28
81
54
84
34
52
9
44
66
5
25
76
13
73
25
19
35
24
32
42
64
60
-12
37
-21
26
19
49
20
43
3
-6
4
41
32
1
39
28
66
22
37
34
-19
32
50
18
20
1
4
64
13
40
70
41
18
1
24
19
66
-3
21
16
18
22
43
3
8
43
35
0
32
32
44
77
53
23
34
37
5
43
39
59
48
8
28
26
65
40
-21
66
-30
68
49
83
41
42
29
37
43
23
24
3
38
35
-7
-3
43
16
53
1
68
65
35
64
-5
43
-12
41
60
55
11
18
83
55
42
-11
35
9
97
11
19
38
-18
50
75
58
55
6
71
12
42
33
26
17
37
25
13
36
2
32
25
27
29
-3
50
67
50
48
40
41
38
70
40
2
9
26
60
9
38
9
42
22
82
5
36
19
55
36
58
24
48
59
5
54
18
16
-29
61
37
24
71
2
53
37
20
2
51
21
74
57
6
53
67
3
36
-12
18
25
53
21
11
81
26
71
41
53
32
12
54
16
88
34
50
5
-4
23
34
52
61
20
9
17
34
33
22
40
41
-2
2
17
55
17
64
25
32
26
76
1
25
36
2
44
60
16
7
32
11
38
17
49
29
21
20
66
33
39
35
29
23
54
33
-22
66
54
54
49
48
3
-28
-23
27
-23
39
-3
40
23
33
53
48
29
36
7
12
32
38
-20
52
18
67
28
5
-26
29
19
22
21
27
67
61
52
-6
7
37
23
70
-26
24
-39
17
37
56
60
65
53
12
29
28
7
28
72
-3
22
-6
88
107
-2
50
6
22
18
8
44
4
18
43
17
75
44
43
18
105
24
43
51
4
89
17
21
39
26
9
67
42
-5
-8
23
37
34
-4
57
19
2
34
-10
34
38
23
71
56
20
66
55
70
-1
21
76
48
74
11
0
11
53
43
65
42
21
41
25
13
9
6
-26
58
57
-5
-19
72
-27
20
8
18
4
42
28
33
-10
-5
44
-19
132
75
37
20
19
67
21
25
34
38
20
41
27
-4
10
125
140
86
75
40
40
4
-9
-5
-23
76
17
69
39
32
12
-4
38
22
25
43
35
66
34
44
25
64
41
22
25
12
36
-19
38
7
-7
-1
-7
71
-13
17
3
52
-10
-10
16
-9
2
80
25
71
65
69
69
230
216
81
-71
-68
-73
-93
-56
-71
-84
-122
-51
-70
-93
-87
-92
-36
-35
51
57
72
49
87
48
39
107
89
65
76
123
92
162
108
100
57
72
105
4
101
41