0
0
0
0
0
0
0
55
20
53
57
41
68
40
26
53
32
32
52
42
50
32
53
49
9
52
51
20
49
85
54
8
-11
-1
-4
26
-20
36
34
8
-9
73
32
-17
4
98
-3
58
73
48
81
41
7
44
-1
102
68
1
1
27
49
40
25
54
5
16
77
33
92
20
-29
-22
1
-14
-18
18
65
42
66
-6
41
33
-35
340
420
417
362
160
50
-72
-206
-377
-388
-402
-311
-172
-65
-50
-3
48
77
87
86
121
93
152
70
98
32
61
53
65
71
22
38
36
-58
92
59
75
21
23
3
43
18
39
5
-8
24
13
38
72
-33
32
53
58
-12
29
16
83
59
-11
48
24
37
51
9
43
-1
8
51
50
-22
71
44
48
39
22
-5
19
66
35
74
39
18
32
2
10
17
40
2
27
38
43
0
48
84
3
56
25
23
12
77
45
40
88
19
23
6
68
-4
66
55
71
-22
-1
37
41
36
27
39
54
1
42
69
-5
26
44
59
28
-26
1
83
33
-21
32
2
41
20
8
26
19
23
66
99
71
-38
12
-40
34
23
-2
39
96
76
18
37
-11
40
44
32
18
33
8
80
23
66
38
118
197
144
97
10
-77
-49
-82
-37
16
-10
55
64
54
70
44
26
42
-2
4
59
6
-25
-70
50
179
12
35
-36
117
-36
18
39
100
82
51
17
38
105
28
39
33
58
54
59
37
17
56
70
16
9
50
24
8
19
55
50
45
18
34
33
27
-5
54
23
43
60
33
5
49
27
37
-53
1
13
-25
36
18
-5
6
87
58
91
12
33
57
-25
59
-10
-66
128
45
41
48
44
109
54
137
72
-24
4
-8
-67
-39
-5
24
41
-5
42
18
45
38
0
48
54
82
102
161
138
65
60
112
132
-34
-92
-178
-68
-34
7
36
-2
33
24
85
53
51
-4
13
70
51
33
32
37
50
42
52
37
59
28
43
58
51
43
18
36
65
-12
48
36
36
23
71
73
-7
50
39
84
57
-10
17
41
13
41
17
52
-3
-1
22
-22
39
-23
85
68
28
40
-43
76
113
-18
100
44
19
5
18
29
7
6
-22
38
55
5
28
25
48
65
32
73
20
26
32
88
54
59
49
21
66
66
11
24
9
-29
17
3
6
22
4
34
53
11
53
54
108
41
38
59
24
6
32
101
33
-11
44
24
39
37
12
58
36
17
50
45
17
49
117
133
103
-4
-38
-26
-21
-46
-21
-34
16
19
28
25
51
91
48
7
23
32
11
102
54
53
69
23
80
-5
-12
56
84
38
48
41
51
44
8
4
19
98
48
25
-11
4
-19
40
52
50
80
18
11
28
35
-12
-11
52
12
-3
57
67
-1
13
21
50
43
49
-18
34
65
27
27
71
37
36
11
58
76
45
6
50
48
59
3
83
56
7
6
34
-18
41
4
41
2
83
10
1
2
67
86
50
44
41
28
24
33
50
48
5
58
23
99
107
99
87
121
109
80
-20
-98
-120
-59
-83
-7
-38
-26
-7
16
34
57
86
77
22
22
71
60
58
64
60
10
3
26
70
18
18
1
12
22
103
52
0
10
11
41
53
57
11
40
52
36
10
21
38
28
73
12
22
-17
44
44
10
24
57
21
42
60
33
0
58
26
26
24
42
26
41
23
37
13
1
36
27
37
75
41
128
42
9
28
-13
45
-13
-7
85
9
34
1
70
50
16
44
45
12
49
54
83
57
27
-10
17
53
59
23
3
27
41
25
87
35
75
9
19
-8
56
61
29
-3
28
5
71
-3
39
41
28
17
51
40
13
52
67
51
19
0
10
9
48
3
50
16
87
71
8
42
-6
19
32
40
21
38
20
39
29
36
27
16
39
-2
19
92
53
50
12
22
66
85
12
16
68
34
24
33
19
45
24
-26
22
29
12
24
32
9
10
53
16
70
24
45
21
40
149
25
11
-13
-37
-14
34
8
21
27
17
5
-12
-3
43
39
23
44
57
20
42
35
-18
28
23
58
-2
112
36
42
28
39
2
33
55
22
18
-4
40
32
24
27
-10
23
18
33
4
49
80
42
29
60
3
19
37
35
64
2
22
42
21
25
75
13
-12
16
24
27
16
-7
58
-6
108
50
49
42
20
41
53
52
33
6
60
74
57
7
6
43
83
52
58
23
64
50
9
48
6
35
13
51
69
20
9
44
20
85
-8
39
51
3
16
56
25
-10
24
20
27
29
49
23
41
38
9
20
25
56
59
22
16
36
33
24
19
23
16
24
58
82
20
9
19
24
57
20
19
37
13
-6
44
42
4
4
10
-24
19
51
9
43
35
53
33
40
17
2
27
42
20
74
28
5
22
40
11
44
11
3
4
7
54
28
38
32
29
42
52
-30
10
26
33
17
17
8