0
35
87
36
41
-17
64
40
84
32
27
73
56
26
2
-23
55
0
49
48
36
2
64
50
57
-18
-10
24
42
87
33
22
12
68
55
27
27
60
-27
43
37
26
34
18
16
10
41
27
0
48
59
90
54
9
67
28
18
43
-13
6
39
58
45
-7
84
19
39
60
58
34
-2
25
8
16
25
114
39
50
20
45
77
36
57
57
1
69
26
41
45
6
122
16
9
22
17
27
32
37
43
54
-14
42
17
-28
27
8
72
64
27
26
-11
91
50
68
43
-10
70
-21
114
17
17
83
33
8
26
56
11
24
36
43
45
23
32
-9
36
85
59
-7
41
24
-1
40
12
73
50
20
-13
52
-12
64
32
80
25
84
58
35
7
51
-34
23
42
32
-4
-45
103
-2
13
-29
35
-24
66
38
7
82
11
-9
42
6
5
-4
53
98
37
17
65
20
-20
86
22
-10
58
66
-4
6
93
6
65
-19
81
-11
58
28
56
13
-19
16
88
18
11
28
-13
8
0
-9
3
17
51
4
2
-12
51
6
72
57
21
51
12
23
55
7
-14
27
84
75
-28
45
22
57
20
8
-24
35
45
10
10
17
33
33
71
11
68
57
37
61
28
-7
26
37
10
-22
-19
-9
11
-5
99
-13
-25
20
51
80
4
21
45
105
97
48
18
-25
38
28
21
3
87
-26
108
89
27
16
70
12
2
-8
8
-18
12
44
-21
98
90
113
129
180
57
12
-40
-4
-59
6
9
103
106
50
75
37
-3
125
42
60
54
57
-23
41
-40
-18
50
17
17
6
12
52
35
13
42
-7
51
10
4
49
89
4
34
38
37
-29
54
34
72
-118
113
84
-53
-44
-20
129
34
-41
23
-12
-4
59
48
67
29
80
137
4
85
53
6
7
38
29
38
27
22
72
83
0
57
69
-9
20
1
69
37
69
-52
9
9
24
96
-12
52
11
-34
56
80
44
97
90
-10
-104
-18
-11
89
52
26
51
-14
33
6
-20
50
73
-36
66
-20
-70
115
10
-23
85
73
82
-37
104
-7
33
20
-101
12
39
23
9
52
82
57
60
76
-35
-22
40
-37
23
24
10
1
1
100
6
10
64
92
2
0
10
66
136
28
56
18
48
64
43
33
39
65
25
7
6
40
26
57
59
48
-3
35
64
4
2
-4
9
36
4
19
58
11
34
70
-5
23
70
109
90
96
21
-22
-19
2
9
32
32
-4
52
42
40
35
83
27
59
52
-6
27
-5
72
84
44
-28
18
-5
53
38
17
-2
39
64
21
0
76
-58
45
0
3
40
86
34
34
9
18
20
57
87
13
75
-25
44
18
35
17
-39
4
66
35
32
98
70
117
92
8
11
-8
2
16
39
50
32
44
5
7
26
58
42
20
102
59
38
83
33
56
6
49
28
33
5
-5
20
185
220
184
162
141
145
60
74
66
1
-88
-76
-43
-161
-35
24
21
-13
22
40
54
-3
-45
10
10
-5
-14
-9
22
-26
-12
-13
-5
39
-33
77
128
154
229
146
73
-117
-122
-183
-182
-139
-61
-17
-29
43
20
36
113
52
73
52
9
27
8
16
38
59
-23
29
22
90
56
61
58
107
18
28
37
41
26
37
-17
73
19
56
22
59
80
37
55
86
56
25
49
6
90
8
21
89
53
40
53
38
19
25
21
80
39
65
66
41
21
38
22
-13
67
-6
43
44
26
23
20
16
60
70
32
50
19
13
25
55
22
71
40
12
50
39
16
28
34
21
69
117
-13
49
4
44
22
-8
70
-3
42
21
2
6
40
48
3
19
17
4
40
27
53
45
49
33
40
10
-33
25
18
51
21
48
24
69
72
12
33
57
64
84
-1
4
6
-6
-7
48
41
25
22
1
6
-19
26
4
38
28
48
-11
9
6
22
22
40
35
11
75
37
-12
-4
69
-5
70
33
-13
-8
56
70
26
1
54
36
70
-8
24
38
-29
-3
16
57
25
80
18
56
59
45
50
72
17
50
58
-30
81
13
60
-3
55
44
45
101
20
52
-3
-55
52
16
92
-3
57
-6
72
45
-22
25
86
38
24
17
24
6
16
88
-12
4
21
21
28
16
12
35
10
12
50
-19
32
43
56
116
28
72
50
28
2
-11
51
37
54
38
29
10
28
102
3
55
37
37
-19
42
-21
42
60
60
56
-1
5
50
67
25
27
22
19
-11
0
36
35
9
-2
21
28
71
25
-9
3
-12
41
9
37
52
17
25
23
23
33
0
-20
56
26
61
55
64
22
-3
2
-7
59
72
25
17
-13
19
35
25
20
61
51
8
48
29
81
35
41
-30
48
7
39
41
89
66
23
13
82
54
60
-4
50
20
43
8
20
16
18
18
50
10
28
55
5
83
13
26
70
12
104
89
12
58
13
7
51
52
49
8
37
-11
44
43
-1