0
-19
-5
0
93
0
17
7
86
52
35
24
72
26
-5
6
113
12
12
26
41
70
6
50
34
19
-12
6
28
28
96
49
-17
41
3
58
36
26
22
60
32
-10
49
-3
88
42
-9
-2
38
9
51
41
54
81
21
17
-68
148
28
42
-6
4
100
48
22
18
-8
76
-4
35
24
67
21
58
-41
19
66
48
60
17
27
101
39
-17
-6
-8
84
54
2
-2
98
52
32
-6
66
69
5
38
48
-72
8
85
67
53
80
37
-11
-18
39
40
131
74
35
-6
12
36
97
1
5
34
7
-10
17
25
53
2
28
42
49
59
49
38
-66
44
48
75
74
24
74
112
59
42
70
6
-22
39
89
3
48
72
28
81
112
90
225
137
53
-139
-100
-105
-62
58
32
60
91
23
17
-21
56
33
-9
-21
28
28
55
49
20
-17
37
69
64
-18
53
16
61
19
72
91
54
23
-3
39
-27
26
-4
-25
-10
25
144
267
442
160
-186
-140
-87
-60
33
-56
56
-20
90
34
27
11
-19
8
85
-35
-28
-38
104
120
44
-7
-116
23
64
26
28
-6
71
96
80
85
49
51
38
9
76
34
-8
50
7
-2
83
-8
11
68
-19
37
91
81
-11
5
-34
48
65
43
27
53
23
43
11
22
55
22
44
32
37
37
18
73
1
-9
7
9
35
26
58
24
53
27
27
34
53
51
37
36
20
23
23
37
39
7
52
65
41
12
-4
39
51
10
104
22
37
6
29
37
22
49
32
-13
24
89
32
58
60
38
-25
141
154
184
82
37
-107
-56
-3
9
-36
-14
67
40
20
53
-27
3
11
0
-57
27
8
24
7
69
25
-25
102
24
42
58
41
16
55
10
19
5
50
39
55
54
26
45
36
-2
65
36
41
20
0
68
74
9
9
35
39
64
37
48
41
22
51
35
22
-8
91
18
49
26
51
8
9
4
-11
-11
36
33
54
-4
99
27
81
40
54
-2
-6
60
50
44
28
11
44
-6
82
73
73
24
102
140
134
146
106
24
16
-78
-77
-157
-3
2
58
90
27
20
48
3
7
36
16
-36
-30
-62
-10
6
43
35
41
36
43
57
17
39
17
27
37
12
34
57
42
6
54
54
44
22
1
25
-6
68
38
33
45
35
25
71
96
67
17
99
23
41
38
39
29
-7
29
80
65
34
37
53
71
105
101
235
153
149
34
-109
-117
-70
-71
-24
3
10
29
16
55
0
-4
28
9
39
25
17
-39
17
58
11
35
-19
28
-2
76
90
42
73
-2
24
51
66
37
41
7
40
34
85
26
96
61
16
69
66
20
54
37
19
28
69
52
53
65
65
64
32
28
23
-29
66
66
22
18
8
-33
26
11
4
9
-9
35
36
57
27
68
60
23
80
-24
3
28
56
9
22
37
1
54
8
25
50
24
59
-6
124
164
211
138
-14
-61
-102
-70
-74
26
41
55
36
65
3
-27
-10
11
1
43
55
29
-26
33
-12
42
66
5
68
17
64
45
69
6
45
9
12
83
43
75
36
52
40
11
18
38
4
32
52
7
72
43
44
38
40
20
7
34
28
18
86
25
13
21
18
34
49
17
29
17
0
53
6
35
28
-1
80
25
70
73
55
26
35
0
42
25
6
33
39
27
49
32
53
4
21
60
8
10
24
28
18
72
45
37
51
39
6
-4
75
53
34
1
39
42
-8
-10
57
-3
56
24
64
24
56
36
20
-10
18
-10
27
69
28
51
32
85
-5
22
10
74
41
13
6
39
60
53
76
39
51
23
-2
-1
6
40
24
11
38
50
59
45
40
52
38
-26
40
38
40
-9
67
-34
-5
-9
26
67
42
36
1
48
35
-27
41
41
29
48
23
7
50
5
42
32
-10
49
23
23
56
65
50
68
20
1
32
22
37
69
54
9
36
-8
8
0
55
49
35
19
1
-7
35
58
17
-17
25
32
16
57
39
50
40
13
36
40
56
-19
21
-25
34
6
42
42
50
5
27
8
74
34
2
32
32
27
28
12
16
37
24
43
81
20
44
84
41
32
35
68
50
21
-1
18
0
58
-3
29
0
38
66
59
38
4
8
49
19
53
38
44
12
81
-4
61
12
-8
20
18
24
71
19
56
37
53
3
56
23
27
6
38
17
92
39
55
85
45
17
27
36
49
20
42
10
97
57
69
24
33
36
61
27
89
4
36
19
24
32
36
36
25
40
17
8
-6
16
-4
42
51
67
3
69
18
54
20
10
56
83
92
154
118
139
29
-57
-129
-50
-55
-8
16
59
73
32
58
-1
72
5
-1
32
11
6
58
38
11
23
10
38
55
-2
34
33
27
36
32
18
34
27
74
-10
35
8
-42
28
55
64
54
50
56
9
58
17
-11
57
40
58
-22
52
76
26
-14
57
26
32