0
-1
50
19
12
49
51
-20
41
16
55
35
68
100
50
-3
9
16
28
18
42
41
27
39
59
57
40
55
-3
55
48
-21
55
-27
20
49
10
16
29
26
88
22
71
32
39
21
32
76
41
39
35
3
22
39
22
19
41
33
-28
42
39
3
59
49
49
39
51
34
1
26
22
41
7
4
16
28
40
-17
1
67
25
38
49
60
116
57
4
33
27
8
20
-4
82
53
57
23
27
3
65
-22
84
5
43
-21
24
27
-9
21
88
-38
72
1
28
40
-6
16
32
34
6
59
16
42
100
129
220
146
231
265
170
264
66
21
-74
-60
-100
-218
-260
-360
-369
-374
-203
-43
43
49
148
120
112
168
121
188
172
21
172
53
89
59
99
1
48
36
57
16
105
-36
33
64
28
22
66
54
32
-1
5
73
80
22
-52
3
59
37
40
91
125
38
-18
-30
97
73
-8
65
29
34
57
-5
56
138
-5
-6
17
16
22
-38
93
138
234
205
194
33
4
-103
-186
-204
-45
-70
-17
9
20
57
-13
-28
102
69
24
-43
21
60
10
20
11
38
66
-8
-1
80
40
39
11
58
72
59
48
53
34
34
44
0
69
32
22
16
10
-4
33
24
38
32
6
-9
93
54
28
-30
80
-30
56
-18
89
67
50
6
1
20
7
20
97
43
44
3
-17
25
80
58
17
-22
18
56
50
43
23
28
28
-3
3
19
104
28
83
3
40
40
34
41
34
39
24
-14
82
35
41
35
-6
0
57
-12
16
48
-39
3
54
21
-12
-28
44
89
73
32
-17
29
2
12
65
39
-45
91
38
39
-6
2
7
53
28
10
64
80
48
3
0
35
6
-4
-29
70
40
50
54
49
36
-23
68
-6
-4
34
67
33
65
5
55
82
-8
73
24
19
29
5
41
81
4
-33
-22
-40
102
24
6
42
-33
28
65
42
18
96
33
-33
27
-3
71
11
55
8
-10
34
52
37
32
55
-12
12
36
106
38
32
19
84
48
12
90
50
39
32
93
8
50
9
50
5
66
-9
18
0
36
60
-9
12
18
20
49
-1
39
40
10
32
27
-19
5
32
50
48
42
81
-42
80
55
37
41
44
39
49
4
6
19
21
-5
24
40
24
17
-4
43
73
49
38
59
66
65
21
-10
-2
34
0
-5
53
56
65
19
38
33
12
81
22
10
49
1
1
38
90
33
39
8
43
7
106
57
33
5
9
39
39
49
28
60
65
-7
2
-5
49
82
34
44
5
25
70
73
10
27
84
16
41
5
37
11
23
1
48
67
18
-11
10
-13
60
20
35
73
43
48
-6
70
43
16
-22
58
20
19
56
34
24
5
12
17
8
107
58
-5
54
23
58
56
89
-65
80
26
-30
34
34
16
48
-9
18
-3
102
-4
-51
34
76
0
28
74
17
87
12
50
131
1
51
-26
-4
33
55
-12
0
11
34
29
73
23
61
26
39
-10
57
5
17
43
41
8
55
73
50
17
21
26
55
-7
71
8
-40
11
19
99
42
48
18
35
121
20
9
-7
53
66
23
10
82
44
36
53
65
6
51
-3
42
86
-1
36
41
72
1
106
-25
20
44
57
10
9
89
48
41
2
-12
70
48
61
3
28
39
42
38
-56
18
-23
17
1
36
-24
13
37
-28
86
-14
19
17
3
134
34
67
-10
117
6
3
7
-54
-43
60
0
44
28
42
132
50
3
11
106
-18
23
60
-55
54
99
69
32
146
122
-34
44
75
16
-29
-9
65
34
0
65
164
-6
-8
43
20
29
36
29
-1
181
101
-53
17
59
157
26
183
-21
38
-10
146
164
71
-105
-124
-98
-116
-215
-73
-10
-36
-22
32
70
-6
73
4
-20
66
149
84
117
91
-42
97
85
-3
-6
-22
38
153
55
39
7
57
42
21
49
43
10
116
71
49
60
-65
8
53
-6
49
25
38
130
89
73
198
141
48
9
-100
-100
-56
-88
-41
-23
5
-3
5
67
43
70
45
178
267
265
179
26
-155
-204
-173
-150
-57
-52
38
49
25
12
65
12
42
50
28
73
24
21
25
17
-38
59
45
25
43
97
28
64
12
130
-61
3
18
-90
116
-77
71
-35
57
60
28
69
39
66
64
108
53
11
65
56
9
74
60
56
57
52
32
49
9
35
114
2
-29
-9
-6
-9
38
-24
44
-13
6
-35
38
26
27
24
54
-1
28
32
37
5
37
35
21
-34
22
80
0
71
1
43
82
9
66
66
101
39
77
-21
69
-8
108
54
-7
71
-18
-19
-39
12
-7
28
25
-12
21
80
58
54
58
56
11
59
28
42
40
28
80
64
-46
24
1
59
12
28
64
48
23
50
18
48
-9
39
39
42
16
1
2
49
21
84
-11
39
34
66
34
9
88
-29
6
83
37
87
6
135
-9
7
69
12
43
17
-20
90
57
-1
106