0
93
135
136
251
135
-18
-43
-141
-70
-83
40
171
200
-5
-104
-251
-185
-264
-171
-163
-12
-6
92
1
103
103
99
68
114
91
90
83
138
38
76
92
99
22
75
51
-21
6
40
51
52
8
-4
51
5
53
32
129
145
26
11
23
-35
50
-26
23
44
-17
28
-21
41
119
39
40
58
89
-13
-6
34
23
56
8
44
24
41
37
27
10
61
28
26
40
39
242
139
10
-27
-33
-35
0
-39
-28
56
21
52
28
35
21
72
8
58
42
-8
24
101
74
-2
114
205
243
184
-25
-123
-93
-26
-75
17
4
3
69
64
-18
53
23
50
1
19
-39
54
-6
53
50
42
21
-19
57
42
44
11
39
40
24
10
34
32
23
74
34
33
18
49
35
-4
0
16
39
23
32
27
20
38
80
-6
32
32
51
3
92
43
53
53
65
4
32
-9
27
65
-4
48
68
23
19
37
26
4
54
1
50
2
19
50
6
33
52
4
-8
17
48
34
4
38
80
41
55
10
61
19
22
-12
9
72
32
10
18
9
40
23
48
57
-3
22
39
59
25
-1
71
55
57
67
36
53
6
69
27
108
12
55
36
7
64
10
-5
1
43
-40
82
26
60
8
90
53
34
24
34
-52
74
52
35
68
16
59
4
64
21
33
48
10
40
8
59
28
19
11
38
55
52
-1
54
38
100
19
33
4
8
16
22
24
40
-6
39
72
28
23
32
77
56
9
64
10
-25
-5
10
-4
-11
87
3
58
-1
11
38
41
53
35
33
45
18
35
73
27
25
44
16
32
44
41
21
3
44
-33
1
-13
17
25
11
39
44
7
19
36
10
32
33
33
87
9
20
54
9
32
80
35
-19
25
56
18
58
10
-6
22
67
11
3
18
34
44
69
26
48
52
22
6
89
-6
11
45
65
57
20
20
38
1
68
33
44
32
34
44
10
25
76
34
8
35
-7
21
60
40
37
3
70
22
22
-34
67
64
54
44
27
28
2
2
70
9
23
-35
34
10
49
57
57
35
57
9
4
21
52
57
8
81
5
-4
2
74
55
22
-30
45
33
20
-3
0
23
99
38
35
44
32
81
48
3
42
10
8
21
-24
32
40
23
81
85
20
5
-9
-43
-26
-29
11
52
42
45
0
38
43
56
121
145
249
188
123
52
-81
-137
-123
-121
-54
6
17
60
112
41
28
-43
27
50
8
-11
-43
70
44
-1
81
26
54
29
66
84
58
71
34
80
48
43
-46
109
26
25
26
-14
16
53
55
59
7
33
89
36
-7
56
89
26
-34
66
33
8
35
27
103
19
22
21
-6
32
50
84
20
68
59
6
37
80
50
-9
37
8
26
17
28
57
9
40
55
96
-21
24
17
41
42
-12
40
36
0
51
10
42
59
39
81
100
182
154
216
162
-14
-33
-163
-202
-183
-28
-68
-8
-41
17
35
29
64
71
29
64
70
3
57
64
60
48
16
54
48
6
104
67
-12
27
61
38
57
5
122
48
34
32
-3
-1
69
18
17
49
37
54
2
49
60
71
42
12
32
61
16
18
28
55
105
-9
90
52
-27
81
87
80
38
10
48
24
-3
-25
42
48
16
76
104
4
-36
45
40
41
48
44
35
39
37
-7
-29
36
38
19
57
3
52
-1
45
27
-8
83
42
22
7
72
28
54
58
25
92
161
231
160
147
43
64
-35
-132
-135
-101
-71
-1
-8
60
-28
39
26
28
51
72
53
26
16
51
87
32
23
7
27
33
35
41
58
23
36
35
-3
107
12
45
9
24
51
-4
16
50
28
54
21
60
33
65
25
23
37
20
37
39
75
10
8
25
59
29
25
25
11
76
36
60
20
-29
36
40
1
33
35
0
-7
32
51
8
10
55
51
-6
17
2
22
28
-44
34
25
50
40
-3
16
-4
41
8
29
21
-7
65
-11
77
74
60
-60
66
10
35
1
43
75
104
38
35
-19
3
6
-19
64
57
70
4
4
20
-26
43
24
49
17
25
56
69
40
27
-18
41
32
23
38
43
11
33
28
23
40
40
13
42
0
16
6
22
19
16
18
23
26
66
81
13
44
20
41
39
37
11
48
27
54
-12
40
36
19
51
-23
41
36
48
43
11
26
20
61
86
13
64
2
34
58
87
70
2
22
8
-10
40
3
29
33
40
9
23
45
13
50
24
54
70
50
69
104
43
23
-19
-10
51
11
26
9
35
51
48
10
34
59
12
51
33
10
8
26
32
24
77
55
26
1
48
50
1
12
35
86
3
24
9
-4
20
60
65
54
-12
26
43
7
86
67
51
25
3
2
-4
2
27
21
84
20
36
105
41
32
23
36
-5
33
50
-5
17
-8
25
28
3
52
10
68
16
57
-18
96
19
23
53
1
-27
-5
53
72
50
16
21