0
71
50
85
59
60
1
19
5
-13
-8
49
35
24
3
54
7
113
48
43
22
40
13
25
64
54
2
37
56
3
53
-6
53
33
73
-4
85
81
41
19
32
25
44
8
24
6
32
21
26
48
33
34
8
21
48
73
16
5
-17
18
96
71
72
3
19
-5
41
43
-18
65
18
97
52
48
19
10
49
-6
40
26
28
32
36
49
52
23
-1
97
51
39
86
-38
101
19
52
11
44
23
39
5
49
-7
23
37
76
20
48
-10
13
9
84
42
38
-39
48
49
27
19
5
26
42
35
29
34
19
24
40
35
10
24
69
19
28
27
23
43
60
20
35
43
-23
3
51
34
16
41
22
38
77
27
-5
6
116
165
171
89
11
-86
-69
-30
-7
26
-52
51
48
60
40
59
99
40
11
3
97
11
25
66
51
29
100
-14
-42
6
-27
53
82
22
32
28
66
51
57
49
25
61
56
8
45
27
48
67
38
26
57
42
65
-2
26
16
22
8
50
40
51
92
-6
-9
-23
9
-17
17
4
69
41
71
53
165
41
-39
-25
23
-2
39
-2
-10
12
59
-19
8
54
77
12
40
51
21
36
2
25
37
50
48
5
-11
84
19
71
16
6
54
38
28
21
41
-9
25
58
42
43
17
64
26
28
12
10
37
52
72
56
71
73
24
41
44
6
82
34
51
12
44
-5
35
1
42
1
68
44
-10
45
39
43
57
-10
18
33
-21
18
27
34
51
71
24
68
25
83
57
43
34
35
-50
73
38
42
41
19
36
5
40
-26
32
9
-1
13
36
21
22
28
55
-6
51
56
24
35
74
34
-10
6
20
26
24
-7
12
61
55
56
8
24
34
-4
40
26
104
23
71
37
51
-4
-8
83
67
-2
6
28
35
-5
28
50
35
4
82
27
44
68
32
8
45
19
59
6
52
76
51
-5
43
75
6
51
20
2
50
53
22
-12
21
60
16
38
33
20
29
28
2
70
36
52
27
44
66
7
-8
-24
19
75
87
28
18
33
65
1
7
16
80
-10
84
55
-5
64
-10
-4
32
41
21
40
80
48
12
42
22
77
32
-8
-11
-6
35
92
55
12
-4
16
66
35
28
-21
12
9
35
1
64
38
26
5
32
1
32
32
1
50
12
57
3
19
35
54
24
27
87
-6
24
33
38
41
74
32
52
23
25
-2
-11
5
59
39
40
49
7
73
34
20
-3
51
-27
18
25
88
17
25
75
68
64
4
24
-14
69
129
119
45
18
17
-21
-4
-10
-12
68
25
41
26
51
65
24
40
67
38
83
-20
-6
32
29
36
54
1
36
55
29
81
25
42
41
-26
28
10
33
19
69
75
18
53
26
28
-27
131
66
28
-6
2
-1
25
25
-20
56
23
42
34
-5
28
21
34
16
9
26
-3
-13
26
42
40
57
45
43
-18
71
118
51
2
6
38
52
-7
67
41
74
45
66
22
7
75
-40
67
45
20
-12
45
52
45
7
20
71
-2
4
16
39
17
34
82
40
2
92
45
72
24
3
18
48
26
26
18
-39
-5
98
16
20
40
21
28
-37
37
38
65
37
161
137
-3
35
19
2
-41
29
16
2
-45
89
42
33
19
-30
20
-56
33
82
53
-6
25
-11
2
43
11
35
-19
38
12
50
25
44
44
55
52
18
40
28
34
88
44
55
23
22
22
55
8
33
34
97
51
1
2
6
80
20
35
0
53
67
54
37
81
72
54
19
7
1
32
53
80
51
43
23
29
4
7
69
19
34
72
36
17
115
11
4
60
-29
18
57
60
4
101
8
57
70
26
10
39
0
66
58
-19
39
6
12
11
13
40
28
-22
44
-14
-3
10
24
50
19
43
-3
22
21
108
70
102
80
84
56
6
45
-68
27
66
39
34
-19
-35
-6
11
9
56
51
114
83
-53
1
11
192
82
-85
-103
57
100
-59
33
-19
21
42
42
-26
52
44
90
26
98
-3
-117
-74
19
44
24
105
8
128
43
43
48
25
53
88
18
81
38
73
58
49
65
29
53
-10
-19
41
44
52
71
-2
40
50
66
19
146
82
1
24
34
12
26
-17
-10
1
41
-42
39
40
52
69
25
22
-3
9
24
22
41
-1
36
48
21
27
28
49
48
-22
48
83
9
53
13
64
2
9
21
6
69
18
2
38
28
58
12
43
13
5
-5
18
33
-8
43
35
10
52
69
-10
1
39
-25
58
84
9
37
10
55
3
10
3
21
51
-18
67
33
5
52
22
52
6
70
104
52
24
32
37
1
35
-11
58
102
69
-38
32
7
34
71
41
1
21
42
40
26
50
12
12
19
44
25
19
39
51
57
34
55
-6
23
22
-5
103
51
13
10
-8
12
44
33
19
24
66
26
1
33
25
12
40
66
20
2
96