0
33
51
86
100
81
21
38
26
75
66
0
12
4
35
51
39
205
170
22
16
-62
-6
96
57
37
3
57
71
35
-3
11
71
43
87
70
17
68
54
-2
16
16
-7
48
67
108
115
56
99
60
-7
-28
-33
80
130
-7
-6
51
90
130
-60
-45
-17
8
-42
-10
-28
73
117
98
71
72
137
89
39
-94
26
52
86
29
10
25
7
-29
68
41
36
119
98
59
-3
34
52
97
9
34
-39
-43
37
48
54
52
96
-732
1091
1091
1091
130
1
-18
42
21
58
56
34
-6
-43
-74
-54
36
101
108
144
151
56
-14
-17
-17
3
77
90
49
-4
40
32
43
65
50
34
48
92
69
44
6
-19
11
38
55
66
64
43
5
59
4
18
10
8
10
60
58
33
87
44
89
41
41
41
12
2
11
44
22
1
37
49
43
35
35
11
17
17
72
72
72
49
49
56
60
60
-2
12
44
89
106
106
106
106
106
106
106
4
-2
-2
19
39
40
21
21
55
55
2
74
74
76
64
48
60
23
-3
54
16
16
16
16
16
16
16
16
-1
32
32
48
48
34
19
17
17
115
99
99
44
57
57
57
17
17
59
65
70
60
60
60
36
68
53
4
4
4
55
55
41
41
41
50
59
59
49
71
71
33
20
20
20
34
10
10
75
75
75
75
75
66
65
65
17
17
17
85
61
61
61
61
49
66
49
49
74
43
-1
20
43
43
10
39
39
7
7
1
41
41
49
22
22
22
-186
-7
27
27
124
132
132
57
57
57
27
32
32
-9
-9
-9
-9
-9
-9
-9
-9
-9
-9
-13
-13
100
24
24
104
37
-1
-1
-1
-1
5
85
85
66
58
58
-35
-29
-18
-18
-18
-18
-18
83
91
91
41
41
50
50
-1
16
65
40
28
28
-2
-8
-8
9
10
10
114
114
114
19
23
23
7
-5
-5
138
125
125
40
40
40
8
8
-42
-35
-35
71
107
122
2
2
24
24
-25
-41
72
72
64
-22
-22
-33
8
8
54
65
65
89
89
261
261
264
264
257
-170
118
152
152
-34
-34
-41
106
-293
-282
-152
122
98
98
64
16
70
70
61
19
-33
-44
-44
-33
230
201
91
-55
-34
17
185
185
148
130
20
20
9
8
27
27
17
98
118
118
50
36
112
21
23
26
26
217
-198
-89
-90
-90
-11
-12
89
37
55
55
-10
-7
-7
17
-293
-465
440
346
179
179
194
39
-97
-17
-57
-57
-56
28
56
50
132
65
50
50
-2
3
-13
54
54
0
50
50
50
26
11
23
17
17
39
75
67
116
85
87
-30
0
44
68
54
64
87
87
99
77
7
37
26
59
26
72
86
86
67
67
67
-5
-5
-11
55
71
57
54
55
68
68
25
39
11
116
71
71
81
19
36
26
9
9
36
-2
71
53
53
53
32
21
38
29
80
57
50
85
85
83
56
-1
12
-13
-13
-13
70
53
52
16
32
6
56
56
49
24
34
34
22
28
49
55
20
34
44
37
23
40
29
37
43
-11
40
49
48
48
-13
51
52
32
32
1
13
33
33
33
89
38
73
73
96
50
11
11
32
97
74
92
84
35
32
32
36
52
32
52
67
36
-67
-113
-118
-118
-10
215
580
2047
2047
-1181
-229
36
32
60
54
54
102
20
91
91
77
84
32
43
133
53
60
0
61
101
53
53
26
53
22
1
40
-40
35
85
83
54
51
0
8
6
4
24
58
21
11
-36
16
45
129
44
45
85
123
144
87
50
57
33
75
77
82
82
-1
19
55
54
37
-8
40
27
83
49
50
70
28
34
8
-5
7
7
-7
61
35
152
-36
-83
60
74
16
52
10
44
80
58
17
20
51
33
40
36
-41
16
49
91
77
80
51
4
28
86
76
74
-29
35
52
50
37
-23
58
20
33
68
38
37
35
11
37
64
59
61
3
3
58
81
60
44
6
44
58
32
70
73
37
37
44
51
7
39
69
72
21
60
55
17
25
26
38
57
-20
42
60
92
72
72
58
8
55
13
18
12
24
34
19
71
117
66
-20
11
0
41
44
57
86
64
81
53
-4
5
27
45
51
66
90
18
49
51
64
52
17
17
55
59
83
58
38
10
-19
-19
59
33
38
32
13
38
70
23
33
12
18
42
65
50
-11
-12
8
-5
-2
97
5
67
53
33
84
52
108
76
-40
38
70
20
56
43
40
27
73
17
66
29
4
80
20
-103
113
97
67
39
7
44
25
-6
65
57
51
52
18
57
42
27
81
33
27
22
68
41
17
36
35
48
44
64
56
18
34
6
42
56
58
3
80
21
99
3
32
52
75
52
8
22
35
35
16
16
34
21
21
7
54
54
59
59
33
28
28
-4
-4
-14
49
50
60
52
52
52
20
36
36
42
42
42
42
42
42
42
26
33