0
51
52
20
26
24
-6
39
45
106
52
23
100
36
20
36
52
51
10
43
55
71
32
72
-1
60
-6
-5
-2
122
76
37
43
92
70
34
-20
68
26
67
54
73
40
60
52
50
114
38
2
39
45
42
33
7
77
51
37
6
71
28
52
4
57
86
18
26
73
69
24
73
16
28
88
-5
45
69
52
80
33
67
22
36
121
55
5
98
136
29
27
68
52
37
-12
3
-8
116
40
19
83
89
27
10
67
135
57
-6
48
82
88
11
48
49
169
45
40
91
-20
36
29
113
-28
75
19
40
1
17
70
28
54
71
72
34
129
58
35
-1
50
24
73
26
32
57
67
96
4
9
43
17
1
32
52
34
58
43
68
-4
55
54
1
97
108
16
103
-7
54
26
25
75
11
32
52
69
-6
6
-2
23
81
70
-18
0
20
17
17
52
58
58
27
27
52
53
53
44
26
26
52
52
7
70
70
70
36
58
43
22
22
22
22
41
41
6
6
39
12
12
12
12
54
72
32
32
40
123
24
70
25
29
65
88
-12
0
28
43
76
64
64
74
8
-7
32
28
44
37
10
10
70
55
55
45
72
72
72
72
72
72
72
72
72
72
57
57
49
70
37
48
48
33
155
155
42
17
40
24
53
72
109
21
21
41
22
19
39
59
84
84
27
25
25
0
0
0
0
17
4
4
70
18
38
38
65
36
35
72
72
18
18
37
28
52
52
48
21
21
4
4
36
36
36
42
43
58
64
50
83
68
39
49
49
54
-27
-27
-2
37
37
34
34
32
32
32
32
32
89
89
57
64
64
74
13
28
53
52
89
26
54
3
12
36
29
35
35
11
58
58
40
40
66
24
24
83
32
32
-6
41
41
37
68
68
58
49
72
72
72
100
89
70
51
51
7
49
49
7
85
48
23
23
6
6
6
35
35
5
48
40
2
2
2
2
85
76
44
24
26
37
42
42
25
25
146
-12
-8
65
36
36
-8
85
85
6
6
5
26
23
77
77
77
77
77
52
52
52
20
58
16
59
59
59
61
58
58
39
104
104
104
37
37
107
107
12
38
58
58
24
52
60
152
13
54
-3
32
32
-20
100
87
28
11
7
67
67
71
43
65
65
84
54
56
72
72
44
72
72
99
17
73
73
25
65
34
39
12
-2
-2
32
92
120
186
186
36
33
105
93
203
83
2
66
23
23
-25
112
-3
-33
32
97
-2
37
37
20
-20
43
23
3
39
85
89
89
56
42
42
119
112
44
61
11
65
81
81
1
-40
64
19
50
50
101
59
55
40
86
27
20
20
44
2
43
101
21
21
-53
22
-45
11
60
60
91
44
44
55
121
6
33
60
60
103
61
44
44
28
64
64
122
55
96
60
57
57
87
37
37
43
43
87
59
45
96
18
17
17
88
49
82
82
77
41
50
-20
48
50
84
13
55
54
-24
25
8
104
50
50
-38
19
0
7
39
83
93
34
34
54
19
56
67
67
61
42
32
32
16
37
88
88
35
48
48
48
-3
83
33
58
27
11
90
69
18
-38
-23
85
57
144
144
25
26
8
8
37
37
-25
22
-13
-13
20
81
81
-36
58
48
42
26
-1
43
44
42
50
21
16
59
75
90
102
67
54
41
-19
10
12
43
43
32
17
75
82
44
101
-44
32
-45
22
64
121
38
-4
-12
98
-34
86
97
66
138
99
-65
116
52
-20
152
82
-9
53
42
24
71
90
45
-52
-7
108
69
19
-26
96
-4
-21
71
-44
82
154
58
113
7
68
67
104
-23
45
35
-41
16
70
34
8
145
77
28
13
100
68
68
-26
122
103
41
106
81
-13
82
7
84
-4
185
-3
6
37
185
39
-13
118
10
26
74
69
84
-3
156
96
-20
76
33
148
35
-7
112
48
26
80
48
-6
5
73
65
-37
108
24
72
58
1
-9
36
48
83
64
37
5
38
9
25
56
58
107
106
-22
22
92
41
72
138
-1
89
81
64
26
-2
40
-3
50
56
8
26
189
-38
18
33
-7
171
109
89
35
0
76
113
17
101
48
16
141
11
117
25
33
33
21
39
19
53
84
-25
70
48
3
44
34
-22
119
98
100
48
-13
-12
70
115
140
-38
45
70
119
117
141
65
87
87
92
167
22
-44
100
24
132
38
-39
89
4
-65
77
19
32
103
54
28
-65
61
8
57
48
-21
28
6
-19
58
148
151
72
-52
36
-25
11
67
48
40
172
80
68
-7
22
-5
86
-20
40
58
34
77
49
-42
34
-25
54
49
71
7
99
77
117
60
-49
164
102
50
24
75
16
26
1
66
49
37
2
65
136
167
169
131
-19
70
70
41
35
68
68
68
68
68
66
66
75
75
51
40
40
53