0
5
36
66
-146
87
-45
-33
138
-74
26
28
33
109
132
192
149
116
65
54
7
-131
36
231
20
141
-68
136
124
140
-131
112
138
-65
-141
-97
-13
40
-28
198
124
84
34
3
-4
19
187
244
99
-121
172
0
-69
176
2
-56
100
65
-41
-20
-21
-2
156
-60
87
59
-11
220
220
100
59
-34
-34
-100
-72
-53
100
150
-2
-86
152
178
-3
133
124
90
-50
132
115
180
-106
90
164
-62
-46
122
-44
57
219
208
-75
75
99
18
-171
-98
144
54
173
-58
90
169
-104
187
-33
2
57
192
171
68
-122
-102
13
19
96
-53
74
19
4
-3
7
36
60
203
147
128
192
103
-33
-87
65
87
97
-179
98
54
10
-50
-78
-19
-70
8
-37
42
96
246
-76
-24
64
49
54
33
33
57
56
49
-34
213
103
-62
-37
85
53
103
19
-12
119
-89
53
9
119
119
119
119
119
119
-22
-22
100
100
100
100
27
-18
-18
22
22
-20
-20
-20
11
27
27
27
27
84
27
27
27
27
27
27
27
101
154
-46
40
16
51
76
90
90
66
66
28
33
36
65
54
54
151
36
36
64
141
141
141
141
141
135
-5
-5
38
151
151
75
144
144
144
144
144
53
53
119
119
3
-49
-49
-49
-49
56
51
-24
-24
18
18
-12
-14
-14
48
216
60
11
8
12
-71
-69
83
83
65
89
45
70
70
-29
48
48
19
57
89
16
86
86
86
86
3
-81
69
69
69
23
23
-25
67
67
163
1
1
87
36
36
124
93
93
44
130
130
154
33
162
33
33
33
74
182
121
21
38
38
38
-18
-18
-60
-60
97
97
-10
41
33
35
35
23
23
50
36
88
26
26
2
2
185
44
44
10
-40
167
167
101
82
82
-54
-54
84
84
36
109
109
53
53
53
53
53
53
-22
-22
-22
18
18
135
49
49
49
102
102
-59
-12
-12
96
-29
2
73
154
154
114
-18
-18
91
91
91
91
11
-7
-44
-23
33
151
151
150
150
114
114
144
116
116
-36
71
71
123
123
123
-70
-70
-69
5
5
17
56
139
155
52
43
49
-28
20
121
108
108
72
58
48
-13
34
84
120
56
57
57
-76
242
-35
-83
108
130
96
49
36
80
103
-90
-90
103
80
-37
16
155
72
144
-131
-131
-4
66
-59
-59
129
129
69
-169
155
8
154
118
179
161
-108
160
-83
-152
-152
134
87
125
112
69
87
-83
-83
105
103
107
91
49
-8
-8
-72
53
55
-142
153
75
136
72
107
177
123
98
133
131
74
40
-43
132
132
80
74
114
156
156
128
64
83
83
42
11
97
97
68
80
81
57
-4
37
138
75
106
4
107
107
134
112
-58
96
-73
58
120
103
115
64
52
101
84
8
7
113
26
-103
-103
139
134
-18
74
130
103
97
74
88
51
24
24
25
80
85
-4
67
43
52
26
55
42
18
43
2
44
55
55
4
76
89
21
42
40
77
67
48
83
26
27
44
55
67
24
24
24
21
22
86
13
52
52
28
36
42
48
27
45
45
26
26
33
59
32
38
11
149
89
89
49
20
23
23
5
71
71
52
64
50
38
38
66
53
51
72
-22
55
88
84
91
104
104
41
12
43
43
27
40
65
65
-25
57
41
41
32
-2
73
69
66
74
33
-2
103
43
87
87
48
69
50
96
77
77
48
23
59
23
84
80
101
72
23
72
131
27
50
73
99
10
10
75
-3
26
5
82
92
7
35
19
44
19
68
66
19
35
24
136
85
135
5
-39
40
77
89
55
34
82
34
146
105
4
16
-45
-44
35
52
144
71
73
96
5
48
104
92
55
24
-9
25
27
26
24
60
65
83
40
17
57
-7
-7
83
53
70
98
44
70
92
43
51
51
-24
88
43
59
130
140
74
53
90
-8
37
-29
68
98
92
65
54
-24
13
22
91
50
59
85
44
134
40
37
37
-6
-20
67
122
107
90
77
59
91
112
86
6
25
13
112
108
85
33
53
72
27
71
108
23
9
25
52
75
87
53
86
49
7
68
87
53
42
-12
28
60
50
58
57
50
35
64
54
55
69
13
57
1
56
43
100
64
33
35
84
92
21
-5
60
60
37
75
13
33
27
59
37
67
26
40
73
49
92
101
100
13
35
0
57
34
107
75
28
22
81
71
0
40
83
50
32
57
71
40
28
-7
36
91
72
-25
49
27
-5
90
117
48
39
87
21
51
103
83
12
-14
98
74
55
8
27
83
82
21
28
28
48
99
5
20
58
76
8
-20
81
5
81
23
59
70
-21
42
72
61
56
42
32
73
41
64
-1
58
32
72
33
33
18
59
24
41
28
73
56
48
60
39
-7
91
21
42
-19
56
55
91
-18
60
87
54
54
54
54
54
53
51
51
56
55
55
86
86
86
86
89
37
20