0
56
16
-27
-41
27
2
18
16
2
75
35
-3
38
69
49
106
68
45
36
38
9
10
53
18
42
28
42
22
10
27
16
48
86
85
17
7
9
9
23
64
70
17
59
53
73
53
52
2
8
5
35
26
22
-17
1
-35
37
64
52
44
52
10
27
37
8
49
112
54
70
26
58
35
38
11
11
20
-8
-10
19
53
40
1
70
4
17
34
60
50
24
38
32
6
9
40
65
22
41
36
75
33
42
17
82
65
64
39
-33
-20
36
26
59
80
20
-6
20
-3
16
-26
-27
55
50
74
49
10
-22
-9
48
82
42
71
-25
5
18
8
28
-9
67
41
41
48
22
-34
-20
-7
36
19
32
35
39
39
74
22
37
-13
-1
39
42
18
55
-10
-11
-19
36
21
43
74
75
6
67
60
54
86
92
148
84
91
69
50
22
-4
90
107
73
39
38
27
-36
-70
-110
50
42
43
-46
32
-59
-134
-125
-66
-27
7
-9
7
-25
-60
-43
25
-20
1
4
0
84
85
51
42
25
21
65
115
112
172
59
65
106
100
117
99
9
76
21
83
27
42
23
23
24
38
55
19
19
-3
-8
-8
12
11
18
-6
55
55
32
-36
-28
42
6
1
1
-6
-6
-6
32
33
64
90
97
17
-23
12
12
34
-1
-1
-1
19
19
8
8
3
11
33
56
56
35
19
19
52
52
58
58
58
60
43
50
50
55
55
48
48
51
53
53
53
53
53
25
22
22
42
50
50
50
50
50
25
68
68
37
37
37
37
39
38
38
40
9
9
4
4
21
21
36
39
39
21
0
-5
-5
38
38
37
37
33
24
24
55
55
55
87
68
68
54
39
39
-12
-22
-22
32
64
64
37
37
23
55
57
57
57
57
57
57
57
57
20
20
3
3
3
28
16
17
22
25
-33
-33
-33
7
17
17
17
17
-4
-4
-6
-6
84
61
61
54
16
27
27
38
38
4
-4
27
54
54
61
61
52
34
34
-1
1
1
53
53
37
24
17
17
17
17
21
1
1
-18
-9
-9
-9
1
34
34
21
21
38
38
36
19
19
19
19
19
19
44
1
1
21
21
42
42
42
4
4
39
39
39
59
105
97
12
25
-19
-12
-59
25
-9
-9
-2
-2
12
118
96
96
69
141
124
-193
-193
-172
10
10
9
9
-6
-20
-20
-20
-20
-20
-20
-20
-44
25
81
81
81
81
67
41
6
-6
-6
-13
24
49
123
92
105
37
37
53
115
-2
17
20
20
0
-11
12
53
75
41
53
1
36
11
60
7
-9
58
3
3
-2
56
57
66
100
98
98
75
41
-83
-83
-60
3
-12
-33
-33
99
116
24
21
-2
-3
49
2
-21
-2
-2
84
49
57
29
33
25
1
32
-7
16
10
-12
-12
-6
-3
50
59
6
23
33
26
-41
-17
-17
21
-12
18
18
100
100
16
59
65
-10
-27
-46
3
1
103
58
88
75
57
44
37
-6
-5
-5
-19
70
88
88
57
69
39
25
-7
-2
-2
8
3
0
0
39
41
23
55
42
66
53
6
26
26
50
-4
26
22
102
59
48
83
26
26
25
18
25
61
42
42
5
32
18
54
44
20
11
-23
52
56
58
42
28
52
52
21
21
8
8
28
32
19
19
24
24
28
70
57
20
-9
-12
-12
-4
35
36
22
20
49
34
34
73
74
-18
-10
2
44
44
44
41
45
45
61
35
32
54
-8
-11
-9
41
41
87
37
7
20
35
35
55
4
10
10
41
25
16
38
55
38
21
7
5
7
59
-36
45
57
58
58
58
39
33
68
39
39
-10
9
61
48
42
42
89
21
21
16
39
1
1
7
7
71
49
1
71
48
44
82
55
37
21
-23
25
66
16
57
8
41
7
64
-6
50
60
24
41
43
44
41
9
26
33
35
35
51
82
35
11
25
-4
20
44
64
58
9
-6
-1
0
71
-6
28
40
16
40
35
16
26
26
20
43
26
99
-37
81
43
9
53
2
18
58
17
39
87
42
57
42
56
56
-24
18
39
18
64
75
21
18
5
28
58
37
57
27
-2
23
0
3
53
40
11
75
41
49
18
45
7
20
20
-19
21
52
11
-14
45
35
-1
27
40
44
7
50
80
64
65
72
9
21
22
26
35
43
26
3
41
39
10
25
54
61
18
39
-19
4
37
66
57
-2
53
52
36
44
59
51
22
58
9
34
4
-4
16
43
29
28
33
35
52
19
61
19
12
20
23
1
59
48
56
21
17
61
37
68
33
-8
43
42
53
53
42
0
91
8
45
72
33
4
23
41
39
44
10
19
40
42
17
59
40
35
-35
24
41
5
33
17
-2
37
16
68
-1
-1
115
48
29
8
10
21
22
50
52
41
5
68
16
38
44
26
4
70
22
28
19
26
26
12
40
99
18
26
25