0
0
0
0
0
-72
101
133
-113
-113
-113
-113
-113
-113
25
32
48
58
58
12
12
45
21
4
4
16
7
7
18
18
43
43
54
54
-17
13
21
21
21
54
64
64
8
20
20
50
38
38
54
52
52
56
52
52
38
38
25
25
60
51
51
51
43
6
71
85
35
35
35
35
35
35
35
35
11
11
17
17
43
1
5
5
58
58
58
89
53
27
27
97
80
41
22
71
50
50
5
5
5
5
-6
-6
-35
-44
-44
1
24
24
26
16
16
-2
91
98
89
89
49
59
39
39
54
54
54
54
54
43
43
43
19
19
18
18
21
28
60
55
55
55
24
24
53
36
36
48
48
48
61
57
68
68
44
44
64
64
67
68
68
65
75
75
75
75
75
93
68
68
72
66
66
21
21
21
21
37
41
41
22
22
22
34
73
20
64
64
66
66
24
18
50
4
43
34
34
65
68
68
24
24
20
59
57
57
68
70
70
52
56
56
27
27
21
54
54
35
61
61
84
84
84
84
108
17
17
8
50
56
56
56
-21
39
12
20
97
61
23
5
20
58
76
76
50
5
26
12
20
25
53
25
52
37
37
88
67
91
41
53
64
69
69
64
13
13
22
41
61
61
-8
-4
60
60
60
44
4
-2
26
50
50
45
57
17
43
53
27
38
36
36
124
50
64
64
64
69
59
43
35
49
75
5
-3
80
80
24
37
28
44
56
54
-6
-4
-4
-4
76
65
41
4
38
-49
73
69
41
41
85
44
57
66
96
9
23
23
24
-11
9
-1
2
28
34
34
-44
-10
34
50
121
59
91
88
20
54
5
1
88
54
75
56
56
64
53
44
73
91
69
58
58
12
-52
43
-12
18
60
60
24
43
34
34
27
20
34
28
53
60
58
58
58
44
10
80
80
42
49
58
65
45
36
26
6
6
34
16
67
53
73
71
56
33
33
24
87
88
88
51
41
7
70
43
22
22
108
108
20
20
56
56
39
-11
2
2
38
41
84
97
51
48
85
50
-18
33
48
25
32
88
42
58
-11
2
37
34
26
73
58
58
49
75
34
34
-7
87
74
74
57
64
69
80
28
5
-19
37
60
75
67
29
34
4
41
38
24
40
40
23
26
40
40
40
49
34
52
18
44
90
72
22
43
20
26
28
34
38
64
18
8
60
16
9
49
28
17
28
37
57
45
59
59
40
38
29
45
24
41
37
16
37
26
52
17
65
20
49
50
32
49
35
25
17
26
66
83
67
85
64
69
75
29
36
55
-2
25
20
41
38
85
9
41
-37
50
44
84
59
48
40
35
18
50
41
51
1
50
28
32
39
69
45
24
23
32
28
68
59
36
34
5
41
80
40
32
53
4
54
50
35
48
25
42
32
60
-3
9
48
35
43
33
33
70
64
41
34
37
17
59
61
40
51
44
60
36
23
27
23
69
81
23
36
53
17
17
25
34
52
73
-21
69
72
32
58
20
37
-8
91
49
-10
52
27
5
20
66
28
54
50
64
4
48
-13
1
26
50
50
35
107
23
51
16
39
74
59
-2
37
42
53
43
6
55
55
18
38
1
27
28
35
60
65
39
26
3
44
53
59
50
49
45
10
24
24
6
-1
71
60
38
9
28
87
60
26
55
12
39
55
28
35
43
34
12
26
69
19
74
57
86
89
1
43
29
26
51
50
77
67
81
51
83
23
20
50
27
5
67
8
70
25
41
41
32
32
19
52
57
75
61
9
6
25
7
33
41
26
59
100
18
40
28
21
-18
51
56
72
58
66
66
73
57
22
12
12
26
27
66
66
55
26
26
16
16
8
8
4
4
4
42
50
55
82
82
82
106
83
83
75
75
-8
0
0
56
56
37
37
26
26
32
21
21
33
33
38
38
41
-2
-2
-27
36
28
28
92
92
92
92
92
65
25
32
32
25
25
33
67
70
72
72
72
81
70
70
36
53
84
9
16
16
48
48
48
49
49
49
49
40
40
69
67
67
67
52
58
58
58
58
0
52
34
0
3
105
59
76
83
83
8
8
24
18
18
35
76
37
44
44
44
34
7
7
7
7
7
25
25
41
19
5
5
-2
70
99
99
99
49
45
45
81
81
84
54
54
71
12
12
71
59
59
12
16
16
9
9
25
70
82
96
34
48
70
86
69
71
71
-3
-3
-3
6
36
37
37
48
45
45
51
58
58
36
36
36
36
57
57
-1
2
2
20
44
43
43
69
70
70
42
35
35
60
-17
7
34
23
23
3
3
19
-2
-2
-21
116
109
109
109
73
8
23
23
-1
-1
16
16
42
42
57
28
28
51
36
36
52
64
64
52
65
65
5