0
0
56
56
84
34
34
36
36
36
36
36
36
36
-6
-6
29
29
29
45
45
75
75
75
75
75
75
42
67
67
-5
65
65
68
68
68
68
58
58
6
17
-2
-2
-34
-34
25
11
55
55
55
55
55
55
26
26
86
98
98
98
40
-14
-14
-14
-14
-14
-14
-14
-14
-14
-14
-14
-5
-14
-14
75
75
73
25
25
60
37
20
20
41
34
34
21
58
58
35
66
66
70
38
38
-6
-54
-54
18
39
39
33
33
33
41
41
41
41
41
33
33
7
7
85
42
40
35
35
44
44
38
38
38
21
12
34
35
55
55
39
51
37
82
9
-4
-7
-7
-41
-51
21
24
26
58
72
49
75
10
10
26
39
-55
-55
-18
50
28
22
22
38
40
40
36
53
-4
52
49
58
61
40
38
70
5
5
-28
3
16
8
39
26
24
48
17
17
45
5
34
34
35
27
27
38
12
19
84
39
39
49
54
43
59
81
51
60
60
87
65
13
18
18
4
4
13
9
16
16
18
55
84
56
-2
2
2
36
22
23
20
2
5
5
25
59
59
42
16
67
67
60
134
125
87
87
33
32
51
51
16
44
1
35
-12
35
35
44
25
40
26
40
8
20
20
25
33
28
42
42
10
11
57
48
67
64
-14
11
-23
36
61
60
24
42
42
48
16
24
24
38
-9
20
20
52
69
71
105
117
44
59
51
17
9
25
49
58
58
42
-10
-7
-26
-26
-35
4
53
54
54
56
56
20
44
56
16
64
43
-18
6
6
10
7
11
11
11
19
20
32
37
37
27
38
37
17
28
16
36
60
38
51
41
41
11
21
27
27
68
8
36
71
0
39
24
40
40
40
57
75
39
-9
-9
10
33
-17
13
52
2
3
-21
19
59
-5
1
42
-1
73
43
34
-3
36
75
43
20
50
18
-9
11
-21
53
65
3
41
58
32
49
57
26
56
57
17
8
4
-19
75
49
-6
59
52
8
3
-18
35
0
9
-56
-9
35
80
54
60
74
35
89
48
-11
19
39
21
12
66
43
51
16
40
69
27
38
88
23
51
41
41
45
36
-1
40
104
137
82
10
25
33
89
130
124
107
52
8
-30
-29
-62
-54
-88
-101
-52
-19
5
12
-18
-77
-65
-56
-55
13
0
9
42
64
60
48
35
-5
-11
-26
49
41
73
81
48
53
51
77
45
44
1
49
45
12
40
32
85
41
54
24
-1
36
20
22
83
100
4
93
50
37
61
57
-2
29
12
-14
20
13
10
69
83
33
45
-21
-27
-19
13
8
81
25
32
18
52
39
53
29
18
-3
23
43
34
32
53
18
70
24
16
50
19
55
-7
-2
6
53
2
60
44
48
18
13
32
17
-21
1
9
18
41
21
20
88
11
58
38
28
96
13
-28
13
12
51
35
64
-11
34
6
18
22
36
36
23
7
57
21
70
55
29
41
-24
-24
-2
71
35
24
11
56
57
48
20
27
26
54
112
65
40
65
16
67
20
32
18
74
1
-5
48
8
-36
38
19
19
3
10
51
67
81
33
44
44
58
98
106
106
11
29
29
29
51
51
51
99
99
90
19
12
12
12
12
20
56
56
27
25
25
67
67
67
39
12
12
21
34
34
48
48
48
8
35
51
60
60
16
16
16
16
16
16
16
16
45
45
45
26
26
26
12
32
32
32
32
32
32
32
32
41
41
60
1
57
72
58
13
12
12
12
71
71
33
-1
-4
-4
-4
-4
61
61
61
61
61
61
61
61
-20
-20
80
37
37
39
39
39
39
40
40
40
40
40
27
49
49
42
32
32
32
32
32
32
32
32
32
32
10
20
26
102
92
92
66
65
20
-25
-25
67
58
58
58
92
92
92
24
25
25
50
24
24
-28
0
36
16
16
52
52
8
8
2
8
8
4
4
12
105
105
105
82
27
37
24
24
42
60
60
26
67
41
41
64
64
12
36
60
60
56
56
18
22
37
37
41
28
28
5
5
24
52
52
4
-5
-5
5
5
6
57
43
43
5
3
3
-10
-10
-10
41
22
22
28
28
28
-1
-3
-3
1
1
-22
-4
-4
57
75
75
76
76
67
67
48
40
40
-2
-18
-18
-18
-8
-8
0
45
49
49
41
37
37
-3
35
35
20
83
83
82
52
52
52
52
52
49
49
49
-2
-2
1
40
87
26
-40
0
-6
-9
-2
27
45
39
60
75
54
37
-9
-9
20
55
61
-3
29
39
-3
-3
41
2
-57
44
54
13
3
3
76
97
97
36
65
65
65
60
85
74
58
28
25
4
40
40
4
50
66
-17
-7
16
69
69
39
34
57
57
27
38
36
40
33
26
41
27
43
43
21
21
40
40
6
39
26
53
34
53
67
55
54
54
22
27
27
37
37
37
20
29