0
24
23
23
23
37
67
67
48
-4
0
0
36
32
18
-3
35
35
55
55
33
66
60
70
70
33
33
113
39
37
66
66
52
50
0
0
53
76
66
0
34
34
22
1
1
39
28
37
33
33
-8
24
24
24
21
32
41
32
55
35
26
122
10
-51
-51
23
28
58
40
40
-6
5
5
-7
99
70
3
3
3
-13
-37
-37
44
-6
135
139
81
45
-34
-189
-8
109
172
131
123
152
37
42
-17
-11
8
45
27
71
16
92
144
20
60
70
27
137
66
3
0
43
45
117
122
4
-69
-34
90
26
-27
22
48
37
2
36
25
65
76
39
9
48
118
80
55
49
54
80
81
43
29
29
-39
42
-4
180
146
148
194
16
-81
-167
3
70
-19
83
118
145
167
107
-8
-55
-87
-104
-82
10
137
196
225
177
156
26
-6
-54
-106
-119
8
82
72
107
151
80
72
-11
-24
-26
24
39
8
17
56
59
51
-3
22
35
128
123
107
70
32
25
-9
-3
-25
-25
97
102
96
82
36
-9
-8
-42
-55
26
56
118
87
96
131
43
-6
-61
-24
6
9
82
129
87
58
37
42
54
-23
9
39
49
24
64
42
43
73
39
25
18
83
84
45
2
35
40
55
1
33
33
106
55
88
88
17
8
-22
-6
39
56
97
64
70
69
24
34
-4
18
32
70
68
58
50
66
12
27
51
18
50
74
73
49
60
42
22
36
55
68
34
23
42
39
50
8
-4
11
19
-19
32
57
68
81
67
17
49
21
27
-3
24
22
34
43
70
87
64
75
0
32
32
32
32
75
40
40
48
19
-4
21
23
19
38
66
53
60
77
43
36
60
19
42
21
53
58
57
44
28
40
65
16
40
72
54
22
44
17
18
2
2
2
2
-22
-22
97
73
73
54
54
51
51
51
51
36
36
49
49
49
35
35
-9
59
59
52
34
37
23
37
37
48
57
55
55
55
55
65
65
64
64
64
57
57
-9
-9
33
37
67
11
11
60
60
60
60
60
60
10
10
25
25
6
18
60
33
22
38
66
48
44
44
29
16
16
55
44
37
37
35
35
43
48
48
52
52
54
54
44
44
44
26
23
23
13
13
13
13
13
13
13
13
10
52
75
75
72
37
26
55
8
8
38
38
26
36
3
-1
21
29
0
66
38
38
55
55
55
55
42
42
48
48
20
20
49
29
41
41
21
21
24
54
54
68
22
50
42
20
43
75
60
60
35
35
27
17
38
38
38
26
39
39
13
13
13
13
13
13
13
13
13
0
33
33
23
23
70
20
83
50
50
10
16
26
7
7
38
74
74
74
71
71
36
33
33
34
97
97
80
80
28
20
20
12
12
-1
10
71
71
65
10
10
10
23
23
18
18
10
35
35
35
36
32
50
50
17
17
23
36
91
87
87
75
54
54
54
54
54
34
42
77
64
98
98
40
8
65
44
44
44
44
44
58
55
71
71
8
19
19
64
64
70
28
36
40
43
57
53
52
24
22
50
20
20
26
51
64
118
54
39
39
22
37
60
65
23
6
35
-1
25
22
22
22
4
4
4
52
50
72
72
34
21
72
28
28
55
77
77
37
24
48
51
8
71
66
56
66
25
54
38
33
33
45
16
10
21
37
28
24
34
27
27
23
17
17
72
24
69
69
69
69
56
51
16
43
20
43
35
17
35
33
25
4
4
24
91
89
89
66
54
50
55
48
44
-4
41
59
69
69
58
28
16
16
75
67
23
74
17
-3
27
9
9
61
53
24
55
55
45
11
36
37
33
32
32
43
4
49
69
26
17
28
35
39
87
28
28
29
17
35
5
37
45
45
54
26
70
8
-12
43
43
43
23
23
52
24
43
53
58
80
5
49
8
2
22
18
59
12
50
40
40
67
-18
60
60
44
57
49
7
7
9
67
22
52
66
66
54
50
45
38
38
5
5
-2
50
60
51
44
12
12
50
51
53
18
11
51
52
43
55
40
-1
-1
49
52
52
52
64
64
59
54
51
51
51
88
37
29
6
80
74
38
38
20
53
48
43
43
18
53
44
22
11
27
82
49
38
49
48
27
26
35
41
41
40
50
45
32
27
64
45
74
69
4
-38
60
13
27
37
43
57
17
44
51
49
32
56
50
38
23
35
35
35
18
75
27
56
52
68
38
34
50
38
24
39
52
33
67
22
39
58
16
60
48
54
36
48
72
19
38
42
32
70
51
68
28
45
74
10
17
74
40
25
50
13
48
70
-12
11
70
26
44
51
33
60
69
19
75
49
58
50
17
25
20
37
37
55
44
57
4
48
43
103
69
49
35
26
-22
74
27
58
54
39
67
37
26
-11
43