0
0
57
19
19
19
19
19
19
19
19
19
19
19
27
27
27
27
43
61
61
60
60
51
51
50
39
71
71
71
64
64
24
70
60
-4
-13
37
35
35
19
35
35
48
48
21
-3
-3
44
42
42
43
43
42
42
20
20
11
11
53
53
53
27
18
23
23
23
25
25
9
38
-21
-19
-19
-19
-4
26
26
51
26
26
35
8
8
48
48
48
66
66
66
66
66
72
57
40
6
5
5
27
41
52
55
55
55
55
55
55
2
-9
-11
-11
35
54
23
24
53
17
-23
59
44
58
58
54
7
22
26
24
12
12
2
42
13
28
28
83
-21
2
-21
18
16
8
42
16
53
53
77
101
58
68
87
43
43
74
61
45
10
27
29
25
1
55
42
10
40
40
24
21
48
71
-1
-5
-5
72
12
17
27
40
40
24
28
48
53
45
-1
-1
33
12
12
60
65
56
59
23
50
20
19
53
25
40
27
27
17
17
38
17
37
27
34
18
21
21
32
39
20
35
-19
36
35
60
40
9
77
42
19
65
44
38
48
-29
-1
26
28
4
4
-12
6
39
48
38
-18
61
42
42
118
81
45
9
12
12
41
55
18
49
49
17
16
4
58
74
10
10
28
35
77
77
12
32
50
-6
-9
23
23
16
16
70
16
-3
40
5
55
5
5
-4
6
50
22
5
5
9
45
42
42
4
4
64
32
-9
26
37
37
37
24
35
19
24
20
20
9
9
75
75
54
34
20
73
73
58
57
51
23
-8
5
18
20
16
16
44
55
43
-2
12
-24
28
12
0
28
13
13
56
-4
45
52
4
4
81
13
-7
24
19
56
39
16
26
8
10
56
20
57
42
28
17
38
8
24
17
39
49
-10
38
64
21
61
61
24
76
-4
48
23
42
10
-9
17
52
42
18
6
33
10
33
60
7
32
83
28
44
74
16
-4
-6
5
8
23
3
54
18
-10
28
27
38
-11
34
11
64
22
20
59
64
1
22
22
-1
66
66
66
44
67
-23
-25
26
35
28
26
57
9
10
-8
32
53
44
55
39
33
48
87
34
56
37
59
52
32
12
5
5
9
1
-5
18
17
97
19
28
44
76
-24
-2
43
-3
-9
49
10
11
19
24
27
39
25
25
36
20
22
37
38
82
36
28
-11
8
59
33
4
3
83
76
83
83
22
-87
-20
83
39
81
81
-14
54
68
35
-1
-1
-8
-17
-20
7
72
48
25
67
67
40
-23
13
60
-11
-22
-51
93
70
105
64
48
84
73
60
-89
-87
-6
24
-41
24
34
53
42
58
43
16
3
3
52
54
18
26
16
55
102
136
73
36
-99
-57
-52
-54
-55
26
42
1
11
34
106
229
166
-23
-76
-84
4
-82
-6
50
-13
44
33
67
530
169
132
-18
-51
-76
0
-8
4
61
59
28
73
-9
-27
-42
-53
39
85
81
34
32
38
82
84
50
5
-33
-37
0
35
97
8
-27
67
100
91
69
54
6
-51
-52
-51
-43
-41
32
8
33
60
-23
60
60
33
19
26
26
33
-3
0
9
-12
-12
59
37
45
45
44
52
52
66
-2
-23
-23
-26
-26
2
2
101
91
91
21
38
38
-46
-36
33
29
10
58
58
58
58
58
58
58
42
50
50
50
42
-1
-17
9
39
49
58
44
44
26
26
-17
-11
-11
77
12
1
1
1
1
1
1
1
1
13
21
0
34
34
34
72
72
72
-13
-13
-1
8
8
4
4
-2
59
83
83
73
69
69
69
69
25
28
24
34
34
34
33
52
113
113
68
68
-17
-19
-19
33
38
38
32
32
22
22
19
8
8
51
51
51
91
91
23
25
25
70
70
70
70
70
70
70
91
91
84
76
76
40
67
-123
58
0
0
-40
-41
-41
-2
18
18
6
6
5
-53
-53
-61
161
161
172
166
117
123
123
48
54
54
54
90
74
74
74
74
74
74
74
74
74
74
74
33
45
45
10
10
48
48
48
48
29
-51
-51
19
35
35
35
-56
-33
-33
67
67
67
60
60
34
50
50
50
48
-39
24
24
28
32
32
25
25
22
-4
-4
72
76
76
74
60
73
73
64
64
90
105
105
108
108
48
48
48
21
-70
-38
-26
42
21
21
29
29
24
-1
22
67
22
12
-24
-20
-20
86
86
86
92
92
112
113
113
155
155
155
164
412
412
412
385
-185
-67
36
-7
-236
-236
-211
-211
87
-4
70
258
258
251
243
16
-7
-36
-36
-104
-97
170
170
85
35
16
32
10
10
69
59
121
84
92
98
98
108
144
130
172
172
169
141
135
121
84
88
88
73
103
29
-26
-251
-29
-29
-17
-17
50
32
104
58
-7
-13
-45
-45
-359
272
272
272
115
72
102
102
136
134
-17
-121
-6
49
29
29
-37
11
17
1
3
-7
-7
17
-12
26
26
72
2
7