0
40
5
51
52
88
88
88
88
88
88
88
97
97
40
52
52
52
52
25
75
-27
-27
56
19
-11
41
51
75
71
37
136
136
128
-20
28
74
54
65
65
66
11
43
6
19
-13
34
34
44
64
61
61
87
74
43
43
32
68
10
85
60
32
32
56
2
18
50
50
60
67
90
50
52
49
-68
-68
-53
1
32
41
148
69
85
-24
35
35
-11
11
80
80
107
107
82
93
80
59
-9
19
41
41
37
75
90
59
72
57
57
-49
19
19
66
99
60
60
58
18
4
4
9
-5
86
86
89
74
6
-3
0
-1
10
33
29
40
73
114
29
-8
-2
6
55
52
52
52
75
81
-3
21
0
0
60
60
60
71
76
76
53
57
37
41
41
38
39
45
45
53
71
-25
-9
-9
-9
32
49
75
64
58
55
50
12
9
59
72
69
86
70
69
-12
-11
16
16
16
1
86
70
86
38
35
43
43
18
1
-3
-3
90
90
25
61
-8
-8
-22
-2
49
49
65
45
45
45
29
65
65
76
72
60
68
44
-10
23
-2
-2
-22
26
24
41
80
59
38
38
7
24
45
45
55
91
98
98
37
55
55
4
11
56
17
17
17
70
11
77
77
77
26
36
41
42
56
32
-27
8
102
53
58
57
24
51
51
91
-9
24
41
72
70
39
74
12
51
66
84
22
41
10
26
75
24
-6
7
26
72
70
48
7
32
50
53
8
55
44
40
49
55
51
44
17
48
57
29
42
39
27
64
48
83
24
50
56
38
44
9
72
54
58
65
13
26
27
40
39
-6
65
23
50
80
59
41
49
25
41
49
76
37
50
17
88
8
41
42
91
66
18
48
28
33
25
21
27
41
37
82
33
80
99
32
13
41
-12
74
-23
67
49
51
59
74
11
44
18
43
27
34
13
59
36
49
41
6
28
66
28
27
54
50
106
53
21
50
38
37
29
50
27
6
23
40
77
71
33
40
23
24
24
11
49
2
22
74
6
52
4
100
86
28
44
11
17
2
70
82
19
5
50
38
98
55
39
24
39
51
52
59
53
69
65
20
19
77
23
1
11
54
37
16
48
38
-7
49
45
-2
48
44
57
50
52
37
89
70
65
3
56
75
1
2
41
50
24
54
38
35
45
28
16
39
35
44
25
74
38
40
23
54
25
19
11
36
43
8
43
68
76
42
9
37
72
20
38
16
70
61
17
57
49
68
22
53
-2
44
80
56
41
32
26
22
60
53
29
22
20
39
10
50
73
-6
21
27
57
43
53
18
61
74
55
25
44
-10
64
35
52
36
37
22
13
19
101
34
69
32
50
35
35
27
92
92
69
42
17
7
28
55
34
76
44
41
41
55
33
33
34
34
4
-19
66
41
41
41
43
41
58
58
75
92
92
92
92
42
38
38
20
48
48
38
4
4
56
39
73
73
68
88
54
48
26
24
11
25
25
58
57
57
68
37
37
60
60
49
10
10
11
64
64
49
49
49
49
49
49
49
54
51
51
22
38
38
25
40
35
35
42
49
74
11
8
67
67
3
23
23
56
40
55
71
57
52
52
40
32
32
32
32
44
74
70
66
40
57
57
57
54
32
32
51
49
13
58
60
60
54
51
51
11
-3
-3
41
41
41
41
20
34
56
48
51
65
35
32
32
48
2
24
48
51
52
69
69
65
65
65
65
65
65
41
52
52
50
52
9
36
36
64
64
64
25
27
27
49
34
34
53
34
34
22
32
32
1
1
7
72
72
58
-4
2
2
36
36
40
40
40
40
40
40
43
43
68
44
96
121
121
21
67
67
-21
-17
-17
20
20
20
19
19
24
54
64
53
53
53
53
23
26
26
19
35
35
36
59
59
64
16
52
37
32
32
52
52
52
28
19
19
27
27
16
25
25
25
25
25
25
13
13
32
71
11
19
21
43
57
57
57
40
39
41
61
57
60
96
-1
50
19
18
18
60
43
89
26
29
64
85
0
32
32
38
83
18
18
18
86
41
48
38
38
56
44
35
20
20
58
33
36
72
104
54
41
73
35
23
65
39
39
9
17
37
21
21
24
38
57
57
60
-10
-5
41
57
68
12
60
86
38
38
52
18
35
26
-10
76
43
43
42
-5
56
56
56
53
52
75
76
91
33
33
61
58
66
75
50
59
11
11
37
21
59
66
36
36
1
57
48
51
58
32
32
56
40
23
88
41
38
3
45
10
-3
19
19
20
21
53
49
38
16
60
11
7
55
55
27
28
45
64
57
67
16
55
27
-22
3
37
37
65
59
38
37
37
93
67
41
50
48
48
24
40
40
35
55
42
22
21
27
44
88
37
51
23