0
0
26
26
49
64
64
64
10
25
25
35
35
69
69
25
59
59
118
40
40
19
19
19
82
75
75
75
75
20
-2
40
69
53
53
53
53
53
53
32
32
49
49
48
48
87
52
52
72
72
41
28
28
25
25
23
22
22
22
22
51
48
106
106
21
41
41
20
20
24
49
49
43
43
43
32
32
32
32
32
32
32
32
32
3
50
67
67
65
39
42
21
-3
45
45
60
58
23
40
40
66
52
65
67
67
35
44
44
44
76
76
76
76
85
71
86
9
22
99
99
57
54
54
75
7
7
6
68
41
42
58
55
69
29
29
42
118
69
69
69
71
36
76
50
72
72
18
18
18
18
18
18
73
66
66
112
112
23
81
25
82
82
53
59
59
38
74
67
41
41
41
67
67
41
41
59
59
68
68
39
39
53
72
64
43
64
64
64
69
50
12
12
80
80
103
103
91
91
97
97
53
92
26
57
57
72
72
72
70
70
26
29
77
69
64
64
50
50
50
75
86
86
34
13
13
27
27
45
45
45
45
45
45
73
51
51
65
53
49
59
64
41
64
71
81
41
41
39
50
68
50
52
73
73
87
87
17
65
44
84
25
1
28
1
84
56
54
-26
-26
100
60
25
-22
44
27
0
48
37
107
35
42
85
58
5
17
48
86
86
12
38
53
90
107
75
56
58
45
134
64
59
80
87
41
71
8
21
21
64
64
120
67
86
86
51
51
51
58
17
17
58
52
69
10
44
-3
43
73
73
90
25
18
18
84
33
86
82
60
60
97
33
10
84
59
71
71
36
16
43
26
-23
85
71
72
12
-18
49
38
85
-1
98
82
65
54
71
53
64
53
26
58
59
86
100
92
51
48
41
41
81
101
101
33
64
56
55
57
86
58
58
54
21
41
52
52
51
51
5
50
51
48
52
52
69
24
17
26
5
40
25
66
68
59
48
-5
32
114
64
36
66
21
10
84
55
76
76
109
89
11
69
58
52
50
65
27
64
49
44
35
25
37
16
45
59
24
70
70
52
97
74
73
98
80
57
38
40
40
66
49
49
50
5
37
60
85
74
21
38
38
0
56
-20
50
29
71
93
98
98
100
98
53
59
42
38
34
34
71
85
85
72
17
85
85
55
60
93
96
35
77
64
50
38
-3
39
44
-2
4
43
43
80
93
-20
28
-4
70
92
5
41
39
57
68
75
35
92
34
33
43
80
38
67
51
66
7
52
-17
38
22
89
28
13
52
58
66
43
58
8
76
87
2
39
75
83
3
76
28
64
36
40
104
25
-18
69
89
42
55
38
19
128
19
128
50
1
1
18
75
58
49
1
55
103
50
80
48
41
13
93
44
39
66
72
56
56
28
28
28
28
75
77
16
43
8
25
29
58
51
26
77
16
40
55
22
122
72
58
44
90
106
92
76
21
41
43
81
90
24
4
19
8
93
83
162
91
51
50
129
69
69
22
39
36
64
82
59
40
83
57
16
60
83
20
25
66
16
90
118
54
56
-17
-38
-38
105
106
131
16
17
49
10
16
11
71
8
3
112
104
112
103
12
96
-3
120
86
21
18
50
60
100
116
115
-52
-27
65
97
101
75
17
22
37
168
98
71
90
50
-39
-13
-37
107
48
34
-36
17
134
128
87
75
71
1
-23
10
-3
106
151
1242
-269
-104
-10
153
153
133
224
183
24
4
-10
42
64
38
-29
35
149
40
65
10
-88
12
44
81
55
194
99
8
68
59
41
69
5
-43
-61
11
97
27
96
1
18
176
149
22
36
36
64
60
19
66
97
-29
-12
87
35
98
133
56
2
49
53
53
53
33
74
54
28
58
53
53
53
-27
9
9
52
76
80
75
13
22
22
76
-27
-9
89
74
67
67
82
74
74
74
74
74
74
74
74
93
93
93
37
39
81
18
27
27
27
27
27
44
44
45
84
72
67
8
75
75
75
75
75
75
75
75
32
32
41
12
12
52
90
60
60
44
19
19
28
28
33
33
25
25
81
40
70
43
43
43
43
101
36
59
57
57
1
1
2
2
2
45
45
108
40
12
65
52
52
77
77
59
67
56
57
57
60
60
60
59
65
45
8
8
103
103
64
64
64
64
-4
20
-7
-62
-62
18
-28
-36
-36
1
-11
-14
-7
99
99
42
25
58
12
21
21
24
24
106
132
132
81
59
59
98
114
66
56
82
90
96
106
106
106
106
106
106
106
106
106
106
87
99
99
5
5
5
66
66
66
66
-11
19
19
19
19
19
-5
-12
-12
-12
49
49
49
83
26
21
38
38
38
114
2
103
119
72
16
16
33
33
19
-3
-3
72
42
42
108
25