0
72
72
72
59
55
18
1
38
67
67
77
36
43
28
21
21
20
22
24
24
45
66
42
55
43
10
24
32
37
48
80
-3
32
86
33
36
32
39
-2
-2
41
37
37
20
20
20
76
60
11
57
51
36
66
66
19
36
40
39
0
0
44
20
51
65
35
35
48
21
67
65
77
77
29
49
49
49
49
36
53
10
23
38
17
59
54
75
26
24
25
49
66
82
70
3
45
33
44
64
12
65
44
23
11
42
7
29
36
28
35
69
-8
36
41
51
91
41
-2
34
8
40
83
53
39
3
36
5
42
26
60
65
55
58
6
32
51
41
36
48
28
4
-4
43
102
51
44
37
52
40
27
22
55
33
39
38
50
43
51
54
17
3
53
23
38
42
33
34
35
22
85
0
99
37
41
10
60
69
41
-2
61
34
45
53
32
21
34
28
73
65
10
6
28
58
41
58
66
114
16
7
20
1
44
90
-1
33
17
82
54
38
53
71
81
49
52
35
17
24
38
16
48
51
50
85
22
22
37
32
34
37
32
40
53
74
25
60
36
22
58
35
101
64
26
40
25
42
42
28
34
51
27
40
19
17
40
65
61
20
50
7
50
90
43
54
41
5
83
49
37
20
32
69
21
58
57
20
-23
48
1
58
44
77
42
19
83
35
16
33
39
11
32
1
51
28
66
5
68
55
20
34
65
10
10
61
-5
-3
32
37
20
73
109
75
56
27
27
97
41
-9
72
12
48
36
71
53
34
4
37
25
2
25
49
35
25
21
-2
33
97
21
22
24
38
39
38
48
7
40
7
23
18
59
53
42
68
37
32
36
2
56
65
86
35
36
55
65
65
74
74
74
22
43
43
43
43
43
43
26
25
25
23
25
25
28
28
28
28
28
28
28
28
23
24
58
27
27
27
39
70
70
36
6
6
4
73
65
65
65
59
49
42
53
53
72
36
52
52
10
24
39
42
26
70
65
65
36
66
66
59
57
57
40
40
55
39
39
54
25
35
35
17
41
41
26
22
22
49
49
39
56
43
43
37
37
49
49
49
49
52
52
34
57
57
66
66
32
32
67
58
40
20
41
41
40
50
37
37
37
25
25
58
35
35
43
43
34
34
32
39
42
38
38
73
65
48
57
57
57
50
19
51
54
54
60
60
10
10
27
27
27
27
27
54
57
59
59
59
0
58
44
75
42
23
53
48
35
21
38
49
43
43
43
50
50
37
40
40
37
29
29
41
49
49
49
49
49
37
37
60
51
51
23
33
33
32
23
35
36
38
25
25
41
41
52
52
37
37
12
20
20
38
23
23
42
37
-21
-21
-21
-21
-8
36
48
56
56
66
66
37
37
36
36
19
57
57
57
56
56
73
73
81
43
19
48
48
48
48
48
48
48
43
48
48
34
33
33
74
-1
28
28
44
35
55
40
40
26
26
-13
2
2
33
6
6
6
29
57
26
17
16
80
87
38
22
25
69
53
35
57
57
44
32
32
21
18
26
82
6
6
36
50
67
67
48
59
59
73
74
89
37
37
65
33
9
48
21
10
10
7
2
37
55
55
57
39
45
82
5
10
21
21
-50
67
19
19
68
43
28
0
2
2
55
49
76
56
38
38
36
34
58
54
43
9
9
33
55
55
27
56
7
7
20
42
42
38
36
40
40
64
64
60
42
38
72
60
60
51
56
60
50
53
35
27
42
50
73
51
51
23
32
32
27
27
67
18
41
6
38
75
51
51
48
66
67
75
75
86
6
19
32
36
86
53
44
59
20
20
8
44
39
17
22
38
38
29
50
48
48
35
50
68
26
40
64
42
0
48
48
12
22
35
67
67
70
53
34
40
40
28
2
8
8
42
59
35
-2
-2
17
48
16
16
53
50
28
28
34
8
25
25
64
10
10
41
68
70
70
23
37
33
25
25
56
32
18
53
53
71
80
70
38
41
28
70
18
18
52
80
23
23
45
2
-2
20
74
37
37
36
33
33
38
45
40
9
53
53
64
51
48
40
34
33
68
84
67
66
45
21
28
44
36
58
73
74
22
57
25
80
43
12
55
20
20
57
36
-5
25
69
76
77
9
67
35
42
-3
37
56
38
11
51
37
70
-3
16
81
59
55
-34
52
72
58
34
32
44
-13
9
34
49
52
42
39
3
39
33
60
33
53
48
60
27
72
10
36
58
28
34
21
54
25
57
42
33
68
54
32
3
55
65
25
27
51
48
48
52
49
53
37
33
41
83
-18
-28
74
33
3
81
36
37
45
66
36
58
57
26
6
67
4
65
40
37
70
44
90
65
48
52
80