0
6
6
-8
40
101
103
88
98
98
-57
-10
90
90
51
59
53
83
76
52
25
25
-6
64
66
66
119
124
124
0
85
85
0
13
80
0
36
26
26
80
41
64
3
82
41
41
6
48
107
48
70
70
64
99
73
86
-24
-24
72
72
118
118
68
82
71
22
13
-4
-4
41
69
75
51
21
21
21
60
16
16
35
26
-2
-51
17
-7
45
-11
-11
-6
-6
22
35
35
68
89
26
97
97
106
71
26
121
105
52
105
33
40
40
67
98
43
3
118
55
68
150
57
139
26
35
75
68
66
73
51
11
24
77
57
24
66
57
43
22
10
75
50
0
106
106
5
141
107
54
39
11
55
83
105
34
26
77
104
116
98
10
37
32
1
132
132
101
7
65
-4
76
121
64
68
-20
9
150
90
82
13
22
50
38
81
98
7
-38
60
90
17
3
-11
64
24
40
55
21
59
59
55
85
72
86
-36
51
74
-60
13
102
75
-12
48
81
100
39
69
4
19
105
44
44
27
55
32
27
34
7
12
71
54
11
60
39
92
41
5
71
-17
50
40
11
52
-21
24
84
33
49
74
-114
-1
139
74
28
82
11
73
-9
55
22
64
64
54
59
8
34
75
73
54
-12
53
69
-17
76
56
60
60
82
-23
-13
-2
56
77
102
44
65
65
39
93
49
102
4
77
-3
10
10
41
35
37
-26
-45
122
84
13
73
65
53
72
72
83
-14
34
16
92
24
36
86
74
34
39
65
88
44
109
-38
52
-1
-5
57
-2
28
81
60
100
70
32
54
76
37
70
64
77
1
41
103
80
87
85
-23
26
44
96
101
35
0
109
1
107
1
119
32
40
10
197
51
57
34
134
134
85
36
67
-24
71
61
58
101
33
-14
69
81
10
99
-50
77
26
20
59
77
77
51
13
23
0
48
48
102
89
89
4
4
4
17
-12
-12
55
96
41
42
66
66
25
43
58
58
37
37
51
51
55
59
59
76
76
44
44
-29
21
21
5
5
53
53
40
41
19
19
8
75
75
75
75
57
57
145
68
68
39
39
48
51
32
32
48
48
105
105
67
76
76
1
72
72
72
72
28
28
39
39
39
39
2
2
51
51
70
70
-17
-17
-37
-37
-37
-37
48
82
50
82
4
11
25
53
17
48
39
19
21
28
55
55
55
86
86
86
86
86
64
64
24
22
88
58
39
29
29
13
100
100
48
37
64
64
20
43
59
35
32
55
77
77
77
129
129
129
33
23
23
16
21
76
76
51
-23
-6
-6
-6
26
26
34
34
50
57
57
33
2
59
59
59
59
81
72
72
77
77
74
74
74
74
-25
-25
82
82
32
11
11
-7
-7
75
75
80
186
186
-12
-12
-1
36
34
73
18
44
12
35
37
37
44
97
40
23
23
-8
-8
35
13
13
49
51
51
26
26
97
84
84
8
8
-10
103
103
115
41
41
81
81
28
28
115
114
114
22
74
74
74
74
11
26
54
65
39
39
32
32
45
81
81
66
66
-7
-7
-7
-7
-7
-7
86
86
86
37
28
75
75
75
66
66
66
66
66
66
8
8
33
21
18
18
105
41
41
102
4
2
13
11
53
53
52
89
97
97
45
59
77
32
67
3
22
22
16
-5
37
37
37
23
57
57
58
81
24
64
38
1
75
68
68
16
40
137
-33
36
82
7
7
13
6
18
18
18
45
66
66
-104
20
16
82
82
50
88
25
25
35
28
28
26
29
98
2
53
100
154
154
-2
5
49
164
26
90
10
-51
12
76
76
83
70
38
39
43
48
138
138
133
7
11
0
45
65
24
43
44
-1
27
27
76
28
-23
-23
52
84
97
108
108
12
38
38
54
17
24
48
48
36
49
22
51
96
89
89
73
53
49
43
3
91
68
73
73
40
16
18
73
107
107
50
64
35
113
99
34
34
3
5
38
65
65
91
-17
44
73
64
88
88
76
27
168
168
105
81
50
50
89
20
26
-27
-27
26
66
66
99
61
11
11
58
17
-1
102
-33
23
24
132
132
26
37
48
0
54
54
55
43
71
112
60
-10
5
5
12
24
77
129
16
76
83
-12
-12
-3
70
66
7
49
37
52
17
41
24
88
50
75
-1
3
66
66
-11
187
5
101
88
-4
85
57
36
56
50
5
38
75
38
33
70
39
82
34
-27
96
-66
-19
147
67
59
-42
10
17
60
10
42
11
38
92
91
157
75
131
50
34
114
70
112
66
2
33
-6
26
120
20
-43
120
50
85
-11
7
58
77
41
60
50
17
34
27
88
40
71
100
70
50
27
130
73
42
55
71
37
90
55
48
16
51
114
0
87
48
25
90
66
5
136
64
29
50
93
48
65
65
6
98
50