0
0
0
77
74
74
35
35
35
67
67
38
38
40
40
75
40
86
74
71
71
53
53
58
58
21
-2
-2
-46
35
49
70
60
72
72
115
98
25
43
43
43
-7
-7
54
104
52
49
49
20
-24
-24
55
55
37
37
5
19
80
29
29
84
-14
61
61
53
71
97
34
10
10
10
86
91
91
77
24
2
19
19
11
18
107
115
73
4
4
105
66
118
96
88
7
69
93
99
99
72
56
4
4
75
61
42
42
82
124
153
58
53
32
37
51
66
26
37
-3
20
107
107
82
32
32
65
-26
29
7
16
76
24
105
67
65
64
41
51
51
25
26
64
66
53
12
3
3
42
66
69
24
24
4
49
76
76
58
38
24
71
37
40
8
8
65
-1
3
43
72
74
74
66
5
57
-44
-1
58
48
-33
25
10
44
44
67
-11
51
-19
1
-18
45
45
56
71
48
88
103
-11
17
11
7
7
35
53
59
80
69
22
5
72
34
56
67
36
57
57
70
17
38
23
23
58
16
24
50
73
55
55
140
58
-4
0
50
19
13
66
36
36
55
25
-38
-38
37
25
25
44
55
56
56
115
36
27
18
81
108
66
54
52
28
-3
2
6
12
-18
6
34
41
43
65
41
-8
24
-10
16
16
36
36
54
54
-1
71
71
71
59
38
17
90
117
35
33
3
88
83
83
72
8
50
76
154
70
50
-21
17
138
28
27
41
41
20
22
121
76
2
50
25
137
22
36
56
137
-20
86
140
-45
71
41
38
139
59
28
9
-19
87
92
108
38
22
69
27
8
35
61
74
73
112
35
58
70
60
67
60
20
39
-9
21
122
-5
72
64
-1
131
-9
81
93
10
80
87
77
85
84
42
50
88
74
10
67
57
81
57
35
22
80
68
35
10
2
101
93
90
81
58
-9
60
69
73
20
146
48
48
17
12
92
11
-22
34
102
34
21
69
9
64
45
65
5
32
52
90
-40
49
122
52
55
41
40
136
-20
56
96
-4
4
58
32
11
11
66
40
80
57
26
25
70
6
54
70
68
23
41
39
6
57
84
35
42
128
65
67
67
33
20
69
93
37
37
21
35
41
58
75
-8
29
27
60
33
40
49
65
89
51
0
39
41
40
57
18
45
74
101
96
53
4
32
74
56
6
44
115
28
-23
12
29
91
54
-26
23
52
100
53
59
44
27
53
75
59
55
44
4
-12
92
87
93
85
24
60
28
106
90
25
128
37
85
119
68
-19
50
67
73
59
38
56
2
42
56
93
104
54
28
24
49
37
8
80
124
50
24
60
71
11
-9
24
99
101
26
3
58
8
38
49
51
52
19
52
69
48
42
-2
53
12
42
73
50
22
52
67
40
44
104
49
49
60
96
96
84
106
98
121
88
81
35
34
34
33
33
33
33
53
68
69
69
16
49
-46
54
38
38
90
34
34
81
81
81
81
81
81
81
137
39
39
45
39
56
-12
-12
-12
-12
-12
35
25
25
76
53
82
20
19
59
55
85
85
124
89
89
74
74
61
61
61
10
11
11
52
20
20
82
67
71
37
37
43
43
54
54
33
52
52
84
67
67
5
5
5
8
8
8
44
42
54
44
44
44
44
44
44
44
44
44
70
70
70
53
53
43
43
42
50
56
56
35
-10
74
-13
55
55
-1
134
39
45
71
71
74
69
50
67
67
80
80
52
-17
20
16
83
40
40
65
65
50
26
48
64
64
50
-23
-23
-23
-23
-23
-23
13
13
13
29
40
66
-5
72
72
72
49
49
87
87
88
73
22
56
56
59
59
92
92
44
48
48
23
23
29
28
43
66
66
38
33
50
48
22
112
100
25
87
87
68
27
41
41
41
43
61
65
70
70
23
23
-5
10
10
10
34
56
51
108
108
55
54
54
20
20
76
68
86
-9
-11
-11
21
8
8
8
8
56
56
56
28
83
37
85
76
60
96
96
60
60
60
60
44
44
17
44
48
72
72
17
74
96
41
60
50
24
55
32
64
19
19
18
66
58
57
50
57
50
40
34
35
6
119
119
99
66
76
76
101
87
33
33
88
88
88
97
99
49
48
103
12
72
72
98
71
71
71
75
74
91
26
48
48
4
-5
88
49
49
120
65
43
43
34
103
113
20
74
91
86
37
44
72
74
74
51
41
49
49
58
58
99
101
-2
50
55
54
75
91
112
76
17
17
23
54
52
70
73
74
74
-13
52
26
106
56
56
50
49
51
36
116
86
24
40
129
118
34
50
50
72
29
32
40
74
75
34
34
81
70
77
21
33
33
42
26
50
101
101
41
67
85
102
64
70
70
84
35
-1
32
24
38
38
113
84
98
100
57