0
0
28
28
28
28
28
28
32
32
60
60
51
51
51
-49
-49
103
89
2
2
-22
65
65
65
65
57
57
57
57
96
108
155
155
69
38
28
7
-22
7
9
9
6
64
83
139
89
-20
-25
-9
-12
-12
18
65
84
28
25
25
28
-20
-28
18
25
90
71
73
40
38
17
-11
24
-8
0
23
72
48
75
71
56
52
16
48
50
70
41
55
99
54
32
11
1
-25
-25
17
76
32
3
-5
-5
-5
8
-12
-12
68
66
27
27
9
-18
33
93
83
120
120
84
97
40
-4
27
39
28
57
57
38
-7
56
56
50
37
38
26
40
91
114
107
69
19
42
49
42
61
65
55
66
67
33
-49
-49
0
8
83
51
73
73
53
43
7
7
51
51
74
51
86
86
64
59
43
25
-1
52
33
33
86
66
12
9
5
5
23
21
64
64
60
75
27
-17
53
29
3
5
35
50
54
42
9
9
33
42
42
6
73
99
99
91
-13
-6
-6
16
85
43
41
41
50
50
9
9
48
58
18
6
71
60
59
59
53
52
6
6
33
18
19
6
6
25
54
33
76
76
50
69
73
64
-23
-202
-202
89
20
-11
37
37
37
87
43
55
23
18
18
39
32
50
35
73
45
45
34
27
96
97
88
19
1
43
57
-8
5
49
97
88
67
73
74
74
56
54
6
52
34
32
100
93
50
19
34
38
-13
-1
19
7
16
45
67
84
40
19
19
-6
70
23
56
49
64
54
44
44
73
90
74
34
29
24
26
54
56
48
48
38
-5
5
11
38
44
32
19
26
7
52
103
51
83
71
54
-5
1
36
56
42
55
9
27
34
12
84
73
76
18
42
58
1
12
20
40
71
32
45
86
25
0
-23
9
56
67
76
27
28
108
89
-1
-1
11
54
54
76
43
18
64
40
58
9
-146
-165
-56
-105
-6
1
49
1
-28
76
193
194
113
102
181
90
113
-138
-87
165
-75
188
-22
163
123
103
-83
135
67
-171
-81
154
-83
3
-18
209
186
137
88
81
-197
-108
178
155
109
-184
160
102
-156
-117
-54
-23
-18
-18
6
20
97
-18
29
27
27
68
66
289
146
135
-106
115
89
-113
-83
212
96
96
-136
-73
163
133
-161
132
137
-149
-67
209
136
101
-122
-62
177
170
-68
3
38
23
70
195
-154
181
57
67
-172
-70
188
120
75
-113
-113
177
-73
-73
-22
-5
50
267
165
164
-93
-93
-53
-69
-33
-11
-57
37
146
27
40
70
73
247
117
-218
131
152
-172
-103
194
164
101
-274
92
118
-182
-108
26
-53
156
17
-2
-19
-44
86
92
121
-17
56
-40
-13
10
59
50
-9
-28
131
20
33
11
4
4
-49
21
103
108
-26
3
24
84
84
84
84
84
84
36
36
41
41
41
41
153
164
164
18
18
32
32
32
8
-22
-22
-22
-22
60
106
106
106
106
106
106
106
106
-5
86
-11
-37
-37
83
-42
-42
-42
-42
23
9
9
22
75
75
50
7
-39
-22
-19
-19
-19
-19
-19
-2
38
38
21
6
6
-12
51
51
51
51
51
20
20
76
107
107
157
157
157
157
74
26
23
23
59
53
-56
-35
-35
59
32
18
18
7
-18
-18
75
20
20
11
49
-66
-7
-7
-22
-10
-10
52
-8
-84
-84
34
34
34
34
-44
-92
-92
-92
-92
18
18
17
26
48
48
23
59
20
-33
-33
-33
25
25
34
1
1
114
-65
-65
0
22
22
-115
-39
42
42
20
20
20
123
-57
-41
34
33
33
-11
73
73
45
0
0
-51
-51
-50
-49
-49
42
42
96
402
402
-41
49
49
-38
-60
-60
132
131
131
120
120
145
-90
6
6
-393
-393
-393
-393
-393
-393
-315
-315
-315
24
-33
-51
-94
-94
-17
75
75
-166
-168
-168
-235
-202
162
-59
-60
-60
24
-10
-10
234
234
234
234
72
-107
35
35
35
122
-28
251
167
141
141
-164
-109
-109
-195
-66
-66
133
146
146
-8
115
115
-97
-97
-88
-88
-81
-81
-104
198
320
336
166
-220
156
156
136
-43
120
119
67
67
100
100
115
85
-165
162
40
155
-154
-154
231
92
65
84
96
11
68
165
99
-146
124
124
137
-129
105
129
116
104
104
100
88
88
136
39
-123
89
151
85
114
145
148
134
90
70
-155
140
80
54
57
70
84
88
-185
112
112
35
52
-124
118
132
51
51
59
59
52
66
88
115
108
108
138
98
98
102
119
119
-93
-166
71
96
-172
113
113
76
75
85
117
-189
-34
66
77
133
85
82
-226
-19
100
-215
-244
149
149
115
81
89
160
-195
-114
123
105
-214
101
85
53
67
151
132
-20
33
21
131
83
-246
169
102
98
-134
-134
-187
-180
128
52
52
52
49
23
50
50
91
50
75
26
1
96
96
21
41
43
43
28
6
6
4
0
57
19
20
10
10
52
33
33
42
22
22
91
68
44
44
44
55
91
71
19