0
20
24
36
81
99
89
89
89
50
50
34
37
37
56
38
38
22
22
43
43
22
-28
-28
-17
51
33
37
32
33
45
86
16
34
34
-13
-13
-8
-8
70
66
-7
-22
-22
38
38
38
27
27
27
10
1
20
34
25
51
60
60
60
71
71
73
73
53
53
53
53
105
74
75
60
60
53
53
55
72
72
48
65
65
-20
-20
-27
74
74
66
25
25
57
49
49
64
64
34
27
27
0
-7
-7
5
5
12
51
51
72
-27
-10
-10
43
43
40
76
76
76
76
76
76
76
76
88
69
69
86
86
26
73
50
50
50
-4
-3
-3
10
4
4
99
99
29
75
22
51
51
51
25
25
36
36
22
22
21
21
9
9
48
53
53
42
42
55
66
66
66
66
66
66
24
24
24
24
24
24
24
24
8
8
77
77
67
12
12
56
51
51
-14
44
38
38
29
29
23
37
37
38
148
148
148
148
148
148
148
170
170
43
43
43
43
73
13
41
18
24
7
40
85
85
69
69
69
69
54
37
23
58
19
32
41
5
50
41
35
64
49
75
75
55
-3
56
-3
39
44
74
67
71
56
64
64
-1
26
26
33
53
52
52
43
16
16
-3
34
-3
42
70
86
39
66
42
37
19
-36
-2
54
21
50
48
19
86
86
86
5
-28
-22
-12
66
54
37
40
26
18
91
91
64
73
73
74
73
45
45
44
37
67
67
49
16
-5
71
71
42
65
67
67
32
32
51
22
41
8
87
50
24
36
36
58
19
39
39
28
11
29
69
18
18
49
80
80
80
85
0
12
12
60
42
36
50
37
49
56
35
36
42
25
64
58
28
43
37
45
40
40
57
44
28
19
50
36
84
90
16
16
34
28
53
39
39
85
52
72
49
43
43
-23
-10
36
39
24
13
13
17
22
73
54
45
119
121
132
53
56
-37
-37
99
53
64
77
124
103
91
11
4
-50
7
67
4
4
98
83
41
51
35
53
53
36
36
39
53
18
35
105
122
107
49
49
51
48
38
38
58
5
-5
8
39
6
41
69
69
104
3
13
13
0
0
0
23
64
64
55
-36
-36
42
50
57
57
41
86
60
-17
-10
-5
-34
-173
-237
72
179
103
57
59
75
87
135
129
149
165
145
57
32
70
-33
-4
-4
72
116
121
44
-44
-67
-83
-68
-46
61
86
28
44
32
88
43
16
49
11
26
33
43
66
76
45
82
41
67
70
27
22
42
60
3
16
86
58
69
28
24
-24
-28
-54
3
74
82
44
54
-2
70
36
41
5
19
98
107
83
101
66
26
26
-6
11
58
71
29
28
1
4
70
21
49
36
37
34
42
39
26
18
45
74
74
89
86
119
84
58
4
2
2
39
-7
-45
16
-12
39
87
43
88
56
0
16
1
66
55
54
48
82
58
96
-5
40
48
11
25
22
36
8
6
-12
20
54
33
42
75
85
83
37
42
20
52
-24
48
73
-2
41
42
52
102
93
45
39
56
69
44
22
27
10
59
59
56
9
27
27
29
5
13
45
16
54
33
34
25
5
8
55
54
24
88
80
38
35
-9
51
59
52
51
67
74
64
41
-19
-6
4
57
107
82
90
132
51
56
87
43
43
9
10
34
32
77
43
60
18
36
23
136
90
33
28
58
97
106
113
53
32
26
10
24
24
67
40
-12
11
86
39
27
19
23
50
73
55
97
132
84
-19
-131
-35
50
108
38
-37
-13
1
26
4
37
61
54
59
13
122
106
71
52
102
74
50
72
16
45
28
84
69
76
26
69
28
56
19
16
44
52
18
12
40
40
58
67
17
28
33
33
25
25
8
52
16
16
11
11
11
-9
-11
68
68
56
56
56
72
69
76
100
96
75
75
75
75
21
6
6
81
81
67
55
26
92
13
36
36
21
64
64
71
28
21
39
39
11
18
18
-2
-2
5
5
5
5
21
20
42
38
28
28
16
8
86
27
27
27
38
38
38
48
55
55
48
48
48
48
48
38
38
9
26
26
-3
82
50
50
-2
4
4
50
72
72
48
52
52
37
37
50
83
83
71
22
25
25
25
19
36
36
37
32
-10
60
13
57
5
34
54
54
41
33
33
33
33
33
33
33
33
-30
-30
-12
-12
-12
36
50
50
27
27
6
6
6
52
-5
-5
-5
-5
-3
39
38
38
54
77
77
28
2
2
2
11
11
-12
32
22
22
22
27
27
93
93
93
45
42
42
32
32
50
50
50
50
50
50
21
4
4
54
36
36
36
25
22
22
35
35
35
35
35
51
51
51
51
51
51
17
17
22
38
38
43
43
43
-25
-25
71
71
71
19
17
27
27
27
8
33
6
-42
70
70
252
19
3
121
108
108
82
82
64