0
17
23
44
68
-12
-12
43
53
39
-7
71
27
27
65
43
20
41
52
52
72
72
58
70
29
29
66
128
58
40
44
49
56
36
52
65
65
82
83
59
7
-5
10
50
83
83
61
33
60
60
96
96
8
23
13
13
20
10
89
36
36
20
60
92
80
-4
66
66
100
52
18
66
26
27
24
24
55
120
22
11
54
71
97
97
139
118
-13
68
32
-23
-12
-53
-42
17
34
3
119
92
92
89
96
115
115
68
162
109
109
43
183
74
68
36
13
60
43
38
104
41
114
-132
28
35
154
4
76
-6
58
36
57
86
85
-6
-10
67
87
37
80
65
48
50
69
60
6
71
32
64
75
0
139
-18
-8
116
4
16
6
-24
45
-30
25
45
99
58
56
59
54
97
41
-29
112
-12
-12
74
56
49
6
-18
50
99
80
97
22
70
81
81
24
10
-27
106
98
25
124
97
135
71
16
54
66
68
26
73
49
5
50
16
27
42
42
81
60
40
107
76
122
-19
118
-50
73
88
41
41
57
102
12
11
-35
53
92
104
57
-26
18
85
39
96
50
59
-5
74
98
123
28
23
22
107
40
100
-3
124
128
51
182
45
123
-56
-4
-13
130
61
108
33
50
-37
122
-4
26
102
33
4
-35
20
50
92
37
35
42
97
43
44
113
40
64
40
76
96
9
-12
73
84
52
0
89
-4
9
54
64
52
76
66
66
88
42
-38
22
54
115
85
10
96
-37
-21
25
42
-41
38
-17
40
161
149
150
81
54
32
178
148
88
106
59
55
92
41
57
-22
-66
13
13
20
64
87
-76
-173
35
51
-10
-2
-5
-18
53
22
58
60
39
-6
-37
82
101
130
101
5
-26
67
104
96
119
133
72
116
98
133
122
52
48
57
98
72
82
10
20
-18
76
73
56
49
49
43
43
25
59
59
54
72
20
-33
37
37
96
57
57
36
36
36
-18
8
5
-58
-58
-12
77
77
12
36
36
40
121
121
3
3
68
20
48
4
4
65
28
102
56
56
56
37
27
52
64
67
28
28
28
66
66
76
56
56
65
60
70
25
91
91
-6
-6
49
87
87
87
87
24
4
17
17
70
70
70
33
33
58
58
66
55
55
4
6
72
41
41
56
76
76
72
59
59
66
48
54
76
76
39
27
27
64
24
59
56
56
36
36
35
17
17
49
32
32
83
83
96
-2
22
27
27
27
27
27
27
27
27
40
39
16
16
16
13
67
67
92
59
59
59
68
32
90
90
90
90
55
-22
74
39
39
80
80
67
74
8
22
10
24
24
33
106
106
74
82
99
99
48
67
67
26
26
77
72
72
58
-10
-10
-10
52
50
50
10
10
53
53
88
81
26
26
19
19
19
27
27
64
64
64
64
64
64
-10
52
52
33
33
33
33
85
81
81
81
81
81
65
75
75
56
56
45
-52
67
67
10
10
-26
25
82
69
22
22
22
22
33
155
-29
48
71
71
140
119
70
-14
-14
-14
-14
-14
70
28
-1
98
98
98
98
64
69
53
26
37
102
102
81
34
34
34
11
9
22
22
27
6
10
35
66
68
40
20
20
84
56
23
23
75
3
38
73
55
36
124
-33
-33
-7
-27
40
40
13
86
73
74
66
61
20
-22
-35
-35
10
73
11
-13
13
13
19
25
105
75
75
116
43
56
1
17
54
66
66
9
27
27
36
-11
57
57
-14
104
75
75
146
81
69
35
35
54
32
59
41
66
67
67
53
99
60
60
10
84
84
76
35
49
37
9
37
108
-5
-5
3
3
64
112
66
12
17
-2
52
52
82
1
1
29
80
18
-23
60
6
16
16
41
40
41
10
50
24
24
68
-24
21
11
101
86
86
27
4
37
55
33
-6
-23
56
-37
72
32
28
10
10
1
26
26
26
33
12
68
44
69
75
55
23
23
24
36
64
67
34
104
37
59
74
-6
42
35
35
69
66
19
19
19
57
-38
-38
-7
19
8
42
20
-10
-10
64
10
41
22
84
107
98
98
105
5
41
82
13
22
51
122
122
12
12
38
38
38
34
56
52
36
32
17
58
55
25
72
49
39
27
22
12
45
-1
-13
13
13
42
22
66
49
41
53
80
51
51
93
-17
32
32
35
101
101
141
34
35
64
57
85
76
52
33
48
73
25
9
51
80
-9
-28
90
44
-37
49
8
21
21
0
54
36
88
66
18
33
86
-1
50
101
-5
53
52
43
43
53
-17
8
8
103
23
10
40
82
91
64
45
48
22
65
11
9
83
72
48
76
39
18
35
73
36
72
-27
24
68
-5
104
4
5
25
38
17
-22
59
85
64
8
34
53
70
22
61
36
56
58
9
-33
96
65
75
37
11
56
55
27
29
67
36
49
56