0
9
69
66
55
2
51
51
9
-2
-12
-20
53
18
18
42
56
56
56
86
70
-9
72
28
4
4
24
21
21
17
23
32
21
68
-26
4
26
26
11
65
53
53
52
48
26
33
-5
-43
-1
-1
41
45
80
45
42
43
3
3
-13
0
-37
6
4
4
17
10
7
77
75
75
-17
-11
43
49
49
54
48
38
33
48
55
55
55
3
7
-17
48
1
32
32
32
60
7
24
34
19
-25
-33
27
48
74
35
27
18
74
60
60
2
-37
-23
26
12
43
34
114
114
82
99
93
56
13
18
18
92
84
18
43
22
77
77
51
42
22
-124
-121
-121
-190
-37
131
11
585
1345
678
-244
-87
-87
-87
27
36
36
41
70
16
16
89
34
71
33
69
69
26
40
16
10
67
21
-27
-6
53
51
45
25
59
-18
-36
25
19
35
18
9
-8
38
40
44
-6
-1
4
41
64
43
1
21
66
89
80
50
66
70
49
105
83
54
9
-34
32
-10
11
12
24
-7
-7
54
54
12
37
60
66
2
32
27
-8
9
45
114
36
5
-5
-18
35
52
25
22
28
43
42
44
56
7
74
-3
45
20
9
0
43
43
3
36
84
35
39
26
12
-19
35
61
43
3
1
-4
9
67
37
10
24
17
16
3
42
18
8
150
99
28
28
81
-9
11
39
52
26
48
-7
37
39
9
37
16
-27
80
37
51
52
5
5
28
35
54
-9
42
29
33
-11
-4
-10
53
64
70
55
35
0
2
44
65
13
59
49
21
64
54
80
98
-1
58
27
42
71
28
24
45
7
24
27
-2
74
16
26
68
68
8
39
12
89
51
19
7
-6
64
5
93
3
23
43
44
65
36
26
39
-4
36
17
49
-1
19
5
12
24
33
73
12
23
32
11
77
37
56
58
11
33
22
11
23
86
-11
36
-20
66
-6
26
9
65
-12
33
74
105
36
36
36
2
-36
-35
-25
-25
-9
38
76
11
32
57
36
139
35
9
17
36
67
41
73
35
25
22
70
51
1
24
-3
-8
49
55
18
20
13
-10
23
9
44
33
24
56
56
76
76
32
18
18
16
16
9
10
10
40
27
27
27
17
16
16
16
65
59
59
57
41
69
69
8
8
8
8
8
8
8
2
2
2
17
33
33
9
-3
56
56
28
28
27
32
32
37
2
2
-19
12
12
23
23
44
44
23
75
75
34
-49
-22
-22
-11
38
-33
-33
-28
-28
-28
18
18
1
1
12
74
58
34
84
19
19
19
35
5
5
13
32
32
55
55
33
24
28
36
35
35
8
8
16
19
19
51
23
37
37
66
66
25
25
0
45
45
38
33
69
56
56
56
45
35
35
-2
-2
18
107
107
82
82
12
32
32
33
-25
-25
-27
-27
21
64
64
36
20
10
10
3
-19
-19
26
26
26
26
26
26
26
26
0
69
69
24
24
76
88
-6
36
41
41
41
41
20
41
41
68
71
55
73
73
1
24
24
17
17
21
21
11
11
24
24
21
21
6
2
43
50
50
-23
-39
54
54
54
54
54
44
44
44
44
44
44
44
44
18
18
43
43
0
67
67
52
5
41
41
17
-7
-7
58
44
44
61
61
16
4
4
4
4
4
4
4
18
42
42
42
42
42
-33
-23
-23
-23
86
84
41
52
36
41
41
41
41
41
38
9
5
-24
-24
48
-10
-9
-9
23
43
82
34
34
49
18
-4
-22
38
38
-4
-5
13
4
72
72
72
39
-12
-12
38
36
-12
19
-2
4
40
80
22
43
65
76
76
86
44
-43
66
73
73
82
84
72
77
77
54
53
53
55
17
35
20
50
50
55
55
35
51
53
53
-13
33
33
80
69
68
68
81
10
24
24
57
59
-13
-29
-8
-8
-18
18
69
69
69
43
49
6
90
1
-6
-6
-49
37
49
69
69
-4
27
65
68
36
36
36
34
45
72
59
9
11
29
-7
73
86
90
-7
49
48
48
51
34
37
68
49
41
-37
-21
-21
48
54
73
61
61
41
40
50
3
3
32
16
43
26
18
28
39
58
58
39
-14
4
-12
-12
-4
6
4
4
35
11
2
2
2
-5
-11
16
44
72
87
92
84
28
-5
-43
12
20
75
69
69
113
59
16
-1
-7
55
59
23
19
19
3
3
-1
10
57
35
3
23
23
-1
37
75
104
77
52
60
60
89
50
17
-8
12
12
35
-20
-37
-10
-23
96
96
96
54
67
-22
-34
67
3
-9
70
69
2
4
4
71
99
28
-25
1
1
-14
-25
-18
-74
-187
8
70
70
33
33
5
55
154
154
118
139
138
120
100
80
67
56
56
1
53
92
51
12
12
-23
-52
-69
-37
-36
0
39
9
4
61
2
16
59
36
8
-20
81
-13
22
-23
-12
17
35
107
73
57
28
19
77
56
21
67
8