0
0
0
0
75
72
72
97
118
118
118
75
75
35
35
85
56
56
56
56
56
56
102
102
64
-1
34
42
29
29
83
101
52
96
96
96
114
114
119
119
113
192
44
7
-12
16
16
32
4
-29
-58
-45
-114
-116
-108
-108
69
38
-5
-5
75
124
18
-50
-65
-65
178
154
99
99
54
20
20
28
115
85
96
27
27
98
69
34
34
115
137
180
122
139
149
116
116
52
162
-100
-100
-101
-289
-57
-57
20
101
178
178
80
26
26
118
-21
-4
-206
246
246
37
129
81
90
106
114
135
53
59
125
90
130
153
108
2
-24
22
61
53
26
-12
-12
-18
-18
100
100
-10
-39
-58
3
-26
-26
41
41
41
67
43
37
65
-39
-4
107
129
103
9
9
82
86
34
43
27
-25
-25
84
131
155
97
-8
5
5
5
99
36
-24
5
5
119
100
57
96
4
86
27
65
88
88
32
12
28
58
83
38
84
60
44
44
43
42
16
16
56
71
137
104
60
-37
44
44
101
44
44
68
61
18
90
89
60
54
54
59
133
124
67
38
-13
64
42
60
29
44
44
-23
59
108
88
-5
37
34
34
2
60
77
84
42
118
144
32
-45
-45
58
75
12
88
56
84
84
97
53
27
27
39
71
52
52
91
85
42
8
43
-23
40
40
40
67
81
36
11
-70
81
19
52
530
411
108
166
60
60
60
91
70
-8
-8
-73
-57
4
41
2
-3
69
64
55
89
141
40
10
13
29
33
27
-6
117
26
60
90
8
-8
0
49
20
60
108
0
42
6
52
48
70
-35
20
21
45
53
52
52
-2
157
157
74
44
83
-7
7
209
82
40
75
-13
91
13
53
25
43
132
69
26
59
43
74
38
56
56
70
34
139
131
54
34
38
64
-4
76
11
-41
70
8
73
25
75
39
41
57
57
-8
52
3
82
55
41
48
154
32
50
69
105
27
9
146
17
80
73
73
109
-24
33
89
84
21
48
28
149
97
96
122
64
58
16
60
9
60
96
57
91
54
67
66
18
-6
81
26
6
43
155
97
-28
37
137
0
60
73
37
1
36
122
50
53
27
11
156
75
84
2
29
37
88
50
36
-50
12
107
53
9
69
42
18
18
77
42
91
25
60
90
140
35
37
19
-8
39
38
33
53
3
67
77
137
29
53
97
54
-17
26
24
21
54
51
41
100
42
56
90
93
18
26
56
8
48
28
52
93
-8
64
66
89
37
4
21
186
36
91
1
45
16
67
64
60
41
90
-5
54
68
42
68
73
83
104
7
70
57
69
35
-1
34
55
88
91
24
44
49
75
51
42
41
36
64
106
70
57
48
53
32
35
138
-1
22
33
36
67
4
83
-4
92
57
49
52
34
83
56
28
64
59
59
90
64
64
25
11
28
26
26
56
56
32
71
71
66
66
32
25
100
100
82
90
90
66
18
-1
-1
-1
-1
-1
-1
-1
51
59
33
33
-12
9
57
43
0
0
2
61
29
29
33
33
33
19
19
4
57
60
60
60
58
61
61
33
84
84
75
75
53
28
28
44
44
44
23
21
21
86
86
17
87
87
87
-2
-2
49
82
-12
7
24
24
33
81
81
6
34
1
1
58
58
56
71
40
40
41
41
86
23
22
24
24
61
61
42
48
53
27
7
7
64
64
56
25
25
23
17
17
58
86
86
4
4
40
16
135
43
43
68
34
22
22
40
40
54
58
58
65
91
90
3
25
25
59
59
59
59
59
59
59
91
91
59
42
43
43
19
36
36
49
22
22
64
17
17
37
37
57
57
69
52
10
10
67
67
33
-3
-3
-3
43
77
77
77
53
57
97
72
72
71
66
66
99
99
99
99
99
99
20
20
20
20
20
20
20
20
8
10
76
16
16
38
38
40
36
43
59
28
74
74
90
90
58
73
73
44
44
44
44
44
44
44
44
145
43
36
36
36
73
43
100
100
97
42
53
85
43
21
21
21
21
21
35
34
12
12
54
118
61
61
24
99
99
82
37
11
11
33
52
59
38
66
19
19
76
4
18
39
124
52
130
130
96
42
43
43
22
124
86
86
58
60
44
35
33
60
37
41
41
41
52
12
42
1
77
35
35
37
34
38
74
40
54
54
56
64
1
34
43
43
29
80
1
1
1
73
76
76
76
76
35
64
53
36
34
34
57
128
123
123
92
32
32
69
68
68
81
-1
39
6
66
66
69
-6
-6
-6
18
32
58
51
19
86
73
54
42
42
-20
56
131
131
57
32
20
16
73
16
-7
74
86
86
28
82
82
28
76
52
54
98
17
-13
67
66
42
48
48
70
58
20
27
40
80
70
66
42
4
4
11
77
76
54
18
71
39
65
49