0
38
37
8
20
6
-20
53
53
21
-22
34
-10
76
76
96
4
16
16
9
10
11
11
26
59
67
67
52
75
-27
44
64
37
12
-2
40
44
71
50
50
42
27
37
-3
-21
-21
5
45
5
60
59
1
8
-2
-26
38
22
5
21
81
81
98
35
10
38
35
18
8
35
35
81
71
19
71
69
69
66
49
49
10
-1
58
61
58
-6
-6
-5
42
56
-24
50
26
19
39
34
36
92
92
43
42
5
5
23
-8
11
21
50
84
50
41
19
39
39
37
9
56
0
16
28
2
37
-17
-17
32
52
42
42
54
28
11
35
28
38
38
3
58
42
61
-7
8
80
19
-5
4
-1
7
71
7
7
42
27
-5
-4
87
87
38
87
67
25
21
21
-8
9
-24
16
41
75
80
64
52
-20
32
-26
10
34
-3
35
-5
130
32
72
42
53
54
52
11
8
28
20
53
53
-10
59
88
-29
26
17
29
-4
21
24
33
72
65
22
7
5
-14
9
-12
-19
5
25
64
42
7
93
60
19
25
4
44
9
-58
34
33
48
25
-7
34
39
3
27
-1
9
-5
17
76
20
49
52
87
50
71
73
57
56
39
3
44
27
54
43
43
32
-9
-35
-19
83
43
0
75
85
91
85
44
113
66
-29
-1
20
35
17
22
40
39
13
51
60
51
9
2
-20
19
22
72
24
11
39
83
32
59
12
51
-4
38
33
38
52
13
42
64
52
85
39
-8
35
18
-26
24
76
41
43
43
21
20
26
52
92
64
36
-33
7
7
28
57
84
36
52
20
5
38
-6
76
4
2
57
60
64
84
1
12
10
-29
42
91
54
28
53
64
18
33
73
-9
59
24
22
50
8
3
61
6
69
85
71
-3
4
27
9
4
1
12
70
64
56
71
64
12
-13
10
-19
25
-25
43
52
59
52
37
40
-1
10
16
37
39
92
1
23
18
49
2
17
27
2
23
102
66
28
-3
52
60
69
19
-17
39
59
75
42
42
12
33
50
27
83
82
25
35
-5
17
-8
52
55
0
-11
61
86
42
42
35
53
-1
32
-2
-2
33
49
49
55
52
12
12
27
27
56
38
38
-1
-1
-1
20
20
10
33
33
57
25
84
-43
-43
-43
24
35
35
8
8
8
-11
-11
-11
-11
45
5
5
51
41
8
8
41
41
41
41
41
41
41
54
23
23
3
24
24
76
80
80
16
27
27
-11
-11
-8
-8
-8
48
72
72
41
10
10
10
52
52
69
25
25
25
76
76
37
55
55
53
35
35
40
40
40
41
41
41
3
20
20
60
66
66
66
66
66
66
66
66
-11
18
18
38
44
44
93
-25
44
7
98
99
65
26
27
27
27
24
49
9
32
36
36
24
66
40
35
35
2
2
2
-30
27
51
22
19
65
70
70
35
40
40
66
65
65
57
40
40
40
40
40
44
44
44
-10
-10
2
2
69
69
16
2
37
-1
49
49
36
36
60
72
72
72
12
-9
-9
49
38
38
58
55
53
53
-3
12
12
57
76
12
27
59
59
42
37
37
-4
2
2
2
2
13
-2
-2
-2
-2
2
2
7
10
37
49
36
65
-14
35
49
49
9
59
69
75
75
19
17
17
3
29
52
98
66
66
2
10
10
4
5
5
4
4
4
29
12
12
-3
-3
-3
-3
-3
39
-3
38
38
109
109
-34
-6
-2
6
10
10
52
65
65
70
39
57
57
35
-4
-4
-10
-3
25
11
-23
19
11
11
10
17
44
69
116
50
50
50
73
20
20
40
27
22
59
66
34
34
24
24
37
64
9
80
40
40
17
50
33
7
6
22
44
18
8
32
19
19
42
49
2
60
60
60
33
67
67
56
10
10
20
21
11
28
59
11
16
22
49
59
8
10
65
13
9
34
42
27
51
-58
-58
23
4
1
18
38
42
42
32
32
32
3
115
115
121
68
40
19
18
8
76
67
51
50
50
64
17
40
70
59
34
-11
42
20
43
43
64
35
21
21
33
66
23
64
0
27
27
38
49
49
9
45
6
20
16
16
42
36
49
49
45
55
-30
-30
4
7
22
18
-6
-1
25
25
48
36
6
-9
39
39
52
26
44
21
-28
100
100
70
70
53
60
50
4
12
21
68
64
59
59
2
2
7
7
-21
29
29
19
38
41
65
55
114
114
11
49
20
9
53
53
70
98
27
55
8
43
11
11
-52
72
52
50
-5
34
34
-20
11
36
36
49
38
13
-12
10
82
17
10
10
24
40
34
21
11
20
23
65
51
51
45
23
36
19
44
3
34
21
49
102
29
48
65
13
34
-8
9
64
-1
51
51
24
23
29
-9
57
81
50
28
56
40
41
58
69
26
-29
23
-5
-25
-38
17
2
5
24
39
7
29
41
9