0
75
141
18
40
49
-17
68
68
41
26
21
21
20
67
43
-17
29
7
36
43
86
17
-25
16
28
50
80
45
71
34
2
82
85
9
2
43
37
13
45
41
22
24
43
61
1
55
35
6
3
19
11
65
8
33
-1
48
92
1
4
-1
24
17
38
19
41
20
28
2
56
19
-11
-6
60
50
55
55
40
42
17
21
33
-28
35
9
49
43
-34
-9
32
51
25
6
6
66
43
53
49
61
77
73
70
51
3
41
17
60
-19
36
6
41
29
34
21
37
26
22
89
42
32
19
39
9
54
53
2
17
27
33
37
40
43
35
44
68
42
9
76
12
101
85
3
36
10
23
59
21
-4
28
45
53
1
56
50
29
35
51
56
68
77
25
26
26
10
1
69
17
54
-4
44
21
24
34
52
80
53
40
36
33
16
54
57
67
7
-13
-8
-22
13
34
19
23
-34
43
28
40
40
90
42
77
81
21
27
70
27
27
37
35
17
22
-19
23
57
42
9
13
-68
48
49
-13
29
21
-3
29
49
51
0
0
42
58
37
3
-21
28
53
45
16
55
58
23
7
82
45
57
57
73
58
51
51
-2
3
3
65
65
66
66
45
28
33
33
82
44
55
55
28
105
105
84
70
70
12
1
1
1
37
38
38
-38
-38
-49
-30
-3
9
9
36
36
27
20
-39
-35
53
53
53
59
59
59
59
65
65
74
59
59
1
53
-2
1
21
21
4
4
39
69
51
51
-1
26
26
12
12
12
34
34
11
11
11
11
28
28
85
52
17
17
45
45
-8
-8
-8
49
49
9
-9
-9
8
2
12
33
97
68
68
-12
4
4
21
21
-3
2
2
2
37
51
51
6
6
9
28
-2
-14
-3
-6
7
23
64
50
50
25
33
33
38
25
25
-10
17
17
82
66
66
50
55
55
6
9
9
9
9
35
25
25
88
83
54
54
19
21
38
37
26
53
53
35
17
17
26
7
5
22
45
23
23
28
28
28
28
10
10
8
8
66
68
68
3
3
35
7
7
7
7
28
11
11
10
-12
-12
-7
36
36
81
-22
-22
25
139
72
57
57
-52
-28
-28
67
38
38
29
29
29
29
37
2
2
-7
37
37
11
16
16
34
34
2
-3
-3
-3
32
37
37
48
48
48
48
48
32
-44
-44
-4
17
17
26
26
118
-9
-25
-19
-14
18
18
18
18
55
55
102
102
-2
70
101
7
18
25
60
21
21
38
51
-4
0
52
52
53
24
24
24
37
49
-10
-19
-18
1
44
52
36
36
25
25
26
13
21
1
-14
58
57
57
44
49
82
82
65
26
-33
9
3
3
-10
36
97
17
53
53
60
-2
43
-9
-14
11
-3
-5
32
4
25
65
49
17
17
59
6
42
42
42
12
33
29
11
41
71
55
24
-1
-1
49
73
0
50
21
80
53
48
48
25
-19
9
19
-26
51
51
11
37
54
72
35
21
-25
-4
10
35
45
32
52
50
55
28
36
36
-22
35
42
42
-1
19
11
11
66
114
99
28
55
43
43
43
-6
54
40
34
34
28
58
88
11
11
-1
-29
5
5
51
27
27
43
42
70
70
83
40
23
23
-3
-34
0
-4
59
12
45
55
55
53
2
7
8
-17
-19
-19
40
84
84
99
41
39
25
20
-29
38
12
73
69
69
96
36
42
44
52
21
6
6
-2
-45
6
64
73
66
104
51
48
11
2
2
2
-1
-1
-3
-2
82
34
43
-10
-10
41
41
-14
-25
-2
17
54
52
39
34
34
35
42
4
-23
-35
34
6
8
8
82
43
56
56
3
50
66
17
35
64
60
44
44
20
113
113
67
11
-2
-4
36
-8
19
-55
22
60
-5
-22
-20
16
3
28
40
0
-17
98
86
45
89
23
21
34
13
20
16
20
71
72
40
50
49
17
4
-25
-5
-41
38
9
20
25
73
64
48
44
59
-4
-8
-5
5
33
59
67
70
77
86
37
34
32
7
43
-7
10
26
56
76
68
43
49
32
-2
-22
-27
-4
61
64
57
42
-3
-3
45
87
51
34
37
4
-3
28
54
51
21
43
21
60
8
25
20
19
-29
9
-52
44
-11
-2
-10
-13
-20
24
25
53
25
-18
66
164
107
96
58
-2
41
3
-10
-1
99
45
96
12
81
85
-23
7
6
19
36
2
51
5
60
85
90
41
-6
64
8
8
-2
-8
10
-6
44
36
67
36
49
16
13
3
19
43
23
69
-2
37
50
40
25
1
26
86
9
11
-27
28
3
2
16
103
44
8
69
-11
59
10
25
42
49
37
21
51
-6
3
18
24
40
20
17
-17
81
26
21
-25
-9
-3
17
38
20
5
28
28
2
81
98
113
82
43
60
19
-20
83
66
40
53
56
53
16
39
74
42
29
59
7
34
77
24
54
26