0
64
68
-35
-34
-13
4
80
24
76
58
86
39
74
-8
-12
81
28
51
49
38
6
80
34
8
18
35
-18
-9
-33
32
65
13
45
35
50
50
39
29
64
105
65
65
65
65
65
75
75
76
76
76
103
103
28
28
24
24
6
6
6
1
54
54
54
54
12
12
12
12
12
12
12
12
-14
25
25
25
1
-29
24
-27
-27
-27
-27
12
82
82
60
86
86
22
64
64
24
56
56
56
56
56
52
28
28
-19
-9
-9
-9
-11
-11
-11
-11
-11
98
98
57
37
16
27
27
27
27
43
32
53
53
39
55
80
-22
-22
18
11
56
55
32
5
-42
-34
-9
-9
-19
64
-8
26
26
34
26
26
98
97
23
23
33
33
33
33
8
-5
-5
-5
-5
7
7
10
55
55
55
55
57
43
43
43
43
66
66
-13
86
86
86
40
40
124
33
33
32
16
38
6
27
27
27
39
-12
25
37
9
32
23
39
21
40
40
53
58
58
101
101
82
-28
2
27
27
27
42
37
37
38
44
44
27
3
3
10
10
16
21
19
19
66
66
66
66
66
66
52
52
52
42
35
35
44
44
25
35
35
42
24
24
24
26
33
33
6
6
-2
53
53
68
68
68
68
49
22
22
-18
-18
2
64
64
64
25
25
28
39
39
90
39
39
-11
29
29
10
19
19
28
28
17
17
32
32
41
88
45
45
11
11
-19
-19
-27
-2
-9
45
45
22
39
34
18
74
105
156
103
64
16
10
49
-1
-21
1
3
40
33
4
51
49
-18
10
10
16
-19
-11
55
55
21
75
20
20
20
57
57
-4
33
23
33
5
5
36
55
13
13
67
20
-3
13
1
27
1
1
1
11
11
11
61
51
17
3
43
55
-8
-20
57
3
38
11
26
26
18
21
11
6
71
12
68
68
35
45
34
34
37
67
29
29
28
28
18
18
18
19
5
26
26
44
36
25
25
24
37
37
37
52
36
55
33
10
42
42
7
-11
-14
48
67
49
57
57
22
-4
49
48
50
50
5
59
37
55
10
10
60
48
-11
-27
-49
44
51
12
8
21
60
60
-26
58
58
58
39
59
59
82
8
16
54
73
12
32
39
41
20
55
85
48
32
32
-3
-17
32
25
58
58
77
40
42
-4
50
50
48
38
40
71
71
66
28
0
21
52
22
22
2
9
37
37
29
10
4
4
35
44
-18
12
12
57
49
49
1
48
84
57
48
50
65
-2
21
39
21
45
45
1
65
75
75
91
41
-9
17
7
-19
11
45
45
67
42
48
48
-10
-11
-11
27
16
25
69
-3
-28
-28
-49
8
4
19
19
23
5
5
34
76
6
16
-5
86
56
41
25
25
-8
5
55
53
7
76
113
43
55
10
11
0
-4
37
-22
37
141
92
-30
22
32
35
98
279
192
87
9
-45
-81
-60
13
58
-33
82
105
59
1
98
-10
17
66
51
-20
-9
-44
-19
-19
24
35
135
131
166
112
32
13
51
-87
-106
-8
85
128
227
196
166
56
-9
-39
-85
-78
-42
-8
65
33
54
39
102
29
86
41
70
-21
-14
12
-25
18
-12
32
49
122
146
99
58
-3
-57
10
-18
-52
-8
19
117
147
148
105
54
-8
-7
-97
-43
-23
-54
-33
33
43
122
51
42
23
-3
5
3
-1
7
-38
1
59
121
108
100
100
58
67
-4
-5
-17
-6
-35
58
33
81
118
113
23
5
-17
5
-23
-40
-41
55
74
123
10
91
48
66
10
22
-19
20
3
8
55
32
65
68
-3
85
17
7
-35
9
-17
22
-2
-5
57
27
70
65
-5
3
32
-4
-33
-52
54
11
64
82
59
43
68
17
11
-1
-12
-11
33
53
64
72
80
69
49
37
0
36
-14
70
9
43
-10
-10
49
65
49
17
20
-11
24
-45
3
-12
45
48
48
70
87
52
22
21
2
22
34
20
34
21
28
29
66
25
21
54
-21
0
1
22
-5
83
42
76
57
21
42
39
58
-8
23
54
49
28
16
38
33
20
21
50
39
-1
-4
68
6
-6
53
53
3
12
12
12
12
12
36
26
19
19
10
10
34
34
34
34
58
58
39
10
10
71
71
51
-5
-8
-8
-8
44
44
68
68
21
76
68
68
38
38
43
43
66
66
66
56
56
52
52
52
56
5
80
80
11
74
74
74
74
74
74
8
-9
-9
44
44
51
75
75
40
21
-26
6
6
52
52
65
27
80
71
71
87
87
87
87
44
40
40
20
20
-12
-12
-12
49
70
43
35
35
35
35
35
35
35
35
27
43
40
-21
0
-41
37
37
37
37
37
38
38
60
38
8
53
53
48
39
39
39
32
32
32
32
74
74
74
74
19
19
-8
26
34
25
38
7
-2
8
8
25
17
11
19
11
11
19
11
56
43
43
18
69
56
40
40