0
80
48
16
65
27
96
40
58
18
49
25
48
29
59
52
56
16
53
9
9
50
21
56
43
5
10
44
61
52
5
39
5
72
44
52
34
45
25
8
12
34
61
38
11
9
-5
25
45
40
-5
7
36
3
45
51
17
-11
48
20
57
58
21
22
12
18
20
16
19
-3
26
70
26
19
33
35
19
44
32
-4
55
92
2
26
53
27
43
52
34
42
-17
6
12
39
6
66
27
66
51
40
21
41
17
48
49
49
9
53
60
49
16
-2
41
33
48
22
25
-1
24
24
66
66
58
8
39
10
38
22
48
22
80
9
42
41
-1
-13
64
-20
21
21
2
12
36
53
11
55
60
32
59
16
11
70
43
41
25
22
36
20
64
32
17
-7
39
12
18
41
10
42
-2
33
58
48
42
34
39
5
37
7
32
64
32
4
9
25
0
18
40
21
50
38
56
-3
39
43
25
13
48
36
33
52
77
69
38
33
33
32
70
59
39
-9
36
21
2
10
52
32
-19
-22
25
-5
35
32
34
23
21
60
1
22
21
37
16
33
57
29
50
58
18
18
-20
49
-8
7
41
58
74
28
53
16
67
36
19
45
67
39
59
6
65
13
50
21
39
32
37
68
34
27
12
20
43
56
27
-13
60
51
69
90
29
16
3
2
37
38
-18
34
74
58
82
33
34
35
11
38
37
37
41
51
16
6
38
17
44
68
34
36
48
23
25
44
9
43
10
17
32
20
28
-7
51
50
3
7
27
45
33
36
23
38
20
19
25
21
38
40
48
28
4
40
18
22
64
25
100
-3
55
18
21
9
21
28
56
66
53
23
26
35
56
10
34
49
43
22
13
44
11
33
20
36
44
38
58
23
12
18
36
11
32
60
29
6
21
7
36
23
35
17
80
25
43
38
38
8
-20
37
22
52
57
25
20
59
17
68
52
-13
75
19
41
135
-42
-38
9
-6
72
92
148
188
149
186
21
231
85
81
149
-103
7
-97
-55
-116
-70
-28
-22
17
20
-61
-37
-46
-26
-53
-34
44
19
11
7
-19
32
26
17
43
40
24
51
105
42
40
7
24
18
3
72
33
18
-9
60
9
74
69
35
37
50
69
58
-2
48
7
72
44
38
59
-13
58
54
58
37
52
18
-19
58
18
8
36
-4
57
71
45
19
8
-17
-22
24
20
56
38
33
48
-1
22
21
19
12
36
23
-12
-8
-14
23
16
59
28
55
22
2
41
-5
22
34
41
55
11
52
10
57
39
85
50
64
59
76
13
41
2
32
2
6
-5
6
22
71
17
22
32
45
19
22
-6
24
49
9
11
-18
37
44
60
40
10
33
32
59
-12
-17
10
20
18
57
25
69
55
57
35
-10
38
41
36
18
36
92
51
49
76
19
70
42
44
37
56
25
-5
38
51
37
7
42
19
42
1
44
48
56
35
0
-12
53
24
33
38
29
22
36
28
20
57
27
43
71
49
8
-4
26
28
37
16
64
28
16
21
-9
20
50
2
21
52
58
-34
22
10
19
80
38
23
25
8
9
40
32
-6
18
37
67
38
67
87
84
50
12
-2
18
-17
35
-45
17
81
70
36
2
33
33
27
23
-7
65
65
88
52
60
20
42
5
72
50
52
12
37
8
10
67
9
44
5
73
35
35
16
34
10
81
101
23
-27
7
16
20
27
56
60
28
43
54
13
55
55
8
19
50
19
38
-37
48
18
55
45
2
40
25
38
17
9
21
81
37
34
32
9
2
17
-19
12
20
4
36
42
81
13
5
60
22
38
26
53
35
23
34
22
48
53
36
43
29
52
72
44
51
34
9
40
42
22
16
44
41
66
28
0
13
35
5
17
-21
32
20
12
50
16
-14
13
20
25
44
5
28
32
16
-43
-12
56
18
42
41
49
44
56
19
38
-5
48
35
65
56
68
24
18
45
8
23
9
55
16
-6
9
-9
74
56
38
39
26
21
17
21
69
98
58
10
3
-1
-12
53
52
28
-6
4
76
25
28
33
11
27
45
28
56
3
53
-4
44
26
57
16
49
40
16
41
-17
26
2
67
25
38
81
41
88
0
52
-14
39
-11
9
52
37
68
45
44
36
42
60
6
3
2
54
20
5
11
27
41
97
76
61
32
71
22
37
22
70
-13
-4
51
49
21
-9
11
4
44
26
-17
54
16
40
70
70
11
10
25
-7
26
33
6
52
49
70
41
44
50
55
50
23
41
52
40
21
125
40
52
40
45
-14
33
-25
-6
-4
-13
4
39
58
50
58
10
-8
32
40
38
70
59
60
64
-11
67
12
48
11
-4
49
10
51
25
69
44
33
41
34
26
37
59
54
7
25
13
41
28
38
32
25
58
53
75
-5
23