0
65
56
58
8
27
44
55
27
-19
10
-43
-7
26
-36
43
41
52
28
65
38
39
60
55
44
65
106
36
-3
-23
28
33
28
29
37
53
36
21
23
68
44
40
27
39
32
44
49
41
7
41
48
-17
23
24
16
29
26
72
45
50
45
-2
71
52
52
40
25
2
-19
5
8
89
21
51
35
58
17
57
64
20
26
60
-8
51
57
26
39
-21
39
-1
18
27
8
28
84
89
8
69
11
44
49
10
18
-10
7
61
24
24
27
38
12
-25
20
41
11
52
51
34
-20
9
8
-20
86
74
36
1
27
13
37
32
39
18
35
7
-25
82
68
42
28
65
45
59
25
44
6
-2
-2
6
2
6
26
57
23
40
-6
-13
51
36
60
37
59
12
41
58
5
-2
2
19
65
52
8
23
19
48
55
48
44
56
25
18
29
43
37
17
5
21
8
9
6
61
40
22
21
37
37
20
-20
-4
-9
35
3
39
-19
-3
16
49
12
42
55
24
-24
48
34
36
39
35
34
53
51
0
60
28
26
38
11
7
19
16
23
38
17
40
18
10
23
43
27
86
34
25
42
28
58
0
27
-19
75
55
53
2
17
40
54
49
-10
50
2
-9
28
37
52
56
26
42
40
51
-5
-13
33
39
45
27
33
60
22
-3
25
29
-17
58
40
41
9
-2
17
61
41
13
27
35
27
73
11
38
-18
39
-10
50
54
26
35
45
36
32
-13
17
-7
41
29
25
24
48
36
13
39
1
61
17
55
10
16
40
11
101
33
38
38
38
40
-24
19
50
22
28
12
75
-11
50
8
17
39
-13
-9
-33
29
65
34
11
8
9
32
11
40
28
8
74
27
66
19
39
19
33
-17
24
71
40
16
28
3
88
13
28
1
19
39
49
75
49
22
24
6
-9
6
34
85
37
48
57
5
68
51
23
32
12
53
40
81
4
27
4
25
8
50
5
-34
54
51
67
61
-3
56
40
39
43
45
101
29
57
26
21
39
45
80
43
26
-12
51
55
12
-60
113
-4
18
53
74
101
72
81
52
70
74
50
18
61
49
-18
-18
-21
23
-4
-1
0
53
32
23
55
51
22
24
28
53
28
43
22
19
-10
21
21
69
-23
45
81
26
61
39
10
1
7
21
34
23
36
64
55
35
49
21
26
48
6
26
9
22
28
19
33
42
-9
39
70
29
11
1
16
4
33
42
17
32
18
60
26
24
25
23
16
28
3
33
71
29
40
26
26
27
52
54
28
12
42
21
17
41
118
33
17
-37
48
-25
-4
41
26
64
40
32
21
77
-3
72
28
13
22
-3
59
74
-11
43
18
70
-7
3
8
70
53
48
60
52
11
48
60
24
64
10
-12
21
41
28
2
36
32
53
-14
104
35
22
76
-1
87
13
-51
7
-18
19
9
50
38
-6
7
53
32
11
5
25
-4
23
-7
22
74
41
41
25
27
34
65
-11
-7
83
1
41
36
48
21
33
57
59
8
-12
32
58
34
20
10
58
50
28
6
32
8
20
60
34
23
9
11
32
53
37
38
40
71
21
23
51
-1
-24
87
-25
135
-1
24
9
72
64
181
-22
69
52
2
-74
40
7
-34
77
13
17
-33
85
25
59
65
0
40
-25
54
3
21
-3
23
-23
-24
11
18
34
26
-26
73
22
82
23
-11
76
-25
54
5
60
40
18
20
-7
2
36
52
43
54
18
58
20
53
118
-5
-2
53
26
25
16
-3
13
135
2
18
35
65
45
-17
17
5
44
36
76
89
10
81
57
53
64
29
-26
77
27
50
-1
76
18
-60
65
-27
-72
70
37
10
1
5
4
82
13
40
10
22
8
35
57
52
130
112
215
-11
-65
41
25
24
5
34
82
-26
20
66
12
49
38
70
-27
41
120
7
87
-33
5
16
43
36
72
27
13
17
7
65
16
65
56
10
36
26
-3
27
6
4
19
57
44
49
37
39
29
28
33
12
55
36
56
23
102
48
72
33
19
2
8
32
40
40
32
70
25
48
20
6
23
-4
42
19
26
8
60
24
24
24
-13
65
4
75
29
58
26
-14
24
67
12
48
33
70
59
74
18
68
57
53
12
-18
52
7
13
50
10
-23
73
17
0
26
51
34
33
28
24
42
44
56
25
-3
38
17
49
-17
50
44
-11
59
33
86
76
50
75
13
59
32
34
5
8
38
25
-19
25
29
19
35
-57
40
-20
40
40
6
42
55
28
10
33
48
102
41
6
10
4
45
73
48
26
33
42
29
36
38
55
-19
40
19
26
37
69
29
29
24
48
34
17
42
16
70
40
33
70
39
-2
-26
21
35
38
42
11
52
58
32
1
-10
-7
-11
17
12
12
10
28
18
103
56
39
17
-13
24
58
28
5
19