0
37
36
-21
13
58
51
25
41
17
23
36
2
68
65
8
39
19
12
20
22
36
43
45
50
54
41
9
40
52
17
55
66
12
39
24
55
27
7
-10
36
10
56
64
48
53
17
43
45
56
43
18
4
59
59
12
59
-1
83
-10
73
28
7
4
39
11
34
41
37
35
64
29
34
42
22
1
48
33
37
18
19
70
49
-7
-29
36
56
60
3
51
4
27
17
35
12
44
1
-34
26
89
17
48
13
38
6
19
39
55
80
10
22
43
27
43
-6
-2
44
38
55
67
4
40
16
44
39
29
6
1
18
8
18
24
49
41
44
25
8
-3
27
52
76
18
41
11
1
0
32
-27
36
5
48
59
49
61
49
35
-20
27
40
20
-2
20
-4
10
54
20
65
69
44
55
11
52
23
2
27
24
17
56
-5
8
24
39
18
22
66
43
44
17
51
43
21
20
33
44
10
39
-1
48
27
28
-12
27
57
-18
37
19
-38
40
32
19
53
76
1
28
56
48
65
68
72
41
35
19
3
40
91
32
18
35
36
12
40
77
27
-1
11
26
50
57
86
76
-10
23
22
25
21
24
3
33
34
9
32
7
42
72
100
84
3
3
19
29
19
8
36
17
38
36
57
-23
25
24
53
50
48
39
40
19
57
34
34
65
28
-1
55
59
56
35
36
22
49
60
18
36
21
12
37
-18
75
28
36
16
38
3
71
8
73
24
39
10
5
53
41
68
13
48
32
22
2
44
39
24
5
18
7
8
51
24
-6
40
65
5
18
38
1
51
13
49
53
48
60
22
3
84
-20
39
10
2
43
57
38
64
34
35
12
33
13
32
23
53
70
38
11
55
12
76
52
61
54
-34
-3
42
43
37
35
33
6
22
-23
48
2
58
-4
49
-2
-9
-11
-12
33
56
51
49
36
21
20
37
69
32
26
5
26
38
21
53
80
73
37
5
48
36
36
70
50
24
41
13
48
44
-1
35
42
18
12
26
41
13
25
9
44
22
11
25
38
55
42
25
43
38
57
55
35
9
59
26
52
56
48
42
42
35
39
-7
35
73
-6
22
57
55
37
33
68
54
92
168
137
169
68
-12
-55
-134
-51
-54
-24
-50
-17
-25
36
20
35
41
56
64
41
57
59
80
97
71
34
64
27
51
3
13
38
36
-10
8
53
28
-5
37
35
34
76
48
59
40
73
36
67
12
22
33
32
18
-4
0
0
3
34
65
37
24
60
55
43
26
22
44
19
36
25
56
6
58
17
28
23
6
11
-20
18
54
4
56
42
51
12
-21
3
34
36
55
6
7
-7
44
26
38
67
7
65
61
12
10
33
42
58
19
8
54
17
4
22
23
10
38
34
17
42
53
24
40
48
20
26
40
32
7
20
43
6
27
24
25
10
9
55
77
18
32
-1
10
37
107
45
16
49
-10
4
19
29
-2
76
24
35
54
-19
23
2
40
40
64
27
8
24
28
34
11
28
36
43
32
57
21
16
-3
-7
35
38
-4
98
44
4
17
28
11
23
22
73
55
33
24
12
11
-3
5
-11
18
43
37
36
73
41
3
20
21
10
8
57
35
53
60
4
17
-5
43
19
9
58
21
23
5
100
7
70
75
59
68
58
45
69
58
32
43
44
50
43
28
11
33
5
81
73
53
21
35
32
38
12
8
-8
49
37
4
17
55
65
27
68
57
52
35
13
55
55
40
80
60
9
37
24
-6
33
-3
34
80
57
48
49
23
55
39
28
20
27
35
24
10
45
19
11
86
43
32
7
32
41
41
53
9
23
39
34
44
82
33
52
70
18
16
11
-13
40
40
42
11
50
26
18
23
36
48
51
76
12
0
-1
26
44
8
61
73
44
45
50
39
74
13
53
65
19
-27
25
19
7
24
2
42
25
3
42
41
58
75
-7
43
35
40
35
9
40
11
49
5
44
48
39
45
40
17
32
4
45
48
28
13
-12
-13
43
45
27
-1
12
3
8
18
4
38
58
25
48
0
39
61
90
16
38
27
38
77
19
48
41
25
-5
35
52
44
18
57
74
-1
61
-5
21
13
4
35
40
69
50
37
25
38
38
0
51
40
37
-10
20
40
12
27
39
22
48
56
53
72
52
23
20
10
76
22
29
-2
21
43
42
17
17
33
17
44
4
21
22
43
18
0
68
69
38
58
-22
20
-33
8
36
66
88
26
2
37
73
39
67
21
-9
10
0
26
88
59
44
32
64
25
39
3
41
48
49
37
24
42
24
27
49
66
61
38
36
9
0
-1
28
57
36
65
0
49
16
-1
84
60
39
20
36
36
5
-2
32
102
71
90
5
36
-7
35
40
54
72
32
5
-1
3
25