0
140
72
76
65
68
19
42
72
74
45
58
25
42
24
18
59
12
39
3
39
60
40
56
34
-2
4
52
44
-4
36
33
-10
57
12
9
23
19
42
76
41
66
56
8
17
40
41
80
160
172
172
69
-59
-133
-146
-135
-83
-85
1
53
58
59
56
65
41
-33
24
34
10
48
67
74
81
77
85
23
20
36
26
43
59
49
34
22
39
12
1
50
50
66
-13
41
19
26
48
18
-3
17
41
42
11
51
45
41
-29
57
11
53
3
8
73
13
40
35
40
51
26
38
21
0
24
43
56
27
23
-9
19
21
49
12
40
33
42
61
43
-17
21
-5
19
23
51
-9
38
53
10
58
9
51
-13
25
13
38
22
70
6
48
48
25
44
32
88
12
32
24
50
40
48
-6
43
23
44
-3
-6
13
45
56
88
76
121
161
148
64
-5
-89
-123
-81
-73
-102
-23
-41
6
32
36
56
65
20
40
24
28
41
48
29
67
18
76
48
34
1
36
23
24
55
56
49
49
3
60
48
20
39
19
39
26
1
8
48
52
41
22
40
34
26
33
40
19
-8
-4
33
43
75
49
41
23
23
-14
24
53
12
25
-7
20
13
55
28
43
42
45
3
27
33
25
17
44
48
9
74
33
88
83
38
16
55
11
75
49
53
73
-57
12
-6
75
38
-26
26
25
52
65
38
97
25
26
32
34
38
-7
72
33
86
-2
61
18
7
-7
59
73
9
38
50
59
38
68
44
28
16
36
12
-7
37
-26
42
115
195
61
-1
-66
-82
40
-20
22
44
19
45
35
8
9
39
69
37
57
59
83
71
56
43
7
11
34
32
23
-10
-9
-30
-20
-2
9
9
16
60
22
53
-8
80
5
12
80
42
97
167
13
32
-81
128
51
-28
-8
23
23
45
22
-2
21
101
-58
-22
60
80
89
48
92
27
80
56
68
-3
32
19
43
81
25
22
50
66
33
48
53
57
10
34
64
-2
44
69
50
34
18
38
11
19
1
-8
11
25
-9
38
23
6
52
42
61
11
2
42
13
40
54
23
-7
56
23
3
43
50
73
6
-8
26
22
106
64
43
-23
57
85
27
28
32
12
60
34
57
21
28
6
4
20
12
-20
52
37
-3
17
-12
51
48
41
41
2
36
37
42
52
21
12
32
33
6
16
-14
17
58
64
85
-9
36
27
-5
25
53
32
27
20
42
70
7
37
-1
19
10
32
25
10
7
99
41
0
10
9
-1
-12
52
56
74
73
32
33
45
38
113
38
134
92
11
40
45
12
23
38
33
4
52
12
20
-7
26
44
8
7
8
28
16
37
16
5
1
35
10
38
38
9
24
80
52
1
-9
-7
36
37
32
29
-7
20
71
35
37
55
75
39
8
65
24
9
11
24
34
10
29
53
48
71
91
-8
7
1
34
9
22
39
21
29
44
44
50
33
52
50
17
9
50
18
28
28
38
13
11
35
4
26
49
39
26
44
3
2
36
5
85
89
103
91
37
5
-22
50
-21
49
1
51
28
24
11
16
35
38
28
32
35
49
61
37
23
26
38
-6
74
22
53
48
51
29
24
34
66
37
69
19
56
5
25
24
58
105
-6
68
35
-4
10
5
0
4
5
24
19
55
27
44
11
29
65
75
61
34
4
17
16
42
3
29
37
67
39
75
24
13
10
34
22
49
27
39
8
21
-10
55
23
-6
27
52
16
51
2
-2
51
48
25
48
2
1
18
38
8
27
25
11
20
6
50
48
56
29
33
58
7
35
57
32
52
-5
-7
45
39
6
19
33
32
83
51
33
8
1
43
49
45
21
41
11
5
54
35
5
69
26
55
34
38
70
42
34
13
32
53
58
16
24
24
26
52
74
3
16
24
39
22
64
38
-5
18
6
40
39
11
-4
54
-22
41
52
35
72
51
71
3
-7
9
17
16
23
49
43
26
7
-7
16
43
37
80
65
20
36
61
24
42
11
21
49
35
58
19
24
25
12
9
-8
48
35
26
41
4
38
6
57
32
17
25
8
40
45
74
37
0
35
17
9
21
35
12
-19
39
45
98
56
44
42
38
64
26
42
36
27
82
19
4
7
7
32
49
32
25
58
25
38
13
49
22
53
24
35
4
33
9
71
-5
33
89
72
25
-9
-25
-6
37
-3
42
49
58
82
59
-19
13
55
29
36
-10
32
32
68
24
32
64
-17
85
57
49
19
-12
50
25
52
88
24
39
0
23
18
50
91
32
34
-8
67
27
16
11
22
33
32
27
-1
5
82
36
-4
17
45
8
41
17
-2
4
11
23
42
86
-1
52
90
52
24
20
85
2
36
33
34
39
17
48
25
25
49
49
43
21
11
9
65
64
23
35
3
39
56
28