0
48
42
10
17
12
21
13
34
25
4
20
72
48
26
69
43
33
27
3
3
56
21
61
45
33
38
12
49
36
53
52
50
36
75
22
8
25
24
82
11
34
52
19
67
33
20
6
20
67
80
41
17
-6
-6
42
3
43
7
11
11
39
55
49
60
24
13
27
32
56
40
-9
50
76
85
144
199
77
17
-77
-105
-66
-37
-27
23
25
27
25
42
45
18
17
92
60
24
32
49
52
40
49
29
21
45
19
-7
53
26
19
6
58
85
17
16
66
41
20
69
38
37
20
24
22
20
-17
17
18
26
49
80
64
33
18
10
73
18
54
32
68
36
35
44
57
22
52
2
23
64
50
-4
39
-20
55
27
18
-38
54
58
10
21
76
34
61
5
28
-7
20
66
6
37
9
36
52
12
76
66
123
145
170
145
-26
-100
-129
-107
-92
7
-33
-28
4
33
44
86
26
27
56
53
34
21
72
54
27
56
80
22
26
-6
51
48
19
24
61
23
10
38
23
-2
58
3
49
18
48
17
28
39
13
34
20
39
6
34
59
37
85
56
-27
57
42
88
57
83
40
-5
33
37
26
5
38
19
19
24
0
53
35
27
20
44
70
4
33
35
74
61
41
8
-1
27
-13
8
37
11
25
26
58
51
41
41
37
53
18
37
58
5
74
0
19
12
40
13
18
53
53
26
35
25
12
-4
57
38
73
40
26
26
43
26
3
165
112
50
20
-17
-10
-6
49
16
24
19
11
69
69
8
33
19
52
9
75
34
27
-2
49
20
23
56
2
39
16
10
39
-6
0
-9
24
34
51
-23
11
4
22
77
61
1
25
5
35
52
20
27
27
39
53
43
41
52
-13
44
18
55
44
36
35
39
37
7
32
17
-8
45
48
40
22
55
38
71
13
35
56
104
147
96
71
16
-42
-37
-61
5
-3
11
3
44
67
53
101
35
37
-5
11
0
-19
56
23
49
60
49
0
-17
81
22
98
57
25
51
27
32
53
44
3
-5
35
12
43
39
20
34
22
1
33
53
16
9
13
58
54
102
25
76
-60
3
24
34
24
9
17
18
8
51
23
4
68
65
-1
21
21
40
37
1
13
50
22
57
77
29
41
16
34
-10
97
0
89
33
21
2
42
32
1
17
48
54
38
50
13
18
28
48
34
49
43
40
40
53
26
51
34
22
10
50
41
71
51
81
44
22
44
105
50
8
-25
75
45
16
27
55
16
37
20
28
57
4
25
17
9
-2
36
49
25
41
88
51
12
39
48
-1
36
20
24
35
3
-17
1
23
41
38
59
25
4
19
12
26
41
74
-2
43
73
19
2
77
10
50
20
29
36
51
70
55
-11
48
39
55
-35
-8
-11
-1
89
36
69
40
59
18
11
5
9
23
20
33
6
53
43
18
38
9
43
26
13
49
40
-6
36
41
45
44
83
37
24
36
19
38
39
-9
21
54
4
25
18
4
-13
6
34
59
37
10
16
42
44
36
58
32
28
60
35
81
-5
28
-3
102
211
274
171
71
-86
-114
-136
-82
-81
-11
-40
-43
-4
-8
19
21
58
39
-8
58
34
4
11
-8
57
38
64
85
55
56
52
39
25
10
25
64
32
41
20
75
25
17
29
3
3
22
70
20
44
24
-12
18
68
55
21
41
0
-8
41
11
9
20
42
13
53
21
85
65
-69
135
199
42
36
6
22
-14
-39
5
45
2
42
27
49
-1
29
39
17
40
33
43
-22
36
3
35
44
10
17
33
9
37
56
65
41
227
240
54
-25
-56
-26
-86
-10
-1
12
33
35
29
24
51
26
6
26
74
-18
24
29
25
27
40
52
65
70
5
49
33
58
38
-4
3
-11
5
39
41
49
6
99
17
56
11
8
33
60
16
6
74
13
12
75
56
34
54
32
-17
17
53
65
42
132
243
48
0
-22
-41
-56
-34
116
124
11
-9
-21
25
3
48
21
-7
27
1
0
34
36
43
64
61
57
43
-6
60
-19
20
26
49
12
35
1
32
32
11
55
3
25
54
39
8
53
20
24
26
32
53
35
22
-8
38
39
76
11
5
38
44
-36
68
44
27
-2
16
-34
-11
38
23
41
-3
82
64
20
45
33
68
11
20
34
-1
28
18
-8
-10
26
56
13
21
1
19
59
34
68
55
26
48
35
16
45
56
38
11
-11
57
-20
68
27
6
21
26
38
123
132
82
-2
-21
42
10
-40
17
-19
23
26
10
20
26
51
-8
38
28
61
33
27
39
35
20
48
42
58
53
40
39
-2
18
26
69
35
9
24
4
10
28
34
25
34
19
45
55
20
52
52
27
57
67
-13
32
49
-1
36
60
50
33
56
18
-8
50
25
85
38
50
13
-5
69
67
67
28
48
-3
49