0
0
0
0
0
0
0
50
17
43
11
57
44
44
56
23
18
29
-10
25
56
8
33
66
35
17
2
37
23
23
26
1
59
3
44
17
37
24
-3
37
37
32
55
18
48
34
36
40
24
44
28
43
34
-20
51
-11
17
43
28
21
11
21
38
80
12
28
24
18
24
49
18
21
64
-24
25
40
22
49
57
71
0
0
19
42
32
4
28
43
70
38
26
24
58
23
43
2
5
28
25
35
-22
-68
-6
7
-6
24
49
41
40
60
51
45
9
57
82
138
153
8
-9
-17
-39
16
-2
44
18
-3
23
20
65
57
37
8
-10
35
43
98
42
-20
20
64
54
39
35
148
57
39
37
45
4
18
-1
43
76
6
18
44
27
34
9
32
29
10
64
44
10
39
35
55
80
-17
54
26
76
10
56
38
40
57
6
17
4
-17
76
43
4
-5
18
53
-20
24
162
81
26
106
41
41
0
50
82
17
-3
36
44
-2
5
36
24
12
13
32
40
68
-1
11
72
9
29
-22
75
0
21
42
103
28
54
53
-12
-23
3
22
60
-6
51
7
-5
40
74
35
21
19
34
34
-34
9
27
-5
-1
12
-7
67
87
35
22
33
50
53
27
36
-12
99
8
17
-21
37
54
17
59
33
37
49
11
49
1
54
-5
23
57
48
39
34
42
24
28
4
4
35
55
-1
28
5
2
90
42
60
51
12
55
27
16
18
32
40
40
18
-11
35
49
8
44
67
49
6
28
39
34
50
68
42
57
0
55
8
12
8
58
44
34
44
69
34
41
-5
41
9
27
-43
86
32
67
67
-23
-2
41
16
-3
50
17
70
16
34
12
26
8
41
43
23
20
1
64
35
0
52
55
97
50
58
26
41
65
-19
65
19
-7
24
-11
16
60
12
69
29
38
28
3
75
86
42
36
12
9
-24
16
37
34
75
43
19
12
6
6
53
72
60
10
29
26
37
-11
55
65
52
5
51
28
48
-30
-6
-6
50
11
43
18
38
27
-4
16
51
32
3
3
24
17
29
2
56
49
117
38
52
7
36
21
18
84
44
24
42
27
21
-10
-23
-25
53
73
87
86
48
3
-20
29
11
9
49
59
42
18
41
50
66
32
37
-57
71
72
11
43
9
6
-10
-17
37
24
13
51
56
55
64
33
44
22
37
21
66
16
42
38
64
33
19
55
37
12
59
27
22
28
20
45
35
37
59
-5
72
10
-4
34
51
-11
6
39
1
29
65
44
39
26
48
43
22
21
100
85
44
22
52
50
-12
24
18
38
40
-27
33
28
26
0
7
22
26
6
3
13
32
-7
43
60
11
12
32
38
51
-7
88
60
24
51
7
41
24
40
0
0
32
60
39
-28
81
84
90
57
6
-29
26
-4
-6
0
-17
18
33
25
40
23
39
34
39
69
20
83
-6
68
25
19
52
33
51
39
37
52
17
55
38
9
24
162
108
33
-11
-13
-54
2
13
-24
10
-4
17
69
13
114
70
13
75
21
61
65
-23
37
24
21
52
42
17
56
54
26
27
17
23
59
40
54
83
130
129
39
29
-49
-28
-30
-25
-44
24
23
18
76
7
104
24
-3
75
35
13
11
51
68
33
49
44
40
44
-23
17
58
73
21
64
50
36
45
24
21
-34
87
74
139
76
-56
-68
-86
-34
-12
-45
-1
38
92
112
26
44
24
71
11
71
9
92
38
51
-8
-24
87
20
-27
54
23
28
12
102
12
12
76
23
56
23
41
9
-34
106
32
-2
28
10
1
1
-2
19
82
-2
69
23
35
-6
28
43
27
58
27
59
89
90
208
194
147
-20
-21
-151
-82
-49
-19
-33
45
21
18
36
-14
86
66
64
26
25
48
41
59
51
37
51
72
4
53
24
16
-7
67
53
18
22
41
25
38
70
43
68
2
-2
22
73
67
58
65
39
38
81
21
61
37
-28
54
56
-7
43
0
60
-23
33
40
34
8
-37
27
0
24
-28
20
56
0
69
42
27
57
77
80
68
-35
-7
26
65
5
-3
43
8
21
64
25
44
57
51
16
10
61
88
6
74
13
11
109
1
-11
34
-22
19
53
53
28
60
64
34
85
186
99
81
-6
-33
-103
-109
-6
-42
-25
36
11
22
4
38
48
128
-9
105
34
28
21
53
-11
40
42
-13
65
44
28
-49
8
44
25
121
76
-27
-2
91
66
128
72
-22
-37
-4
44
100
97
7
13
42
34
82
-37
2
90
75
21
51
26
7
96
90
33
32
10
-9
8
50
-34
104
6
19
37
35
97
81
16
68
59
8
-3
17
51
64
77
3
105
19
-18
1
25
-4
40
4
44
59
-5
92
16
103
99
73
-22
-68
-5
-7
49
20
51
58
23
7
34
32
38
4
11
57
73
42
9
6
48
24
23
50