0
28
-7
64
25
60
36
21
-19
59
38
1
76
-11
3
45
50
73
17
24
12
17
38
-9
85
13
29
64
75
66
33
34
50
-9
26
16
34
69
21
6
1
25
20
12
51
38
55
49
65
67
36
21
28
34
8
28
38
37
65
18
49
24
57
23
11
13
32
6
8
37
71
18
11
-20
41
21
18
25
55
58
40
50
53
24
5
18
36
25
23
-21
73
-11
27
-2
3
80
66
67
20
23
5
-10
22
26
32
21
68
39
42
-1
35
40
27
26
20
87
85
11
9
-3
1
18
23
-13
16
49
29
8
67
18
37
26
33
85
45
6
-4
22
48
25
66
5
25
11
8
70
0
33
52
-25
20
53
33
26
26
48
85
151
10
7
17
-28
4
6
16
21
25
55
50
6
67
44
9
66
54
25
40
26
3
39
8
26
42
40
0
50
37
70
44
32
37
25
20
9
54
12
1
25
28
40
36
35
6
34
60
36
9
36
28
54
60
1
23
8
16
68
18
19
22
18
20
43
90
103
154
160
148
154
48
-40
-87
-98
-83
-70
-50
-71
2
11
29
13
20
49
32
35
7
36
39
75
48
60
77
33
50
53
13
28
-7
40
37
57
-2
38
8
26
21
44
70
69
8
3
24
17
67
36
-1
33
26
80
51
51
28
39
48
8
-11
6
81
32
7
51
54
50
35
4
-9
1
13
21
65
1
4
51
11
7
6
5
11
21
43
48
82
65
41
35
3
99
76
72
51
4
-23
20
7
-30
-10
39
37
37
37
52
56
19
43
22
41
9
26
27
6
6
53
74
51
67
85
39
24
33
27
50
40
6
67
29
-13
4
54
17
37
22
9
60
40
24
36
44
7
-1
32
33
36
19
54
96
36
0
102
42
7
35
32
28
29
21
18
40
12
40
17
33
37
5
-20
65
11
27
72
28
27
72
160
156
117
-43
-28
-53
1
43
18
3
-27
16
37
26
23
81
67
64
18
60
99
9
56
51
76
41
59
43
22
-6
0
-7
27
17
39
52
28
19
19
54
34
18
86
-1
7
13
11
37
38
52
20
81
44
4
37
11
13
50
53
39
21
26
48
8
17
5
38
32
84
16
32
54
11
12
60
64
-1
23
39
39
48
33
66
17
53
37
68
25
36
12
41
52
20
28
29
42
32
37
38
60
61
26
22
-12
-4
25
37
44
54
40
22
59
11
45
16
32
7
72
36
23
7
71
6
17
18
3
0
-2
19
48
36
28
10
-19
50
42
33
37
51
25
68
21
59
53
42
43
33
37
25
40
41
45
44
24
100
96
85
22
-4
50
-10
18
26
93
12
-20
22
2
17
5
25
52
65
34
40
58
88
58
66
18
11
38
3
10
12
29
25
17
41
-44
33
24
129
166
214
82
1
-40
-92
-82
-76
4
1
48
-7
107
59
58
16
7
20
0
87
0
44
27
18
26
-20
11
44
32
48
9
50
25
23
34
50
50
42
42
13
49
35
26
69
33
55
16
6
34
69
45
44
67
70
37
49
7
65
67
23
80
56
2
-3
7
8
32
36
58
40
40
41
2
73
28
23
37
5
5
-2
80
49
33
35
28
9
-29
52
26
64
40
36
22
21
66
36
80
56
40
26
11
-2
10
25
10
20
9
28
9
8
33
24
25
49
28
23
49
60
-17
25
7
2
34
19
41
73
16
55
57
76
0
48
-4
57
10
87
1
2
27
49
40
25
80
21
-3
22
59
68
17
49
33
22
36
12
-6
57
66
24
55
40
12
18
34
32
32
-9
6
24
54
44
39
19
41
124
1
59
-28
29
7
49
-12
57
87
51
35
17
45
81
58
36
40
-2
67
23
10
54
32
49
59
65
-25
41
20
25
10
36
53
67
17
64
50
39
-2
3
-4
40
52
19
24
66
-3
53
32
52
18
-18
39
36
19
55
57
44
36
49
36
35
54
-29
49
18
23
29
50
16
27
35
-2
84
49
87
34
45
34
34
6
18
26
33
124
107
37
-28
-61
-10
3
-9
-33
83
23
51
38
25
49
23
44
24
21
-39
120
66
41
54
-1
16
91
64
43
38
1
50
12
-12
81
33
16
8
43
-56
65
100
83
33
23
-1
24
33
42
23
59
58
43
39
57
84
39
51
43
56
40
37
72
60
17
0
36
41
57
42
24
42
54
38
9
-24
51
6
20
10
35
-22
129
27
33
0
3
19
41
21
28
5
40
7
18
24
50
40
34
26
48
16
49
55
66
7
50
33
72
85
52
38
55
113
45
38
21
-10
12
1
36
84
29
-26
-22
-3
-12
-20
52
50
17
4
-26
32
37
71
9
8
29
22
56
54
75
-36
-28
50
68
36
89