0
33
56
61
11
22
48
76
7
42
9
67
-10
26
37
33
-2
26
33
-22
54
54
58
60
35
37
37
55
28
21
28
97
7
22
-4
1
49
34
32
33
-23
38
12
36
24
43
60
51
20
43
16
56
67
102
91
3
-41
-33
8
12
-4
35
68
56
21
-4
32
41
50
50
5
9
50
25
18
17
34
12
61
50
36
65
35
-5
56
9
-9
2
24
54
65
44
45
26
1
56
34
16
21
26
57
70
52
22
58
-1
37
-3
24
-3
48
18
77
66
52
52
11
16
83
48
75
59
32
54
23
-14
18
19
2
-1
-8
76
55
23
35
20
20
5
8
26
20
6
54
44
25
12
11
22
42
69
17
11
35
17
38
9
12
35
6
3
26
18
20
25
56
17
48
66
73
88
43
-29
43
-9
-11
-8
19
45
33
72
33
13
21
5
5
-9
-1
12
21
17
51
42
29
52
92
56
64
40
4
36
-4
33
44
-19
34
17
18
58
69
85
33
12
11
25
43
36
43
72
33
36
21
2
22
-6
50
-17
2
45
-7
13
53
81
52
25
-6
-29
8
52
51
54
38
48
68
32
28
26
-35
44
16
22
-11
18
23
19
39
-4
26
-5
20
-9
8
-13
-26
29
26
27
-7
9
12
22
4
50
-17
59
40
-36
19
51
29
39
73
65
34
22
39
36
27
56
21
26
34
84
35
11
39
67
6
54
44
39
17
34
27
26
12
-3
34
27
33
35
9
20
44
5
34
2
-11
35
8
-8
10
38
33
58
26
36
57
11
55
58
26
1
53
6
-13
48
25
67
71
25
66
53
24
68
53
1
11
0
-8
-3
9
26
66
34
42
20
73
32
33
65
68
23
25
56
67
39
42
91
66
17
54
34
-18
67
-23
9
2
57
10
37
1
28
75
12
40
-2
19
59
38
36
20
34
64
27
20
33
55
50
54
21
34
23
12
32
52
76
22
-6
54
33
37
67
-4
75
25
24
36
56
53
43
50
24
37
7
42
28
32
38
26
68
25
34
44
53
22
23
39
20
50
34
-7
17
53
24
19
40
64
57
59
16
20
28
56
4
11
68
53
0
-25
43
21
6
66
61
52
41
35
51
40
37
58
29
-18
12
58
48
36
54
48
33
5
27
45
34
-1
64
60
70
20
-25
-7
58
55
21
13
49
44
22
-19
-2
37
43
32
52
74
75
25
26
21
6
26
38
26
23
-5
42
52
44
22
51
23
41
-2
55
22
7
19
38
28
49
9
61
10
75
53
25
0
72
0
64
-2
34
24
35
8
12
-6
20
22
5
55
17
43
51
33
11
45
28
41
11
38
74
10
7
52
56
26
35
50
-11
21
49
55
17
39
50
36
70
66
28
35
35
19
27
70
16
27
32
23
48
56
21
-19
23
37
23
8
17
-2
3
1
-7
18
97
72
42
41
3
42
42
25
23
34
2
69
48
17
-1
29
44
36
27
52
25
60
19
23
-1
37
-6
25
12
36
59
38
55
49
85
55
1
-7
7
17
27
70
8
72
7
54
73
53
5
42
50
2
44
37
13
16
-2
29
18
89
58
7
13
21
16
27
71
43
72
-13
38
42
33
81
60
35
8
-2
40
42
43
53
18
44
33
36
36
42
37
-14
29
27
56
56
52
20
54
21
11
44
24
60
43
50
17
55
32
48
34
18
11
5
33
36
17
19
-2
48
-13
-12
35
81
51
-4
51
56
18
2
23
22
82
44
10
28
7
5
34
57
13
21
60
0
23
10
27
-11
69
24
10
58
20
18
59
35
34
71
16
-10
-1
11
-19
4
40
49
65
40
75
57
53
93
26
2
21
18
81
38
12
32
70
87
37
27
17
40
28
60
11
36
34
34
-13
-17
20
19
-3
52
20
11
41
10
-36
3
-10
51
49
57
41
59
-4
90
33
36
18
42
57
36
6
37
-2
44
48
40
42
48
38
59
25
56
1
43
7
43
-4
28
52
8
60
8
38
39
25
-3
26
56
48
76
33
17
56
-2
38
2
48
32
64
29
55
21
10
5
10
-2
74
36
2
50
54
44
27
48
4
26
26
40
19
53
12
19
19
20
40
22
37
33
40
59
24
37
43
4
50
102
42
49
32
-11
32
34
19
0
55
21
10
72
26
3
26
65
8
68
34
56
56
28
41
23
-9
10
25
43
22
99
16
81
24
42
16
-1
36
42
39
60
54
12
7
56
3
0
17
24
2
17
36
48
36
3
16
32
37
48
-12
28
44
37
65
28
23
26
34
58
13
32
3
38
25
54
20
26
36
91
35
7
40
35
37
9
-3
48
44
58
87
98
85
70
83
22
21
4
-18
-27
34
-25
27
35
37
23
40