0
48
61
25
7
28
17
38
-19
2
37
-7
58
32
23
20
73
17
68
64
-21
80
83
4
36
103
33
45
71
88
98
128
85
42
37
60
23
-7
19
26
56
-13
44
-25
105
24
73
165
135
57
96
11
117
98
75
44
45
34
66
50
103
55
8
-50
34
-3
-26
-49
-71
-155
-131
-77
-39
-28
37
2
19
26
87
98
97
89
107
114
146
133
21
21
55
55
-11
-17
10
-38
-82
-82
-88
-53
-58
-114
25
-18
5
135
59
17
-35
22
32
-26
118
37
140
57
106
0
26
-75
-42
-73
-50
-35
-75
-6
38
65
97
37
80
44
-12
-124
-146
-22
18
43
96
131
101
86
82
137
162
83
123
77
91
66
115
52
52
60
-6
101
56
32
36
26
-1
-17
13
16
33
35
22
11
44
19
36
67
6
-18
90
28
-13
0
68
60
37
109
103
72
55
26
72
73
59
21
42
96
53
66
57
81
51
17
16
70
80
137
135
153
51
76
-50
-69
-153
-74
-109
-39
-29
-28
75
86
84
89
51
52
28
26
43
84
55
82
-2
-6
41
50
32
25
-4
64
65
54
-19
70
52
36
48
3
11
72
-11
53
44
71
-19
50
25
23
22
67
-20
81
138
173
180
130
-21
-106
-54
-124
-88
-72
-69
4
25
37
26
-11
50
43
70
42
23
42
44
42
74
6
56
1
57
73
42
12
67
19
3
58
34
41
66
-3
-49
21
57
22
48
90
27
18
56
160
83
155
150
44
-12
-38
-35
-36
-5
-34
2
90
103
1
2
35
38
-24
37
53
82
-9
13
11
41
36
23
-28
11
33
-7
-26
-5
7
8
32
21
33
8
41
60
69
83
19
64
-29
-3
8
5
37
25
8
76
23
54
101
84
21
26
42
88
61
65
49
89
65
97
112
19
93
64
35
35
82
88
149
121
88
44
25
-20
-123
-82
-102
-58
-8
83
50
-12
64
54
85
-6
55
88
19
21
33
32
80
38
-42
49
60
90
12
10
71
20
50
26
12
4
27
-10
40
17
41
33
64
10
28
57
19
54
29
40
-18
10
64
42
0
42
59
50
59
69
51
20
35
43
39
48
28
28
8
26
49
48
69
49
22
87
128
52
87
80
-7
-26
-40
-61
-22
99
217
230
-22
-61
-195
-204
-89
-97
-54
-12
61
54
60
65
76
53
75
5
74
55
72
48
64
19
67
43
-21
23
36
43
11
20
16
-9
49
53
75
42
36
-6
58
18
21
39
57
20
72
-8
37
52
83
-34
65
32
42
37
-3
34
80
145
166
91
33
-109
-108
-106
-75
-39
-9
77
69
82
90
101
52
23
12
60
103
66
52
10
24
71
66
44
71
13
37
-11
-65
25
11
24
34
0
66
96
88
40
59
85
28
54
-59
-53
-24
7
41
-3
-22
16
-1
-33
19
34
41
45
61
89
26
6
-10
19
-69
43
76
39
43
22
-4
27
-9
12
39
57
-40
20
26
36
0
-24
88
33
18
76
44
45
27
45
24
93
154
257
203
154
32
-134
-145
-146
-105
-97
-76
-24
-4
41
42
71
11
18
93
92
41
-3
72
68
21
19
38
72
40
77
18
134
136
322
300
225
5
-177
-172
-177
-149
-73
-22
8
34
19
-6
69
103
65
75
68
68
29
40
59
41
48
71
32
17
4
42
49
52
25
55
43
28
-10
-21
1
20
-25
22
-13
9
-6
3
-67
-29
-30
-28
-42
-19
-1
24
21
7
165
93
66
59
19
52
26
74
69
87
4
0
-10
-11
19
52
132
131
99
84
35
44
67
11
49
28
54
93
112
59
81
88
86
109
100
72
7
20
20
52
70
37
16
35
82
29
12
81
33
4
-11
28
2
45
28
24
22
45
16
18
24
13
-23
-6
90
84
153
162
187
165
5
-58
-150
-105
-78
-82
-9
2
29
36
74
33
60
57
64
48
38
72
52
44
58
55
37
53
20
37
-11
13
44
20
-33
74
-20
67
51
6
24
44
49
43
2
-7
58
-10
11
9
41
22
34
40
13
51
-5
-1
43
20
38
9
61
33
26
51
38
-22
148
16
11
17
53
93
39
72
72
18
-14
-5
17
21
57
75
3
-34
43
10
-39
23
29
21
24
37
16
20
23
59
43
11
-6
8
32
57
53
66
39
55
43
18
42
81
59
3
22
26
65
61
19
-42
128
98
24
118
0
13
65
-2
9
11
-18
-14
-9
-42
4
83
65
29
17
41
10
32
50
55
39
41
42
40
43
65
10
-5
12
27
19
84
67
-13
23
64
38
52
22
102
49
-18
44
-20
-9
-21
12
71
42
7
60
41
20
1
-2
57
42
51
19
22
83
86
49
61
2
77
-5
102
5
37
33
-1
21
35
44
60
5
58
26
26
-19
51
82
73
130
150
196
100
-57
-118
-136
-114
-81
-50
2
28
23
39
-2
42
44
52