0
57
59
73
23
40
-54
49
74
71
-10
-129
-41
57
54
70
20
52
41
92
-1
53
22
60
21
50
54
54
49
65
33
9
-6
138
256
141
11
-83
-73
-28
-24
6
-21
-24
23
20
3
-13
53
50
20
12
42
84
5
41
70
-30
42
98
42
2
71
33
4
35
-2
-27
18
10
49
70
20
89
33
53
29
58
53
57
19
43
32
55
25
24
23
0
25
24
69
49
75
35
74
35
9
-10
39
-37
9
24
61
68
4
75
1
11
-7
27
20
0
-25
68
48
44
24
73
23
33
16
36
-1
54
61
85
33
-8
-3
-8
19
9
4
-20
22
65
55
43
90
81
81
70
22
60
55
37
60
37
55
52
43
-3
43
5
38
40
-9
-6
71
12
5
58
26
11
49
44
20
106
11
-24
12
-21
-1
-13
40
28
-6
36
41
72
21
26
-8
56
29
-5
48
24
52
44
93
66
25
52
11
81
1
3
10
48
37
-12
12
103
39
35
38
59
1
3
49
10
-1
19
44
18
22
12
20
26
82
61
41
7
37
18
1
33
16
-20
-1
18
26
21
-3
49
21
64
8
4
64
17
41
33
25
6
22
43
74
25
37
59
56
45
35
26
21
11
25
28
42
38
59
10
50
17
18
39
49
37
50
7
2
38
21
27
32
-3
56
20
40
55
33
11
56
37
28
4
3
33
69
-4
24
-18
32
67
32
100
48
51
9
8
40
20
53
8
8
34
48
57
1
16
8
29
6
49
43
23
37
64
5
0
2
81
2
41
21
50
35
52
99
49
26
19
12
2
-1
88
57
66
26
40
11
6
9
33
18
76
-6
52
27
26
5
22
-8
65
50
35
23
6
23
18
5
-13
25
86
84
70
20
11
20
43
19
3
-19
66
37
28
73
24
51
10
20
38
13
58
60
10
7
16
44
53
-4
48
73
35
6
-7
-1
36
-14
56
40
71
37
84
53
7
17
43
-8
42
35
41
65
-5
32
55
52
44
6
23
40
76
25
9
70
41
0
45
21
43
13
-17
26
70
44
40
25
6
28
42
21
17
54
-13
36
33
2
-13
26
33
24
83
58
-10
-4
2
29
53
16
17
41
27
53
32
8
18
68
50
60
38
10
1
2
23
29
72
22
9
51
48
37
34
36
26
77
27
-5
76
51
32
60
12
11
34
-9
49
51
21
50
27
-20
24
37
19
27
24
68
26
56
34
6
42
42
80
36
-17
-37
76
6
28
16
9
52
52
58
73
4
6
49
37
35
25
56
51
39
24
37
37
32
2
10
-9
26
77
57
34
52
-4
16
-6
49
19
48
40
-2
43
11
9
23
-5
43
-22
81
40
7
-11
56
71
69
13
8
36
13
49
34
65
64
38
59
4
22
2
59
-7
18
49
72
25
26
39
69
76
11
11
68
3
32
58
28
54
4
42
71
48
16
5
39
12
51
28
10
24
4
48
17
53
34
3
-14
86
57
54
7
58
33
-7
28
28
9
52
49
12
-12
28
20
28
40
27
23
20
27
17
35
22
-4
41
27
51
34
37
54
68
60
18
70
8
16
18
33
11
74
26
52
19
105
-7
36
65
-4
57
33
-1
17
-33
10
42
27
0
-20
-6
-17
81
28
52
40
65
-21
0
28
42
26
24
22
69
57
28
76
58
8
32
22
80
35
-2
43
57
67
92
41
75
26
28
9
43
22
-43
39
65
5
18
27
-19
16
49
115
69
53
53
-3
37
-5
75
55
-23
39
50
44
50
37
54
50
34
52
10
27
54
21
44
28
3
-13
40
55
12
10
8
29
20
77
25
10
-3
27
54
24
44
0
8
17
1
34
40
66
23
56
-2
58
56
52
45
28
48
2
12
-29
35
49
20
8
13
69
35
7
40
26
27
48
43
70
18
33
9
37
48
76
5
0
38
83
84
-20
39
17
16
44
54
43
-1
6
23
-2
20
24
25
38
50
69
60
22
-4
-19
38
42
50
40
38
58
24
21
22
33
-34
42
34
54
1
13
66
12
1
53
4
92
11
13
36
-4
75
37
40
32
41
36
81
48
37
48
-13
-13
6
19
59
65
2
33
24
19
42
23
48
22
48
64
60
4
52
7
57
67
18
4
73
33
22
65
40
81
35
60
33
57
11
42
104
-13
69
-18
17
59
49
32
22
51
24
26
83
1
35
41
26
36
-23
16
20
3
36
35
80
57
4
36
20
-17
-3
66
21
36
6
19
11
61
87
32
-17
27
0
27
41
64
76
40
6
25
68
43
23
7
28
41
28
25
57
41
26
33
68
100
80
39
54
39
-33
-12
56
56
2
-22
-7
5
35
-21
42
12
40
-11
50
51
51
69
8
-6
-23
54
73
38
5
7
16