0
10
8
56
59
17
74
35
18
34
21
-13
25
42
49
33
24
48
-3
9
16
55
24
32
19
12
28
42
36
48
54
27
34
52
3
10
20
11
37
19
24
27
50
-8
33
33
24
86
12
38
66
28
44
17
45
44
37
75
89
123
139
106
54
25
-12
-84
-174
-162
-40
-71
-39
18
13
44
69
43
52
50
9
76
37
56
48
68
35
82
81
38
54
-2
57
27
41
22
33
28
81
5
66
45
67
28
25
11
32
55
-9
49
-6
11
69
22
49
-17
52
37
-3
2
56
51
17
81
41
41
44
1
53
72
41
65
19
28
45
44
36
22
20
19
-6
48
48
33
37
-28
38
5
19
41
25
8
5
64
17
41
36
40
18
5
17
20
-13
56
37
50
82
76
-3
68
-11
25
53
-29
12
2
37
54
26
43
43
1
50
11
64
25
16
73
37
10
27
43
39
36
56
5
49
16
36
54
32
28
35
-38
64
67
39
-10
0
-21
28
50
19
26
38
90
45
52
56
-6
18
-5
38
-2
32
24
35
29
1
41
75
34
-12
39
40
50
6
48
1
70
12
7
17
21
11
52
9
65
57
44
28
-9
22
59
23
34
58
61
37
19
36
24
37
12
91
26
12
44
24
45
41
20
45
61
21
22
21
53
56
39
17
38
60
23
-7
36
64
38
8
49
18
16
17
36
55
32
27
48
35
49
40
11
34
1
44
137
20
39
1
10
11
48
75
44
1
26
39
0
-9
70
44
55
44
44
8
66
16
17
20
35
39
-1
90
19
65
57
20
55
0
27
19
34
51
55
-25
50
35
37
55
6
69
22
26
27
10
49
34
33
64
8
22
13
45
52
29
35
-2
21
33
40
52
-4
45
7
43
9
48
3
3
67
7
76
8
3
40
60
17
12
52
9
29
41
23
5
-13
35
32
-2
58
12
10
81
53
38
40
29
33
29
5
-17
20
96
42
39
43
3
64
4
0
66
101
17
69
23
59
38
85
87
23
54
44
45
24
24
32
17
64
33
36
5
-9
27
44
20
27
44
76
39
52
81
-17
0
74
51
8
-21
38
6
41
41
-29
-28
-1
-23
34
4
-87
211
277
35
-122
-28
-67
9
34
-34
71
21
74
2
53
25
36
50
58
37
74
26
90
105
-52
-7
84
54
-2
43
16
34
43
-13
60
1
114
72
-5
57
51
83
33
21
-69
17
39
99
12
-28
86
32
17
-5
85
-5
86
39
33
68
2
36
58
34
51
5
9
21
-1
36
50
4
26
50
40
6
-17
59
60
20
-49
-8
74
-12
35
44
19
24
29
10
38
57
-12
68
81
83
-54
41
7
-13
19
10
64
57
8
13
-10
-11
-4
22
5
57
41
39
7
38
44
36
18
33
1
64
39
16
60
43
2
33
34
52
27
5
16
49
39
75
35
1
36
27
20
28
58
42
10
75
3
67
57
69
21
64
28
35
8
3
57
33
-28
39
-36
22
96
72
29
56
1
5
72
70
43
4
-12
-2
69
98
86
51
7
32
28
-4
-10
59
42
3
16
17
44
20
27
48
56
-23
-39
21
34
57
76
38
22
48
90
39
38
48
40
22
38
7
-13
23
74
4
42
75
112
53
83
5
3
3
13
-20
24
40
36
17
9
34
37
57
90
100
27
55
1
16
28
40
21
85
105
20
-11
42
-8
9
44
28
41
28
37
18
42
21
58
-5
5
51
34
32
56
35
49
58
21
36
-21
22
-4
22
44
59
66
64
67
52
20
66
38
21
66
17
75
12
27
21
10
40
10
13
23
39
24
3
-13
-3
18
54
49
49
21
32
3
29
36
50
68
82
22
105
37
1
-14
38
18
-7
65
197
44
-4
18
-18
26
21
-11
-3
22
16
17
38
67
58
52
34
43
70
1
9
9
24
52
61
17
58
34
35
21
35
28
10
68
33
10
27
41
9
9
3
17
7
40
13
32
27
32
44
-30
29
3
25
35
45
33
43
35
28
13
1
-19
34
17
88
68
41
-2
28
27
32
2
55
51
70
59
-7
34
33
137
65
-21
51
32
4
-1
33
-9
91
44
21
25
23
21
18
44
49
6
19
2
77
1
-5
28
40
24
66
41
39
44
11
7
20
58
21
68
20
-5
-24
20
87
3
102
68
18
16
8
24
9
-8
56
120
36
64
-14
-13
6
66
43
50
39
36
51
57
17
36
17
-34
-2
45
25
58
8
52
77
43
13
50
65
9
0
54
5
45
44
40
41
16
10
-7
0
39
44
83
18
-3
67
6
8
53
68
36
44
71
18
6
25
33
25
12
48
17
28
20
26
49
-2
44
58
87
-39
8
3
37
40
43
36
68
68
41
40
0
12
72
77
43
33