0
12
35
19
56
43
45
41
9
86
-6
10
49
22
61
20
51
5
19
-11
32
-10
52
40
27
26
72
19
37
-7
-9
53
59
58
28
68
48
64
56
23
19
2
28
-5
102
227
153
49
-45
-108
-99
-26
16
-6
26
-19
-20
-8
-9
41
11
118
45
29
87
26
49
54
52
34
28
33
58
4
-1
57
53
55
16
33
21
2
73
16
37
26
54
20
50
4
18
17
53
12
85
17
22
38
33
53
28
44
11
26
21
25
66
24
-22
3
40
37
-10
39
66
35
7
59
60
24
22
28
21
58
53
72
68
67
112
87
55
27
105
151
-105
-56
-35
-26
68
-18
66
41
21
161
9
77
75
8
-43
16
-7
20
4
24
52
83
-18
173
81
-68
43
-55
-55
34
-22
42
10
28
64
99
58
4
41
18
10
74
33
10
18
28
55
23
20
-2
32
49
59
28
82
66
29
-1
18
96
160
85
-19
-2
12
-3
50
-12
20
-9
68
52
42
100
41
21
91
29
44
6
8
11
69
51
66
27
-3
9
4
40
26
83
32
85
1
6
38
-19
72
38
56
-21
11
-28
-55
-67
37
66
42
64
52
82
49
-9
64
66
114
59
34
11
27
24
51
51
35
5
16
24
43
60
96
69
22
41
-9
57
71
24
5
-3
-10
48
33
35
39
72
12
3
45
8
48
41
-1
54
41
26
26
-11
71
24
32
72
10
28
97
145
172
99
-38
-59
-12
-42
-29
17
4
-8
8
6
52
-21
48
57
7
39
49
55
60
36
38
50
53
43
-10
35
3
45
16
55
36
16
1
34
34
48
21
22
13
74
53
26
19
42
38
52
16
53
85
12
26
33
-2
9
24
-1
-20
11
86
27
54
-8
26
41
17
37
0
70
69
12
20
33
20
5
17
7
35
4
7
22
35
41
40
36
74
61
92
27
41
43
41
50
72
36
35
36
28
22
86
57
36
-10
41
16
-8
54
41
10
23
35
16
25
50
26
19
68
22
7
52
54
56
18
26
13
25
21
80
66
-3
38
9
8
27
8
41
18
-6
41
39
-20
-5
80
39
58
60
50
-5
38
18
-7
59
48
22
-5
33
73
54
54
67
34
11
36
6
36
37
10
16
34
70
7
5
64
59
18
11
32
3
34
82
2
-4
67
4
43
76
-18
0
7
50
44
7
12
41
73
5
23
25
-4
9
64
72
11
53
4
33
51
42
52
10
51
35
21
41
74
45
9
-10
26
24
5
44
51
40
25
41
82
11
12
-26
36
57
-20
6
33
18
-22
37
58
44
74
25
22
50
77
71
39
23
59
9
5
-2
33
10
49
36
38
70
41
43
41
123
57
65
6
37
22
24
-7
54
35
35
58
26
18
59
69
20
5
41
12
24
40
41
57
75
74
10
18
19
37
-13
73
4
-29
56
57
0
22
52
99
41
-20
22
80
56
26
-14
-10
84
38
70
-11
72
27
20
52
37
-1
-3
12
24
24
10
41
-1
35
22
25
16
52
-9
71
2
17
19
26
24
60
25
26
51
36
34
21
56
49
22
-21
25
20
12
23
22
53
33
71
52
42
80
71
59
36
41
38
20
5
6
67
73
35
0
23
45
10
49
7
38
42
6
43
57
-9
25
82
38
-13
11
39
11
23
6
65
11
25
3
64
23
19
39
7
10
22
22
39
56
11
70
-6
24
34
35
32
60
74
18
27
33
22
26
36
-19
34
59
18
6
71
12
-10
65
4
1
51
-19
44
44
-1
26
43
29
66
-29
40
0
34
25
60
26
17
3
34
11
58
26
40
39
6
39
33
-1
27
54
13
32
48
99
16
1
35
-9
4
51
49
26
37
17
39
36
81
65
58
70
54
42
26
36
87
92
37
26
-20
20
1
13
39
41
65
41
23
35
38
17
21
38
52
16
32
8
21
-22
91
42
22
80
32
10
39
5
22
-1
16
26
23
22
18
43
-9
40
56
39
61
41
42
64
80
53
74
80
43
-3
20
22
27
-20
28
34
49
17
32
39
7
-51
23
24
38
119
11
35
61
24
52
1
48
-23
17
26
84
69
81
28
65
20
34
57
-2
50
68
12
27
-35
0
18
54
35
21
50
24
23
52
72
25
41
-33
42
44
92
66
52
20
-2
4
-40
-23
-3
-19
-42
39
35
85
18
88
66
59
67
-1
41
58
50
66
59
-1
7
18
40
41
49
22
86
36
-17
20
-14
51
1
-7
-1
-4
53
102
182
74
34
-49
-87
12
-9
12
19
24
76
-2
114
13
58
23
41
45
96
26
-7
7
52
1
18
12
59
59
1
21
75
-10
34
28
72
10
88
-5
22
41
33
24
54
58
64
-17
12
17
10
-2
13
13
17
66
54
18
44
24
67
60