0
49
12
52
40
32
34
87
58
34
16
44
41
92
19
-6
6
60
41
72
29
72
10
2
25
-20
3
-14
59
50
33
6
-5
52
28
53
24
29
45
5
27
39
3
25
52
41
27
67
36
-9
0
64
59
8
89
2
54
-10
28
10
4
52
42
22
39
56
-5
43
12
13
22
48
37
4
7
37
2
52
5
54
50
-4
10
49
-20
26
11
33
22
29
-2
55
44
-9
59
9
56
8
18
-5
5
17
29
80
54
87
49
65
-5
74
88
69
57
50
-5
43
-3
74
48
17
50
28
43
35
27
84
85
58
19
53
55
12
39
34
40
43
13
39
37
3
35
17
34
51
66
65
-34
9
19
-18
43
12
48
68
7
44
45
52
50
23
66
49
26
27
28
35
57
22
18
39
80
52
36
36
55
67
41
37
26
65
9
5
0
35
18
20
56
3
84
-18
91
52
69
76
3
36
-11
71
43
28
52
41
43
-4
-7
33
8
53
26
26
8
23
34
19
-4
-22
50
26
51
3
38
0
70
50
34
17
-4
50
-9
37
43
87
17
67
24
49
18
57
5
39
59
37
48
29
16
4
40
40
9
6
22
52
24
8
34
61
37
33
23
-2
-10
71
38
53
33
39
44
2
32
50
16
-18
33
85
65
-5
21
26
48
80
5
35
44
56
32
40
70
43
6
9
21
12
67
33
56
27
32
25
35
16
38
26
41
20
4
20
11
69
75
35
8
25
65
5
45
27
-9
32
65
0
18
27
26
32
51
55
20
22
20
34
57
23
54
34
-3
49
44
36
12
75
19
-12
51
48
18
-19
64
27
70
48
42
32
4
60
42
26
49
51
38
27
50
53
11
-6
28
27
41
21
1
48
55
55
0
43
-41
33
7
55
54
59
-23
21
37
68
28
18
42
-4
26
100
29
64
40
32
28
1
18
32
6
26
33
68
41
24
13
56
64
23
-7
5
50
21
64
33
98
66
16
5
2
11
67
58
21
36
24
39
18
50
-7
37
43
9
17
66
-5
70
-1
154
168
12
-37
-36
-57
-17
13
-4
39
18
23
36
24
51
44
34
60
44
85
48
39
29
-5
-3
27
1
20
44
56
69
32
37
-19
24
-3
18
39
11
9
68
54
26
0
59
58
-9
45
8
-7
-1
9
27
52
72
37
-3
32
25
-1
55
40
37
38
50
48
41
8
73
76
66
27
10
16
24
34
11
16
66
66
10
28
-4
43
-35
61
25
26
35
53
72
-2
58
49
-19
91
72
22
-13
-6
37
49
25
87
32
39
9
32
65
44
50
36
5
34
52
8
26
24
13
29
32
24
67
17
42
54
7
45
10
48
11
59
34
22
44
37
36
43
16
9
18
-18
50
6
29
35
5
25
51
28
27
24
23
3
42
34
24
38
48
58
18
1
13
38
24
48
21
48
49
53
26
36
9
38
22
2
43
-35
27
39
27
33
44
2
39
54
64
55
44
18
38
38
22
41
38
44
49
9
64
25
24
21
29
36
13
1
24
39
44
49
34
51
51
38
-17
22
17
37
9
27
-25
43
72
7
58
39
35
4
51
9
36
33
64
77
4
57
-2
40
-6
16
8
49
34
56
37
10
50
19
23
-14
16
72
43
57
21
56
25
37
-18
36
32
56
60
35
-23
27
76
40
39
66
-2
34
11
16
81
17
74
12
-11
11
50
50
33
3
37
66
39
4
22
55
22
52
39
44
27
41
3
20
52
-22
61
64
34
28
49
-1
88
8
38
10
24
6
38
-9
10
20
8
25
33
37
-12
73
10
32
42
5
18
34
-19
38
34
65
25
-9
43
34
26
61
49
25
28
19
37
45
92
80
-19
34
29
-3
32
38
104
150
176
180
161
66
-94
-169
-187
-117
-87
-18
-8
-22
-7
29
18
24
60
67
23
67
97
71
71
36
50
13
33
32
8
34
-9
45
55
72
36
75
55
35
11
58
48
37
-3
25
58
66
37
28
40
0
18
16
1
65
51
53
42
-6
5
36
26
67
117
146
219
128
72
-90
-101
-169
-78
-92
-71
-13
11
27
33
44
32
85
36
69
48
9
50
86
19
27
56
58
-6
29
39
0
56
69
53
64
20
-4
41
6
33
55
32
24
48
20
33
40
41
64
35
68
70
-10
23
55
70
25
25
61
4
7
60
1
77
19
40
-14
40
45
41
25
2
74
12
0
56
40
65
19
24
26
37
-4
4
-9
-17
-3
9
41
43
85
22
8
56
-3
10
70
12
53
37
42
34
53
32
-3
55
6
49
3
40
64
16
50
36
40
20
81
12
18
10
8
1
71
67
52
65
55
43
26
24
74
16
68
21
6
23
-5
44
24
28
28
45
59
58
58
64