0
-24
21
5
10
66
18
-14
21
-9
-2
73
-2
41
68
37
32
34
34
33
-10
48
35
32
7
38
39
11
23
18
28
29
80
37
41
13
-7
-6
25
-2
8
35
52
50
80
40
57
9
58
34
50
55
56
71
2
0
23
36
67
4
20
53
25
67
-2
23
5
40
48
-24
4
84
22
24
9
9
35
69
36
1
53
66
38
7
82
69
57
9
61
40
6
2
11
48
33
56
12
29
24
16
21
23
11
64
52
40
40
82
35
92
-10
42
40
74
66
24
0
22
32
56
22
25
10
29
-18
25
43
55
42
12
37
35
19
21
22
55
50
37
32
34
11
22
42
4
99
6
44
75
38
38
33
4
42
8
27
48
-3
53
32
24
38
-27
38
7
23
10
-8
6
41
32
38
34
49
19
11
10
-4
9
29
48
70
76
73
17
74
50
55
52
36
19
17
8
66
34
27
39
42
73
34
38
53
54
49
-13
32
49
19
23
64
68
-8
38
10
36
39
35
0
44
-7
21
-10
64
34
36
24
66
67
57
12
43
-6
12
66
66
49
2
26
23
-22
57
38
21
28
-12
64
38
13
40
69
2
22
-6
11
8
41
-6
86
-7
5
-25
81
37
40
24
25
-1
52
50
84
19
92
-20
0
45
23
58
10
45
45
80
19
42
58
85
71
59
-2
6
9
39
45
11
22
43
71
35
53
11
0
5
33
57
16
36
28
4
43
4
44
75
26
67
45
37
-23
-7
12
-4
36
21
7
58
24
42
64
36
12
59
10
37
41
-30
23
28
17
74
55
33
50
10
52
50
27
50
37
35
57
19
9
70
64
-1
-19
-24
53
41
26
92
42
48
-8
-34
-17
10
44
40
72
90
61
2
5
43
8
41
43
3
13
-13
-18
21
23
53
27
52
27
18
71
20
86
24
34
13
25
19
-7
9
38
56
84
24
80
39
53
17
59
21
83
-9
40
22
8
-10
34
44
-18
53
25
40
25
50
8
48
24
26
6
6
48
8
51
16
36
41
66
5
44
28
55
27
54
-24
-26
50
35
71
65
26
22
-5
74
74
-12
22
32
48
89
70
2
73
64
44
21
39
45
41
22
65
35
21
55
11
8
40
52
-5
59
36
10
26
75
27
34
8
33
28
42
34
18
3
22
55
20
-6
70
36
16
17
-3
11
-8
57
35
56
21
51
33
10
-28
2
60
36
21
16
49
16
37
39
36
39
51
65
21
10
36
21
38
-10
33
13
38
52
25
6
-8
28
54
34
73
23
50
33
70
7
-21
59
0
11
93
68
73
-1
24
54
24
26
41
72
10
20
20
60
13
72
12
6
54
83
28
8
48
64
54
97
44
28
-19
-38
9
-18
49
-2
36
57
49
-9
49
23
36
70
57
-14
-5
-5
61
11
48
40
0
9
56
1
40
53
19
18
20
38
52
20
45
52
39
-37
84
32
35
37
11
35
8
-3
-2
6
18
55
41
73
59
2
1
-5
24
89
28
3
10
55
66
-6
92
56
-41
90
-1
65
24
5
25
23
12
-28
-25
77
21
146
16
27
49
32
43
54
-14
68
-36
164
-55
-55
-43
11
-3
-54
0
20
36
102
75
128
51
91
113
33
-26
34
39
89
3
133
42
-67
-134
35
55
18
-34
69
123
32
26
76
18
52
4
53
-13
-54
0
60
53
7
10
-38
23
44
16
66
33
75
1
52
39
7
114
16
3
26
37
48
53
26
9
54
5
25
9
7
58
39
65
27
51
26
74
10
13
0
57
18
17
55
11
24
57
-18
58
66
20
50
40
13
34
82
2
32
22
44
65
52
97
26
9
10
-66
100
40
9
29
26
32
22
43
18
40
12
53
-24
-1
39
48
40
54
25
65
29
48
-4
34
17
34
17
-18
9
56
50
-1
20
70
36
27
34
-10
48
8
-3
-6
88
51
23
28
20
87
61
-4
13
2
20
73
58
44
6
32
20
-8
55
116
181
216
157
132
181
141
85
84
83
25
44
52
59
-6
58
55
24
18
96
67
-4
24
57
64
75
42
20
-27
41
18
-2
17
-45
18
22
29
2
41
10
-4
-23
45
34
8
19
32
58
26
-5
18
34
22
50
32
16
8
22
22
2
50
1
48
-11
44
34
34
65
44
-19
22
21
-1
91
-11
-21
52
40
-7
89
74
41
-20
3
36
59
7
33
27
28
10
4
52
7
105
85
60
11
-7
-18
12
-1
23
56
-14
18
32
5
-4
60
44
1
57
56
98
55
27
16
18
58
-26
-9
24
1
-43
-53
18
52
41
27
24
-20
3
25
24
8
38
29
-86
49
23
67
17
-25
57
32
96
50
54
49
8
-5
50
27
29
34
-20
51
35
65
-3
-7
-34
55
48
6
20
13