0
-8
4
11
23
13
-36
-9
7
28
-1
21
85
16
83
36
38
77
58
24
96
35
35
76
-26
-8
27
-6
42
34
23
117
40
100
3
88
89
167
193
160
194
66
21
-104
-118
-214
-77
-85
-55
-99
-17
-3
81
42
16
50
16
98
28
9
72
80
26
66
32
44
50
54
1
66
42
18
48
64
-10
43
35
-33
-19
9
7
-14
42
43
74
-13
40
45
44
10
44
-25
61
35
-36
7
90
55
73
7
3
50
73
23
-57
41
32
57
20
60
44
-77
-21
37
196
147
25
-42
-24
-3
64
-3
37
66
7
37
9
12
54
52
74
36
12
35
21
37
10
34
0
10
12
80
82
61
38
18
-22
9
-8
43
21
26
35
39
20
20
54
58
51
24
70
68
-35
5
23
10
56
67
69
26
37
33
50
68
39
52
65
44
29
73
41
20
64
26
-20
42
28
27
3
83
40
82
33
-29
48
11
19
34
-7
74
42
48
42
49
-37
22
-9
40
24
50
69
27
73
22
52
50
-4
8
3
61
57
52
58
50
64
56
100
50
-8
3
13
34
66
83
10
77
73
76
132
61
44
35
59
4
4
19
38
75
41
-12
-45
-1
59
34
45
0
2
-2
59
26
28
33
51
-11
45
24
52
53
41
54
34
35
55
-33
59
60
-12
43
23
-2
76
3
38
-17
84
28
56
2
135
68
39
58
9
10
27
34
4
50
28
28
41
41
37
40
67
12
21
3
66
19
43
56
5
25
90
68
25
60
20
11
123
2
45
24
28
10
17
27
19
65
0
76
12
35
146
-45
20
38
40
170
28
28
42
-5
59
98
13
2
60
23
22
-10
36
0
12
11
1
9
25
-49
52
65
67
9
64
89
-11
21
50
-3
-1
-2
53
36
3
22
52
43
41
64
66
60
44
42
52
57
70
43
35
42
48
20
36
50
1
35
13
36
41
2
66
-28
35
10
20
-24
28
53
72
29
61
-2
53
10
104
23
72
26
-12
38
83
26
16
83
18
34
-6
39
-30
21
-19
21
73
40
-13
7
35
22
21
59
52
13
65
19
9
34
42
87
53
33
65
-6
38
3
-38
7
24
42
40
27
22
24
34
56
-1
26
28
21
58
27
43
44
25
55
48
6
52
41
12
89
6
21
6
42
-13
59
49
37
22
41
43
58
49
76
41
84
60
35
51
42
53
16
-6
53
59
35
73
41
64
24
12
37
55
-1
2
-30
27
32
55
64
23
13
-5
34
6
36
1
52
36
91
73
23
10
74
66
-7
53
7
39
58
17
23
1
11
20
81
16
42
-7
5
4
43
12
12
38
8
-13
58
16
50
10
16
59
27
42
53
-5
59
-7
20
75
17
-1
-44
32
0
41
27
74
55
48
45
56
10
-3
39
43
97
34
12
25
36
41
12
-2
19
53
57
51
4
23
34
24
59
53
26
-23
48
19
42
36
20
53
41
48
50
-1
7
53
1
19
26
36
57
23
1
22
65
49
39
43
50
55
17
32
41
48
48
77
45
24
10
-17
-9
-17
-12
-2
12
-3
56
-22
38
38
26
22
4
9
61
-7
-34
6
40
23
37
58
41
4
53
23
48
26
38
36
25
12
34
66
48
36
25
57
32
27
41
25
49
55
33
57
37
28
-1
24
48
70
25
64
21
0
55
44
68
59
20
37
28
35
-4
28
23
42
54
138
102
65
-11
37
5
10
21
6
1
45
-28
-1
96
28
64
1
57
50
16
59
88
57
75
102
25
-8
-5
-18
26
19
10
42
99
6
27
91
42
80
43
32
-24
19
59
1
19
-17
55
36
19
40
29
81
43
52
13
-22
4
51
35
37
41
37
11
11
55
147
151
169
-51
-68
-88
-107
0
10
0
53
27
22
56
-7
50
40
64
23
36
-6
13
50
36
25
17
39
33
45
72
34
17
57
-5
16
18
53
25
29
23
74
-5
1
42
55
70
6
42
17
41
38
52
64
40
81
35
39
33
37
6
34
40
44
39
12
29
21
12
24
4
1
64
-2
4
8
57
41
77
-30
51
-7
19
58
73
37
-19
39
0
13
33
58
19
82
5
48
23
17
22
22
33
38
39
41
12
3
60
49
54
27
26
20
58
41
32
39
33
24
37
82
29
29
12
56
32
19
21
9
40
0
23
44
72
51
68
48
-13
-56
0
-38
25
-37
97
85
49
-6
19
8
38
36
-1
-13
-18
16
77
37
51
33
41
6
27
32
83
37
44
19
-7
-11
64
65
20
42
64
36
51
-6
35
-4
54
17
59
65
-1
-33
44
56
17
56
29
48
-55
19
7
28
67
-10
37
-22
71
6
22
17
-4
42
39
67
27
21
4
25
54
37
9
20
-14
39
44
55
20
-7
56
54
20