0
36
68
-11
-12
25
51
-3
49
69
1
59
32
-1
40
-7
21
43
12
36
-7
89
41
88
26
54
58
27
5
60
48
27
36
10
-18
16
29
59
53
4
48
21
27
11
27
24
8
2
86
38
21
28
54
45
48
57
37
-13
81
18
44
60
10
12
-22
59
66
20
39
1
72
75
10
41
-22
44
34
35
7
16
38
-23
26
50
16
16
1
7
38
3
3
24
5
49
48
54
32
9
39
24
8
-6
32
67
58
-33
60
16
53
10
49
11
42
45
89
56
71
7
13
45
26
7
28
28
45
16
17
8
26
16
27
27
7
29
24
11
73
69
32
43
16
35
58
23
41
26
25
25
1
12
18
25
51
42
25
58
42
29
67
48
25
50
6
20
18
97
34
26
5
42
40
61
41
39
19
36
24
37
4
56
49
28
34
49
7
-38
23
39
56
25
74
121
130
116
2
-7
-37
10
3
-33
7
29
-7
-10
3
32
-27
11
53
12
48
86
75
33
44
5
33
0
68
40
55
36
53
53
-7
57
60
65
43
54
-6
1
61
91
2
-22
92
-70
164
81
-89
-67
114
70
51
72
21
-45
-25
87
32
43
60
-86
-6
108
71
120
28
0
114
-21
9
-43
-37
10
13
32
48
69
56
21
33
39
60
-17
53
-4
64
-27
40
29
50
18
40
50
-28
16
69
108
-3
25
48
8
38
38
53
44
21
8
25
39
9
52
72
-2
34
-19
28
71
4
-13
8
38
43
67
38
51
0
76
2
112
48
82
21
-4
51
-13
57
11
52
38
40
43
8
28
-9
18
-25
72
32
53
25
112
86
81
73
53
153
-29
3
-25
27
67
-10
81
-1
18
81
16
12
27
-39
48
33
-41
40
50
103
50
-41
20
57
89
42
40
51
107
3
84
12
-24
-13
-5
-18
-43
56
90
36
22
22
32
82
-4
130
-33
3
41
-7
81
19
-38
51
24
42
39
17
16
41
-3
-18
33
107
20
59
57
-20
-26
1
17
24
107
91
-33
-37
-11
23
6
93
16
32
26
-6
83
43
19
42
4
75
-10
18
-43
9
20
60
20
70
9
10
18
26
42
56
64
25
69
48
58
-8
27
34
81
52
-11
73
-13
12
-46
36
12
40
-5
44
0
60
51
28
54
33
23
27
-38
90
77
35
7
-9
11
55
18
37
-22
24
50
19
45
80
38
40
51
33
92
52
37
-17
44
22
48
65
53
23
21
50
12
23
24
41
19
60
27
41
32
22
3
27
22
4
18
-26
37
54
85
61
44
33
45
66
49
7
3
101
20
22
32
68
116
124
247
218
199
147
23
2
-35
9
-71
-73
-91
-39
-186
-350
-326
-324
-166
-179
-86
28
124
118
128
125
123
117
148
55
58
83
107
64
100
56
17
77
48
81
83
105
38
26
44
57
36
5
-7
21
21
35
22
13
-4
40
22
51
35
42
22
1
1
59
33
6
44
42
39
40
120
173
171
101
87
-33
-110
-124
-60
-99
-28
-9
-1
53
45
91
57
58
-26
27
25
25
57
53
81
13
12
23
36
43
45
17
49
43
44
26
17
40
27
40
23
3
53
56
16
10
9
22
59
22
59
65
18
11
-6
25
-20
6
-61
24
29
7
13
29
57
58
44
33
53
103
83
100
189
128
-8
-81
-41
-56
-28
4
-28
17
13
-4
69
44
41
41
17
52
44
35
50
28
52
44
0
50
27
-22
69
45
5
59
34
74
45
44
76
-6
11
-12
33
17
4
24
6
-2
24
28
17
19
43
60
25
8
43
25
3
-40
35
49
41
16
39
28
44
10
10
17
0
-5
48
44
53
53
34
4
98
-11
24
34
20
19
42
54
84
164
203
208
169
16
-107
-173
-97
-61
-72
-7
-2
41
74
76
39
11
32
41
39
69
32
37
39
35
18
22
66
34
10
5
40
43
36
11
-19
45
36
42
21
3
57
33
17
40
42
52
1
-12
26
75
-4
6
54
73
44
54
42
37
28
10
34
48
35
28
6
52
43
71
11
48
-22
53
28
40
28
48
11
18
-4
38
52
28
11
26
16
-5
-10
57
32
43
17
48
49
54
43
11
41
25
2
24
17
74
39
10
-19
41
-12
43
33
-3
38
39
21
25
37
-18
49
51
85
45
57
51
181
197
245
180
-3
-110
-177
-107
-84
-40
-29
34
60
18
24
16
-1
65
33
56
77
-12
36
16
44
37
50
51
19
61
34
12
12
42
28
49
72
28
19
6
7
34
27
40
25
6
41
0
49
1
42
40
75
29
44
12
74
36
25
11
70
5
40
25
27
9
9
74
134
203
186
77
-18
-117
-138
-134
-70
-12
-55
8
18
44
45
33
64
81
34
51
41
41
40
65
42
12
57
32
39
48
33
36
44
42
39
9
12