0
53
-10
-9
-1
55
29
-20
19
29
-9
25
88
8
39
-11
24
4
21
28
20
44
54
34
13
7
10
24
39
19
24
28
23
88
4
138
198
58
48
-19
-18
-27
-81
-40
7
1
38
33
71
41
7
34
39
41
53
58
32
99
-45
3
-52
36
4
-5
43
49
34
101
43
48
40
56
-11
12
61
25
80
33
29
-34
73
-12
-21
-20
33
12
27
26
21
36
40
8
40
54
18
58
66
74
39
12
2
58
27
-23
-3
-18
-5
76
51
12
25
53
53
51
44
17
1
50
25
19
5
64
-3
16
42
41
23
36
2
34
67
76
1
12
-5
22
44
22
-6
-18
77
23
49
23
77
17
20
27
0
16
28
23
42
56
24
3
11
0
55
20
71
36
53
59
32
12
21
34
72
16
23
38
2
2
33
27
40
23
6
9
49
33
22
55
55
24
2
29
34
74
33
88
-8
36
11
21
-4
41
11
4
37
33
32
51
41
7
66
40
67
36
-18
10
52
32
74
12
22
22
24
54
5
54
27
28
57
55
19
26
48
9
35
22
8
24
-11
26
54
71
27
1
27
11
1
34
33
25
39
23
-14
37
50
9
32
6
57
86
43
60
-20
56
118
68
20
33
1
9
-7
-8
0
17
55
36
12
37
23
40
56
100
85
42
28
6
16
66
48
49
71
56
-2
-9
48
44
16
26
12
51
40
11
56
28
9
20
43
4
41
27
34
23
2
56
-10
48
40
-21
71
21
20
48
22
24
-4
38
17
25
72
37
41
27
34
20
9
23
69
3
37
52
-1
32
-3
23
50
42
18
22
-17
48
44
11
17
32
32
25
53
70
32
53
23
57
35
71
3
-1
33
25
3
37
-22
53
58
32
-8
33
11
35
23
-20
12
21
84
19
-17
56
18
20
32
38
27
-6
6
35
32
37
50
49
21
11
51
87
107
135
96
97
52
-11
-107
-90
-118
-45
-1
6
23
39
75
66
77
51
41
28
116
91
57
32
39
-20
-38
55
18
52
4
2
72
140
266
221
168
77
-65
-136
-185
-168
-75
-67
-11
42
26
41
27
41
41
41
17
-4
0
32
104
83
86
57
60
39
45
56
33
44
44
64
36
67
50
-5
34
9
-28
-20
25
88
41
65
19
38
20
41
64
-9
75
87
39
-12
38
12
26
54
27
27
8
60
16
12
12
44
36
12
37
28
35
33
-5
51
7
98
38
10
-4
-23
25
-3
9
42
85
16
54
57
21
41
43
59
37
44
4
16
73
27
48
21
39
50
59
20
59
10
18
45
20
20
44
86
27
10
19
41
6
3
51
44
28
21
11
22
39
38
27
27
57
25
10
36
9
33
64
33
41
-5
66
24
8
29
65
52
25
50
49
28
50
49
17
49
18
-18
22
12
55
53
44
65
-29
5
7
57
10
57
10
18
11
12
25
48
64
53
-4
68
41
50
48
34
65
-12
-25
44
6
44
12
20
58
86
42
4
32
28
7
57
40
-5
7
38
22
23
32
70
69
64
50
33
29
73
4
84
-43
25
29
29
28
52
18
25
10
54
-13
37
4
49
11
19
16
80
28
40
43
19
57
-19
49
23
34
11
36
4
-20
-26
44
11
49
54
55
57
-4
33
52
36
13
19
41
51
50
57
45
22
28
34
11
0
17
29
5
32
28
20
23
19
61
-7
42
25
41
20
4
-3
27
40
8
-17
29
54
58
117
28
-3
12
49
17
-8
4
26
10
39
66
16
12
10
35
24
56
50
20
39
37
58
23
9
-6
28
73
22
44
32
38
9
27
-4
42
18
17
22
38
28
73
42
42
33
43
7
54
26
16
16
76
36
42
32
48
51
23
2
48
60
36
36
27
44
-8
21
41
0
39
27
18
6
65
38
56
25
40
26
51
20
5
25
48
42
23
40
4
41
56
34
52
64
102
155
152
82
-22
-78
-102
-136
-57
-50
-40
11
26
7
37
44
81
51
60
49
66
71
67
83
258
249
114
-4
-99
-90
-91
-77
-43
-50
10
0
25
35
54
55
71
68
76
112
60
38
5
-12
32
23
76
41
35
36
37
36
34
6
75
41
44
22
-7
44
0
7
21
41
19
37
22
4
29
64
55
50
-2
36
16
68
51
50
24
38
64
73
33
58
18
7
38
1
24
2
-5
35
56
41
3
7
37
34
42
26
19
40
4
-7
43
37
89
43
28
61
8
40
10
11
49
43
21
60
37
40
16
50
8
18
26
36
35
26
43
8
48
18
-3
16
48
-4
17
44
-3
83
36
33
28
33
38
58
40
50
24
18
24
2
74
37
53
24
49
12
13
52
-10
100
16
137
50
-42
-13
38
27
27
106
37
23
20
66
-2
-21
-30
43
26