0
23
21
34
6
41
27
28
44
35
3
18
26
43
44
1
23
32
34
-2
56
-12
19
-8
33
74
28
28
59
54
28
58
23
6
8
48
36
48
48
68
18
12
12
25
36
10
11
43
22
10
53
29
55
56
24
26
53
38
27
-25
34
7
-5
27
39
9
-19
55
49
38
29
17
10
48
40
57
26
12
58
-5
35
73
11
22
48
11
29
49
28
39
25
104
29
43
17
28
27
52
53
16
-12
9
21
-13
54
26
21
50
3
32
58
-2
29
54
36
48
32
9
-6
7
41
22
20
51
23
50
70
54
71
66
41
-28
19
34
56
73
81
57
35
0
21
43
72
41
27
8
13
33
7
57
41
64
53
36
9
28
23
10
9
24
19
22
-28
38
39
22
25
42
55
21
24
33
40
-1
-1
65
11
-6
38
49
16
41
20
28
11
16
43
66
33
40
21
27
32
24
45
39
3
52
33
10
40
18
37
4
4
23
35
-5
41
35
22
21
49
25
32
26
37
70
5
23
48
48
22
2
39
60
33
59
67
24
35
18
20
39
81
76
5
33
32
16
50
10
96
17
16
-7
57
50
21
25
-3
22
42
28
53
12
33
7
21
27
17
51
35
55
23
28
12
28
75
12
38
34
59
5
43
23
60
20
34
36
41
61
97
64
19
38
-5
16
0
12
9
0
23
21
19
5
48
22
43
1
24
25
8
40
18
12
39
41
32
67
77
13
51
5
38
34
68
-10
9
26
16
52
54
12
51
33
42
50
16
33
1
18
61
9
38
42
1
82
69
42
-9
35
9
2
-10
7
70
4
76
81
28
72
72
1
36
18
24
27
34
93
64
49
71
9
-11
29
17
41
33
6
24
5
36
17
0
-10
-3
40
19
18
5
2
43
67
53
32
8
29
36
19
60
88
37
8
27
51
22
53
17
41
-11
-7
6
19
45
44
25
48
33
51
35
21
18
34
29
35
-19
-18
40
32
48
49
33
60
66
48
49
18
28
33
36
23
17
68
35
28
33
19
9
12
26
25
51
102
16
60
19
16
-5
136
146
32
-9
-10
-19
-43
-4
3
3
26
-10
32
81
76
7
29
25
16
4
12
-6
52
44
1
52
6
11
41
36
-3
54
65
103
37
22
38
11
24
18
-7
12
-26
36
44
37
61
-23
7
60
37
65
45
-2
-10
22
39
3
19
-50
37
-17
27
86
59
60
68
51
22
-9
54
113
38
26
5
-9
12
40
54
-13
-2
-9
1
41
80
57
29
64
40
17
28
1
40
44
55
36
52
10
49
-7
-2
-2
55
33
58
23
23
56
87
34
34
66
18
8
-14
-5
55
10
87
32
33
18
10
82
6
-1
12
69
3
66
17
17
2
22
-1
58
69
65
74
58
50
10
65
-9
12
16
4
66
49
-13
49
18
13
20
24
22
0
13
48
37
16
25
38
53
56
36
54
7
10
-17
11
27
37
27
49
56
41
55
9
61
-12
49
11
60
52
53
59
21
59
52
5
3
28
67
-1
5
1
34
49
89
33
-18
-36
-4
38
23
36
66
97
22
48
20
49
80
10
50
26
20
36
51
37
20
44
29
4
21
52
59
28
18
58
8
24
18
34
3
11
32
55
-8
69
22
51
35
22
7
0
22
25
50
12
51
17
43
-25
67
42
42
20
48
42
38
37
38
80
34
10
22
34
54
33
23
9
43
39
44
-1
-3
-8
59
25
59
51
-3
28
17
-10
75
9
33
101
17
21
-10
51
-5
49
41
-23
52
7
56
-19
42
60
18
8
43
16
28
20
29
42
38
17
68
72
54
5
-9
56
80
64
40
18
9
10
38
43
-2
24
24
99
34
64
57
55
16
18
4
35
-1
52
-2
56
16
44
58
39
37
59
49
-59
73
-2
9
43
21
20
17
65
65
89
-57
76
-7
33
23
53
16
35
10
36
17
107
145
49
-1
-5
-25
59
3
-4
48
34
50
11
49
64
75
20
13
42
117
38
23
81
37
12
41
-18
24
35
48
11
72
13
28
-22
58
16
-49
27
25
9
19
69
52
49
52
-10
37
12
72
22
23
76
103
116
55
109
-83
-3
-18
-4
-7
52
84
-13
53
52
34
36
20
60
37
71
58
-5
19
-3
122
45
-2
-2
35
-29
9
41
68
23
33
72
67
32
12
39
45
29
33
3
-23
-11
26
18
27
60
-44
44
43
-4
-28
6
2
12
68
58
83
18
8
17
-23
104
50
52
72
12
19
38
19
28
45
51
40
43
12
-20
1
-19
49
52
42
44
57
42
34
64
49
23
25
44
20
25
36
45
69
40
-24
36
2
43
68
11
34
44
9
44
18
3
68
43
17
36
44
41
65
39
45
-5
49
33