0
66
44
80
86
11
35
21
51
26
48
-9
39
36
41
76
34
52
23
20
57
-34
18
20
40
44
7
25
-8
39
44
10
8
-12
-42
-4
70
17
50
17
43
-21
32
65
89
86
52
53
33
25
5
32
6
23
87
53
17
74
-20
6
17
60
-13
23
86
37
44
41
56
53
44
44
76
23
68
43
-1
22
36
68
59
24
42
-10
-2
11
38
36
34
-2
25
61
22
21
5
7
52
84
86
166
44
-6
-6
-7
-9
6
11
-18
16
25
0
33
37
18
19
40
59
22
70
55
21
35
56
41
44
12
44
18
27
42
83
35
0
37
17
10
51
43
35
-33
42
65
72
28
-13
38
61
26
24
3
74
44
19
33
10
21
32
21
58
26
37
73
19
5
44
18
13
22
45
23
17
57
35
-10
97
57
13
0
45
13
9
25
32
49
7
65
52
21
25
49
13
-5
9
16
32
52
60
16
28
27
9
42
56
68
28
25
-13
-10
-22
43
13
12
-2
49
43
12
76
8
28
26
80
28
77
22
71
11
52
44
29
44
32
26
36
-7
32
5
32
66
33
22
39
40
40
-12
48
22
21
68
-3
9
29
41
24
17
80
56
20
35
48
36
-17
72
0
44
1
-7
34
36
28
26
17
20
9
-19
18
53
44
36
69
50
17
12
25
29
67
43
55
37
28
26
50
19
9
-5
90
25
40
8
25
16
20
3
36
67
-13
70
11
36
64
34
10
67
33
36
18
27
76
26
7
10
-22
48
50
64
52
-21
57
10
26
72
117
156
134
41
-6
-76
-60
-18
-12
43
35
40
36
25
9
43
5
57
-2
16
18
42
7
-1
36
-3
18
11
20
51
-11
53
48
49
3
-10
24
-36
41
44
18
59
20
37
11
80
34
26
6
24
18
8
33
44
41
-6
44
21
11
43
35
20
-1
43
23
42
22
40
24
20
48
11
43
3
49
50
53
42
7
-8
10
6
61
66
29
-1
24
42
42
36
2
24
59
-2
44
1
25
48
39
16
40
41
54
29
19
49
26
28
19
5
24
60
69
0
32
77
55
85
37
66
22
91
54
57
36
26
42
8
52
-28
32
33
38
22
27
66
52
17
40
-1
-4
-5
1
70
22
81
18
29
10
71
10
27
55
52
8
35
17
32
36
28
48
41
11
34
-6
-1
64
26
12
-36
-6
38
53
50
35
66
40
18
49
19
27
10
65
36
50
5
-1
59
50
33
17
32
58
42
28
36
89
129
16
16
18
-37
11
-5
-6
42
21
27
9
64
50
22
50
7
89
59
2
-1
-6
0
-25
58
50
71
26
33
-1
37
72
-11
28
28
59
27
-4
0
21
28
87
52
34
1
-59
-6
39
37
64
18
27
73
70
6
71
33
57
81
56
66
60
58
-7
24
37
23
4
5
68
112
57
-9
-2
19
59
1
19
67
7
51
-1
60
28
13
57
59
55
8
6
-7
64
50
53
66
-4
-20
65
39
19
9
27
26
51
59
43
26
-5
-17
66
64
43
18
7
24
18
25
29
18
45
54
37
23
37
17
51
36
1
22
55
-2
24
24
19
51
69
33
52
69
41
40
33
32
51
51
34
24
38
34
-4
13
61
4
6
43
48
34
32
-3
34
13
24
-2
76
58
27
71
25
-5
37
42
51
51
37
66
38
44
24
-29
23
16
26
19
24
-3
60
34
26
25
66
18
44
11
6
52
87
44
55
32
-3
20
66
21
2
40
0
25
17
42
9
-22
56
49
12
43
17
24
37
29
20
16
40
55
57
6
40
7
12
-2
48
50
12
27
23
25
10
21
28
36
55
25
51
21
36
24
33
34
28
25
42
54
34
12
8
41
22
34
17
28
25
10
56
36
44
44
48
39
29
18
7
42
8
27
26
43
42
38
4
23
64
34
80
38
-10
41
34
39
21
13
48
56
35
-8
12
12
23
50
37
55
45
22
52
28
33
17
71
59
32
-20
8
-2
4
33
3
23
-26
23
5
38
54
24
57
24
-6
7
9
72
36
73
35
68
69
34
39
39
53
19
37
19
34
49
21
24
41
51
36
26
40
6
39
41
36
16
53
20
25
22
37
19
21
28
39
67
2
6
-36
60
32
52
92
36
-1
-5
43
4
34
36
21
4
9
29
21
12
38
91
32
3
11
28
69
16
53
32
34
17
7
54
37
21
69
-7
18
24
37
17
28
38
12
42
25
28
36
25
33
76
23
48
36
25
-2
6
54
20
40
26
17
27
35
-18
124
104
49
-8
-24
-19
3
49
65
8
37
66
93
188
262
269
202
155
6
-100
-242
-308
-264
-214
-149
-59
-23
27
76
109
100
90
119
81
51
74
107
69
82
82
-18
36
36
39