0
29
67
58
40
44
57
55
75
37
40
36
65
103
55
48
-1
11
16
23
2
22
17
23
91
32
37
58
27
65
23
57
33
37
32
11
55
49
25
38
43
42
7
51
38
21
21
41
12
41
4
42
27
-3
26
12
38
8
35
37
19
5
66
43
-1
-1
39
69
6
33
81
27
42
23
23
23
53
75
12
-1
50
55
27
24
41
26
26
21
189
232
259
83
-34
-72
-90
-66
-24
-5
-65
-37
2
12
19
-18
13
19
74
36
11
36
5
106
38
8
38
16
18
19
66
25
18
23
39
41
8
32
13
37
80
4
54
52
-12
-19
51
25
34
61
60
44
33
56
22
36
0
33
34
17
39
70
76
48
48
19
36
55
54
0
56
38
28
57
8
50
32
44
57
8
-29
32
53
25
29
60
116
89
73
61
27
-68
-55
-67
-108
18
-6
9
56
6
51
90
37
57
41
76
-8
58
114
140
104
97
128
43
-70
-103
-54
-27
54
0
11
18
67
51
50
12
90
69
68
29
39
17
43
43
-6
4
38
121
138
152
64
-36
-38
-65
-34
-41
55
39
27
-22
36
32
21
8
37
58
10
92
21
65
64
41
49
-4
41
73
52
54
35
114
247
188
-4
-102
-118
-109
-60
-37
-71
-26
18
10
33
27
128
177
225
48
9
-24
-70
-50
0
27
18
-6
98
56
37
42
42
1
43
26
90
40
57
-4
20
48
35
33
38
66
37
-13
-97
-5
25
35
53
29
23
65
88
40
56
97
23
59
-9
75
42
59
-10
68
38
48
50
37
-14
-23
-18
74
37
1
59
60
148
294
160
22
-34
-70
-50
-75
-12
12
-17
49
-6
103
9
-12
-25
43
43
38
33
29
21
49
41
17
59
21
64
23
20
27
118
11
-5
8
26
-44
-11
89
38
17
97
48
-1
12
81
53
40
17
35
51
68
41
52
11
8
23
71
43
4
53
28
83
87
189
244
17
-45
-87
-5
-12
-24
4
41
-6
66
-9
38
21
40
16
-4
-4
26
49
44
54
-34
-27
32
11
10
3
42
61
55
29
3
57
44
90
89
-20
2
50
28
-4
-4
64
57
7
-4
17
27
-22
56
-13
-44
-20
19
9
32
2
24
100
64
85
64
24
73
35
8
10
28
10
34
18
22
58
21
17
6
-19
61
29
21
0
22
48
23
20
11
22
60
19
6
53
28
19
17
76
28
21
34
-28
33
-11
20
55
33
82
21
37
-13
-1
11
53
83
70
17
33
38
17
-13
-6
43
45
36
74
32
10
3
24
25
8
115
52
182
218
86
10
-86
-76
-57
-76
-22
7
3
11
2
55
45
52
87
60
59
18
70
26
9
45
26
35
40
38
28
48
86
64
27
8
35
49
20
4
48
48
16
11
4
12
36
40
24
26
2
25
68
35
37
22
60
18
16
12
2
17
-3
55
65
43
27
22
21
35
53
21
45
5
10
-21
-19
50
39
36
74
36
49
38
17
6
70
28
58
11
71
50
73
49
21
81
5
54
67
98
53
20
44
65
39
-4
42
-3
56
39
7
34
6
34
23
36
22
25
43
-37
170
297
171
51
-71
-82
-82
-59
-12
-7
-8
59
0
33
19
13
40
24
51
26
5
73
49
2
70
29
39
-1
25
22
16
76
87
52
-21
-77
-33
-65
37
28
34
12
25
21
73
50
108
277
310
135
5
-116
-117
-74
-24
-19
-38
10
0
23
59
-5
-1
38
-7
70
38
48
57
20
9
7
67
58
82
108
52
9
65
12
24
51
49
12
9
81
54
44
37
26
93
-4
68
21
65
38
19
55
58
8
4
60
39
68
87
64
32
-13
18
38
54
40
9
53
43
11
11
43
58
42
64
-6
6
21
50
20
61
5
12
49
19
8
54
37
9
41
16
45
43
68
57
-3
29
61
19
89
-19
33
11
27
13
20
72
53
17
1
9
35
22
7
7
7
69
44
56
57
40
-5
23
12
81
42
22
8
20
44
21
12
55
33
6
25
25
11
64
66
37
24
35
50
51
38
0
-4
17
-27
60
56
-7
-58
-30
29
9
10
54
82
64
23
40
48
90
64
33
11
21
25
17
51
53
50
34
-19
23
32
34
35
42
39
26
7
69
69
73
81
54
18
56
26
28
68
7
53
16
72
10
28
9
72
25
38
50
23
34
26
-12
60
23
2
-13
99
77
162
17
23
5
5
25
34
-9
28
36
54
22
36
25
21
39
25
36
-1
68
53
49
13
53
-2
35
12
56
48
74
-9
8
22
23
2
16
24
4
41
-2
43
7
-17
58
29
38
19
64
52
17
5
25
19
-3
21
66
58
-4
21
5
23
27
40
59
75
84
65
65
22
38
67
59
42
33
23
40
-8
48
40
19
35
41
34
41
-42
90
6