0
73
119
256
122
60
7
-51
-97
-76
-60
0
18
27
57
114
28
37
3
4
-10
23
22
17
17
16
23
44
41
28
-1
10
44
53
49
33
55
28
64
85
75
36
20
4
51
26
37
32
33
26
-18
24
25
25
22
34
8
59
43
41
22
48
24
22
-4
32
9
12
80
40
9
26
41
-20
39
35
49
24
18
38
0
38
-1
17
50
33
20
67
8
8
8
20
-36
38
10
41
-40
32
33
18
40
53
65
69
-6
51
39
55
20
20
5
36
49
100
48
65
48
35
34
64
59
73
45
27
42
48
10
39
25
36
41
27
1
41
-8
77
57
-18
3
-7
8
28
6
51
37
22
88
53
22
16
34
36
25
13
73
44
32
20
38
40
35
75
153
148
2
-19
-34
4
21
-11
-2
-5
19
20
18
5
140
152
50
-8
-51
-22
21
37
-10
33
22
27
48
45
26
-12
43
50
41
18
27
37
4
33
22
72
54
10
8
25
65
37
18
60
37
18
59
28
65
49
24
4
33
-43
44
-5
22
53
22
18
50
41
42
50
54
37
17
18
-3
33
-29
8
18
43
23
19
-6
11
42
91
68
51
5
18
66
51
44
70
52
50
21
23
29
-9
57
50
54
40
23
-13
33
-58
72
52
52
0
51
7
25
49
36
-4
-28
36
57
80
19
98
10
56
28
12
90
1
26
21
45
40
43
-37
72
17
36
20
-6
-13
40
55
58
8
19
25
80
-4
71
81
38
17
19
65
28
9
-5
19
49
-3
60
39
2
81
26
29
22
23
7
2
1
42
39
-6
9
2
33
55
-4
67
19
60
66
37
55
-41
99
86
56
2
1
-9
58
23
21
27
21
-3
-12
40
24
38
44
59
32
33
36
41
11
-17
28
13
1
-8
35
-10
-50
18
70
56
54
23
83
-30
7
68
-28
18
84
64
77
13
54
54
17
36
59
9
71
33
4
18
27
39
88
5
37
21
56
55
52
18
50
28
27
37
55
60
51
27
48
67
56
7
52
19
113
21
39
-3
38
-14
117
36
66
7
38
23
8
23
12
24
55
66
58
45
37
59
38
48
56
32
18
64
39
10
44
34
51
-46
29
16
39
55
17
17
-4
48
-43
33
51
27
29
-1
39
16
19
20
60
4
19
6
26
34
37
61
20
32
26
43
58
59
29
33
22
91
45
0
10
-39
64
60
69
49
89
85
113
96
70
10
-26
-69
-109
-34
-8
50
5
10
35
37
48
19
56
50
57
91
65
29
-9
70
41
40
72
25
68
22
154
210
192
118
42
-75
-124
-141
-83
-43
-20
8
35
41
28
89
19
37
26
80
-1
48
34
105
53
16
54
59
41
33
45
48
-4
52
108
39
60
34
68
55
-21
22
9
24
-11
59
8
75
6
69
39
64
12
38
9
52
38
19
16
6
67
27
36
29
33
89
41
17
-1
36
33
42
42
84
48
66
8
38
42
-14
-19
42
1
22
22
39
7
20
19
65
45
41
44
23
87
0
32
-7
54
22
53
65
58
23
2
53
-25
37
52
50
16
10
60
43
33
52
3
43
2
42
36
22
44
43
9
55
17
39
38
3
6
44
43
39
-3
22
-5
54
17
18
103
-4
10
100
29
5
0
50
36
33
45
24
39
24
64
21
16
29
24
-2
66
-2
37
18
50
83
42
25
13
69
-23
17
57
35
-2
-35
59
32
53
36
12
36
29
19
-3
26
38
-4
52
29
33
61
49
8
66
57
51
26
71
48
40
27
32
38
16
21
41
34
12
-14
11
64
60
42
20
-1
56
60
32
49
53
64
45
51
52
29
9
36
43
51
11
50
52
11
-6
5
-22
4
48
24
17
-8
4
48
60
28
39
71
16
11
28
-26
3
1
82
89
5
24
23
39
43
5
37
28
-10
-11
87
17
104
42
-10
51
53
-7
64
37
25
17
-17
41
76
20
42
37
49
-23
28
32
41
9
36
13
44
52
38
12
11
32
35
44
10
49
73
0
23
0
64
12
23
5
51
56
86
32
28
20
17
33
98
48
23
39
-3
97
122
32
6
7
40
18
10
56
50
67
8
41
27
24
-3
-12
34
25
4
60
25
16
27
56
73
57
48
54
50
37
51
58
12
-4
3
24
-26
67
5
68
59
-5
48
4
49
-42
49
40
-40
17
23
74
-9
75
48
83
70
35
27
10
11
40
36
44
11
-17
25
-12
-10
54
81
3
112
-9
26
12
84
48
-6
43
52
26
5
55
11
27
21
27
22
26
89
-10
48
58
33
72
26
-1
7
32
43
35
70
32
-7
35
-20
25
-20
17
-2
1
70
11
81
25
84
42
37
27
-12
58
50
56
21
-3
71
49
8
44
-12
50
-6
17
5
49
28
54