0
-9
16
27
53
20
52
27
10
-9
1
56
43
70
60
36
77
54
0
10
-5
11
21
8
52
-22
40
11
74
23
8
56
11
10
10
6
25
49
45
22
28
6
44
34
-21
71
53
11
60
35
8
10
44
24
54
36
18
10
50
48
56
48
9
72
-23
128
48
55
-13
22
-2
22
37
40
29
38
20
2
26
50
5
33
-2
59
27
29
17
10
42
-23
42
6
44
17
19
-24
54
57
58
34
41
71
44
26
64
37
34
18
1
8
-12
24
25
39
-24
34
12
-12
-19
32
71
43
6
-6
13
-10
66
50
21
19
19
39
44
58
39
-5
24
22
41
43
33
37
45
3
49
22
49
51
43
70
48
48
-8
20
21
3
21
34
34
1
37
-6
6
35
49
98
70
53
16
40
52
21
35
55
117
156
17
-49
-53
-73
-75
3
91
53
88
13
81
71
34
65
38
69
48
-6
25
-2
51
11
50
-10
56
28
73
73
169
197
10
-44
-51
-37
-12
-46
25
20
38
50
49
26
34
24
-65
0
-77
-54
-86
-19
6
-33
53
0
37
34
20
61
18
72
51
144
115
146
40
24
-6
33
22
-9
25
-27
57
4
10
-7
53
27
53
10
11
17
51
72
51
52
11
22
42
28
23
6
43
37
21
-8
88
20
7
20
53
41
77
50
-5
35
72
64
8
25
54
25
54
93
-41
42
20
51
33
38
-18
18
57
51
40
26
38
38
39
42
68
68
85
58
56
69
-36
25
71
12
33
27
36
42
1
32
23
26
64
75
32
86
53
12
-8
28
45
45
20
58
68
-13
39
81
25
18
35
49
4
153
76
35
23
4
9
35
-8
-12
32
37
52
83
71
-20
76
27
72
104
22
128
32
96
58
64
40
33
67
104
27
86
-20
53
36
17
76
58
23
12
74
0
19
8
74
-3
86
21
90
75
113
35
29
26
32
-3
17
55
-18
52
42
20
54
18
50
44
37
7
56
-24
81
42
38
54
-7
4
17
54
6
-8
-9
61
1
1
40
9
101
28
42
98
10
-21
71
60
89
56
51
16
23
57
48
0
42
16
33
-8
21
-9
-21
13
36
1
53
-40
22
24
48
42
43
27
64
-19
65
50
8
-12
9
68
32
9
59
69
18
28
51
42
24
19
19
51
-6
18
-9
-3
44
-18
1
-11
6
41
1
12
21
-34
88
21
43
35
12
56
27
100
52
32
13
21
-19
41
72
25
52
76
51
122
49
55
64
19
27
37
54
56
-9
20
-13
53
22
38
39
18
10
52
25
-10
67
9
112
58
69
-11
38
22
34
18
-6
18
19
-8
6
52
66
52
58
75
34
24
-6
18
33
25
82
7
77
-23
27
32
-3
2
50
26
84
26
1
-20
-17
56
69
75
51
53
67
101
80
81
117
42
-11
-113
-89
-35
-28
-28
-18
-5
22
59
75
9
45
68
53
64
48
50
56
39
49
76
217
152
96
108
21
-60
-105
-161
-130
-125
-18
-11
37
-44
42
29
25
69
75
107
50
-18
73
75
53
49
67
4
36
-6
58
19
40
97
64
10
8
6
-22
43
69
-3
-26
38
20
7
17
-17
-21
-3
-74
70
72
17
82
-21
64
66
18
8
35
27
45
87
1
60
71
-11
13
43
-13
23
60
33
5
89
43
12
68
64
-50
103
1
82
41
-9
42
13
87
18
21
41
41
20
53
11
68
69
-3
64
-34
96
152
16
40
106
13
18
-42
7
2
-52
66
26
89
9
73
4
0
99
18
67
39
91
76
-22
18
59
40
38
-23
23
-11
26
32
42
53
21
38
20
-7
50
26
56
35
76
-2
17
85
18
2
82
27
2
35
120
42
67
28
35
43
27
-46
-43
106
9
50
22
67
82
-1
81
50
11
-4
-18
-36
115
33
34
-22
86
92
-5
61
-39
42
33
22
7
22
54
27
17
34
65
36
-7
35
51
35
21
38
82
23
8
24
26
59
-18
27
42
-34
59
45
9
-26
72
41
60
93
-3
56
1
129
1
35
103
25
54
-19
51
26
-10
34
49
9
33
81
51
34
10
80
6
70
33
38
-10
41
55
-8
50
24
51
16
68
53
7
-27
44
41
43
26
9
99
32
-3
64
-9
58
26
26
8
48
51
81
43
11
-46
25
55
20
80
28
12
26
76
6
4
29
41
73
59
58
-7
102
32
24
51
16
49
67
61
24
59
11
54
29
11
2
9
18
37
22
29
76
33
67
32
26
61
-10
5
44
90
-5
85
66
68
9
-19
9
-21
64
60
0
-24
1
105
38
-1
-34
82
61
35
73
2
43
1
54
32
17
21
8
-38
57
-19
82
12
54
29
52
-54
2
37
-12
65
97
11
32
3
20
59
85
27
43
65
8
43
75
1
48
48
2
35
1
59
68