0
20
22
44
24
112
37
8
21
-23
49
48
27
17
34
11
22
75
64
68
33
8
66
41
32
55
37
-35
73
60
-1
69
45
55
24
23
2
-2
34
56
-8
-8
16
68
49
9
49
34
120
42
43
54
6
24
17
9
45
52
-22
88
68
7
36
48
5
57
-7
33
41
26
12
-1
69
52
25
6
43
-4
74
8
58
19
22
-18
36
1
58
-9
54
33
40
8
-7
27
-4
116
26
25
23
10
-5
-18
26
83
-3
19
70
65
11
51
17
27
38
65
-17
75
22
10
11
23
108
3
-9
13
3
40
67
8
50
41
12
53
26
26
8
-1
34
6
16
60
43
16
21
5
3
19
40
35
36
16
44
52
37
43
103
27
76
11
64
6
40
26
39
48
-1
4
97
36
68
0
82
-1
26
3
6
8
38
64
87
3
10
2
37
-9
38
-13
19
81
20
23
11
39
5
36
27
-11
58
25
43
34
3
71
57
33
9
41
18
16
65
21
17
65
23
38
51
34
29
25
18
74
55
4
28
39
8
-2
59
42
-22
80
21
-34
8
9
5
75
23
0
42
26
22
75
54
67
56
44
165
156
34
24
-14
-27
-8
-34
-13
59
-37
-27
3
12
54
67
83
53
34
20
65
34
18
51
22
1
10
70
37
64
26
38
56
18
11
-2
6
50
24
27
100
32
52
1
76
18
-10
67
-2
-1
-1
6
32
85
24
36
36
-5
23
0
91
4
21
40
22
39
22
91
56
37
1
9
5
6
5
40
3
38
70
45
37
55
3
37
22
18
61
34
-18
52
35
25
40
21
56
-22
73
-12
28
10
1
67
68
17
39
42
19
27
34
61
43
18
51
17
33
43
7
0
34
55
25
39
25
38
16
22
11
13
-1
32
39
-7
52
85
-1
33
-5
56
16
37
44
8
16
21
65
87
40
0
12
48
9
44
81
26
76
-1
45
18
28
38
-11
71
58
-5
-1
54
23
83
66
11
9
45
3
16
57
73
7
2
25
51
67
29
-2
49
5
6
-22
100
35
61
36
37
17
16
20
-29
65
89
0
17
13
24
17
20
6
8
43
54
39
-33
32
6
74
29
38
-4
16
-19
39
18
10
-6
58
21
74
-12
27
48
53
64
53
65
-1
40
70
32
-9
1
74
-11
18
7
12
86
-2
66
39
-7
27
101
11
28
16
38
-21
-22
7
60
27
19
43
40
2
20
23
45
34
40
10
-28
72
35
-7
10
36
18
-12
71
25
52
39
1
7
67
-3
40
32
86
33
3
45
73
33
-49
99
-6
8
35
23
39
51
4
13
16
32
52
-5
36
-17
-6
23
56
23
9
50
56
28
10
53
43
84
11
33
-9
13
2
34
32
55
22
38
13
53
20
52
60
25
20
-42
39
51
24
5
43
39
48
51
36
41
32
4
22
0
77
-7
6
91
9
18
35
-8
54
37
81
-25
51
67
39
19
32
28
25
48
48
-1
69
11
29
36
32
9
43
52
-27
23
-20
88
26
5
39
10
22
55
41
-7
21
36
54
-4
28
3
32
51
67
-27
25
74
34
42
13
32
27
10
4
17
24
22
-23
45
59
73
-12
-7
72
44
21
50
71
65
-14
76
-5
51
-8
13
-17
71
19
55
1
-10
-29
34
10
50
3
54
-10
11
51
50
42
22
49
42
28
35
29
-28
18
33
1
42
58
59
39
12
-17
34
18
10
42
48
39
32
53
34
57
-33
39
26
23
72
7
39
22
25
90
40
17
-17
68
66
34
37
-25
52
-29
19
57
36
11
10
9
29
25
4
-8
48
25
58
44
6
55
24
-13
67
102
32
34
5
42
20
53
19
34
18
43
114
21
12
27
2
34
-2
-28
20
38
75
44
36
68
74
1
-12
9
8
13
61
48
7
37
-13
68
86
22
4
-10
81
9
43
1
102
-5
39
50
9
18
41
23
67
29
23
-18
40
53
28
-2
54
23
5
87
23
60
23
7
49
37
53
2
23
36
-26
84
86
7
20
70
48
12
51
53
59
40
-27
41
42
35
38
17
43
11
43
33
24
-18
22
10
7
77
56
42
0
37
64
32
21
41
19
-22
-37
34
-2
-51
75
-1
48
4
12
4
90
103
49
21
57
1
99
42
16
45
43
18
48
56
12
60
27
52
-40
85
43
57
65
8
22
9
54
54
104
48
84
2
37
26
-23
49
19
-34
44
26
26
-24
36
19
25
26
83
67
23
98
43
34
-3
43
42
-19
53
7
26
41
72
3
82
36
45
41
28
9
35
42
38
21
7
20
1
29
40
9
7
56
37
60
39
1
38
-40
41
22
28
66
20
19
26
29
7
17
43
48
69
16
-5
60
68
43
54
-22
66
60
9
41
19
39
65
59