0
-1
49
4
0
82
51
17
34
-10
-11
-17
53
51
34
24
48
36
17
60
43
29
34
-18
-1
64
40
35
44
32
43
27
50
16
59
82
8
37
71
17
67
26
41
21
58
2
97
-8
-3
40
51
43
5
74
36
68
-8
16
28
13
-21
25
44
26
18
55
13
34
75
-5
27
6
41
-3
48
26
70
5
12
-22
43
33
64
3
19
69
38
60
32
29
89
73
98
57
21
-17
-5
-6
37
-29
-3
10
42
53
35
11
60
4
22
56
58
28
92
33
69
-75
-30
13
-50
-43
13
83
29
85
53
44
28
75
33
1
34
60
38
2
44
68
18
156
93
52
-58
-10
12
-51
25
59
12
37
7
102
39
99
100
87
-1
24
9
-17
-3
48
1
7
71
35
-6
5
65
2
-9
18
21
-21
56
-5
38
41
54
60
76
68
-19
25
18
-20
-1
53
23
66
45
-4
51
2
7
2
11
50
8
51
72
6
38
27
16
113
59
49
-11
9
39
-12
-19
4
32
87
59
80
57
-1
17
50
27
43
85
19
74
48
71
21
81
56
56
16
35
-17
7
0
-22
-21
-35
28
61
53
58
-27
21
13
97
58
66
17
-24
11
-25
67
-20
-17
-2
56
1
49
105
113
33
72
48
57
-35
57
81
76
-67
49
58
-34
60
-34
33
41
107
138
186
85
71
25
38
2
18
48
37
-39
11
53
5
24
4
-25
19
85
58
51
13
27
27
37
70
26
101
106
54
41
-53
23
-1
64
9
64
32
72
-4
27
-23
22
-11
-22
66
24
50
-2
-11
-11
-20
42
40
18
68
74
53
19
37
3
-2
25
19
90
57
169
225
7
-53
-40
-41
-10
1
38
41
37
67
28
0
55
33
44
51
-9
59
34
32
33
-12
-19
17
17
68
-3
28
-14
-23
17
50
9
8
3
41
2
44
27
20
-8
13
65
69
92
34
53
27
116
55
42
17
3
92
3
22
17
56
7
-17
22
16
10
38
44
37
56
40
59
38
56
26
8
24
83
75
52
71
28
75
34
64
36
7
28
53
18
28
27
75
21
26
18
20
17
5
23
-12
23
41
65
17
8
23
-9
25
48
40
40
65
40
23
39
-20
20
16
24
51
29
1
51
49
52
61
24
71
57
18
24
49
-2
53
55
55
13
66
41
26
49
4
38
55
29
57
56
12
59
-12
53
49
104
68
-29
-72
-52
21
22
12
20
11
11
43
64
57
11
50
58
27
39
86
2
23
-27
-23
106
-19
97
144
69
68
-14
71
27
-22
-1
21
2
55
82
58
162
273
100
18
-51
-118
-88
-60
35
8
25
17
58
12
55
68
61
19
70
34
26
64
-2
39
12
49
38
109
72
17
67
54
36
36
33
32
5
-13
6
64
121
97
227
179
-29
-210
-82
-37
-21
19
-12
-38
69
22
16
70
54
72
81
3
57
-13
123
-102
74
125
-8
39
-4
70
131
181
123
112
-37
-72
-76
-17
-19
-37
-20
58
36
32
35
20
54
16
86
27
54
26
33
-2
58
84
35
44
80
38
72
69
103
73
38
17
12
37
50
8
-60
-24
2
11
71
57
114
131
212
116
133
89
20
-99
-138
-129
-85
-118
-38
-26
23
43
100
7
41
55
17
8
41
35
71
99
27
35
60
35
8
33
25
-26
32
51
3
9
49
39
12
42
24
17
5
29
8
54
35
6
41
25
39
3
68
212
217
26
-40
-35
-54
-23
-26
70
82
101
23
4
-19
0
37
57
6
103
16
23
42
2
19
40
22
96
68
75
42
55
65
36
-35
-65
-24
2
42
83
64
73
70
50
7
81
96
56
2
4
35
40
0
-25
35
32
42
11
35
50
49
-4
16
-33
54
27
101
34
56
49
1
38
64
27
23
-12
8
28
2
40
58
19
56
55
40
28
42
-7
43
19
28
5
25
18
60
19
91
18
44
-14
27
-38
6
8
26
9
49
27
-1
1
-20
43
-19
134
66
58
18
35
35
24
22
65
9
18
26
66
7
59
4
26
75
10
42
-6
34
25
23
10
64
92
12
21
10
-23
-7
10
6
8
-3
65
40
35
5
20
54
4
70
58
56
29
33
73
28
55
-1
8
52
40
39
24
48
38
26
11
18
59
-12
72
17
20
58
32
56
29
51
26
56
32
32
65
35
83
160
253
204
60
-11
-134
-163
-123
-100
-118
-27
-44
-23
-2
21
86
66
67
55
45
82
72
26
85
25
44
64
43
38
39
41
56
40
34
49
67
40
65
44
35
60
38
43
-39
39
69
68
1
68
18
40
97
-53
-37
4
-18
37
34
17
27
60
33
32
18
147
64
76
-43
75
-21
71
40
33
27
29
58
20
-8
21
44
97
50
-2
34
33
65
-75
21
40
86
9
11
-3
73
35
-3
-10
-41
27
48
-18