0
27
-18
-21
2
41
-37
-36
19
52
89
93
7
3
-7
27
69
66
26
19
57
-9
-8
34
35
33
64
37
53
41
61
65
81
-13
-12
37
4
12
-83
-103
-81
-55
-49
-41
-69
-29
-61
7
-6
-3
36
-37
87
32
106
81
74
45
55
33
9
19
-5
65
38
65
42
17
37
65
51
20
60
33
40
18
83
51
39
45
49
21
-9
50
29
73
18
13
17
39
29
-21
68
64
68
84
53
12
64
32
22
84
-8
42
4
44
54
-9
18
4
41
13
19
118
67
120
73
33
22
-12
11
24
71
73
69
-5
6
12
17
65
56
-2
54
51
44
26
33
51
44
35
55
25
4
59
3
25
32
44
38
24
50
65
36
48
38
44
21
50
41
-7
65
22
10
-6
34
12
25
6
71
35
32
2
48
21
36
27
33
53
49
28
41
21
32
16
12
68
81
66
-33
-39
-7
-33
1
41
59
10
-4
-4
0
44
4
50
25
18
29
23
54
25
39
-4
67
73
74
71
42
9
6
4
54
33
2
59
68
16
64
51
50
33
44
51
38
11
42
34
-4
48
41
23
23
36
36
54
33
3
16
45
21
53
37
38
19
5
39
42
36
32
35
27
42
48
43
10
25
41
19
-22
-4
76
40
38
40
64
20
48
65
10
41
2
18
52
57
6
16
4
-8
19
2
24
37
16
72
8
37
35
53
69
8
33
55
50
24
19
115
-27
49
-6
18
50
26
17
23
11
26
71
37
41
51
39
50
36
28
25
42
26
20
20
-9
39
11
16
23
34
65
20
-8
69
21
3
73
25
80
-36
-11
20
2
44
65
68
49
11
18
22
20
38
58
33
27
17
16
41
48
23
12
86
41
54
18
80
16
36
-17
67
34
39
54
16
55
19
48
17
67
-17
53
26
43
18
17
12
-29
68
38
20
-14
53
73
-17
0
53
39
34
20
29
17
91
59
1
23
61
44
21
26
-11
50
50
32
-2
-5
24
51
55
32
48
55
24
32
7
50
40
10
43
89
-2
73
16
38
43
59
13
-9
52
19
49
26
8
71
6
54
18
38
29
20
-13
26
48
48
19
48
44
-22
23
-12
28
26
-11
23
42
22
36
19
23
38
16
39
-8
100
38
8
9
25
34
51
56
56
18
42
39
5
19
16
11
40
28
55
23
18
68
35
56
34
8
27
22
8
26
-1
38
40
13
75
2
44
9
80
64
-49
12
51
17
87
2
25
65
16
32
80
-1
0
82
58
68
18
32
87
12
36
11
26
25
48
-9
65
54
81
52
21
2
16
8
49
27
60
59
40
-6
11
17
19
44
-2
16
27
35
51
12
58
-3
24
40
28
20
38
50
16
66
54
69
24
20
26
-6
48
52
51
-1
49
19
56
44
-11
-9
27
59
52
39
71
58
49
42
10
33
24
17
7
-1
37
83
20
57
52
67
51
54
19
8
71
73
20
3
-1
26
55
8
18
1
72
39
48
-9
44
40
68
10
100
-26
-19
11
55
-33
69
51
40
45
37
42
-25
6
10
123
-18
8
21
44
57
37
57
65
44
40
49
10
12
-3
55
56
16
101
19
10
22
54
43
16
18
39
45
52
38
1
48
112
81
60
37
21
23
17
19
-30
35
28
1
13
73
33
65
24
-9
-12
19
82
44
73
42
36
26
64
48
45
24
18
54
35
28
65
33
41
5
50
16
97
42
0
7
3
-23
40
1
65
16
85
18
39
19
-1
-21
59
76
90
21
57
27
49
28
-33
-17
70
39
88
57
-20
101
36
27
0
12
12
44
43
4
-40
60
48
49
19
21
12
51
48
10
44
34
33
28
34
43
18
18
44
70
37
33
39
38
39
37
33
38
25
32
19
20
68
19
54
7
4
29
35
23
28
53
26
12
65
5
58
11
12
2
48
33
67
60
-7
55
37
40
-11
84
80
24
49
-10
24
7
40
67
51
68
43
20
70
33
49
4
26
-4
-17
10
70
19
68
25
76
42
38
34
26
22
93
45
24
19
22
33
-35
50
86
71
73
71
6
25
20
22
64
13
71
12
38
44
60
11
36
-6
76
69
22
35
33
-2
18
10
35
-10
36
53
28
38
24
24
5
50
40
56
49
32
67
3
32
59
5
35
83
33
8
9
26
66
8
-1
52
22
-6
-25
70
80
12
-10
-18
-7
2
7
37
11
51
49
11
81
65
26
2
45
18
0
17
-13
12
-5
18
4
36
80
48
57
28
16
23
50
69
39
56
41
16
32
34
20
53
70
20
80
55
26
37
22
27
11
10
7
54
11
44
11
53
36
12
64
4
61
19
32
24
36
16
48
17
41
41
25
75
40
42
59
81
0
26
6
56
41
38