0
33
37
45
116
6
66
5
39
-7
69
13
23
112
9
38
37
34
43
38
21
45
49
59
38
-11
42
6
41
2
33
8
34
11
6
61
51
43
48
-26
12
60
70
24
48
75
18
6
50
42
52
45
35
37
3
21
44
24
-6
66
17
55
32
50
66
-3
76
36
9
39
28
5
84
50
50
12
9
41
6
37
22
48
48
27
29
29
17
-11
38
41
68
1
-11
23
75
83
41
33
40
-1
17
0
44
39
21
22
20
11
49
68
44
59
8
55
10
40
40
36
60
29
41
-11
38
22
80
10
44
28
41
39
26
2
7
33
1
20
-4
38
28
49
37
53
33
60
61
25
44
58
39
4
11
28
13
28
40
66
45
43
72
68
101
80
56
67
9
-40
-65
-60
-22
-37
39
45
60
80
108
179
124
89
-17
-71
-83
-81
-40
-40
-40
11
28
65
34
56
67
40
58
64
-7
55
42
22
51
1
73
9
50
168
252
343
218
108
-98
-184
-254
-248
-177
-134
-17
9
43
97
36
100
38
61
90
90
66
57
73
53
17
49
42
51
48
40
72
2
11
44
28
-13
26
9
80
-1
108
38
32
76
23
45
39
34
38
40
-5
7
48
-10
32
53
9
34
25
-12
37
32
70
86
8
39
12
55
35
6
18
-12
-4
55
35
89
115
23
36
13
-57
40
16
9
-20
-4
33
48
1
42
82
19
24
28
73
12
2
20
51
4
19
11
25
59
39
11
10
-14
26
43
52
52
81
24
40
48
13
-9
42
53
6
50
49
38
27
48
21
60
106
193
147
149
26
-53
-123
-137
-87
-77
-25
4
11
16
10
58
21
-10
81
0
22
56
67
53
84
42
34
50
1
-8
44
60
70
97
92
51
27
38
25
32
43
29
48
36
-12
42
41
18
37
1
74
22
18
54
32
28
48
28
39
-1
32
45
16
113
141
-52
-22
10
53
5
7
74
1
-2
37
81
34
4
72
103
81
-40
119
49
69
49
3
-20
-34
-34
77
44
-61
8
1
113
2
97
45
18
32
10
57
21
4
35
10
32
27
17
17
93
70
-3
6
20
-9
6
27
19
22
45
-18
52
21
52
27
-51
60
67
101
0
23
38
43
26
-6
35
25
40
23
23
38
11
10
1
27
40
37
3
-5
66
49
33
59
56
39
4
18
24
28
18
-13
51
50
37
68
81
-14
53
41
36
43
39
6
33
26
34
-2
39
36
26
39
26
18
34
1
23
35
74
48
18
43
52
16
33
42
-2
-12
26
34
-1
24
60
35
85
57
54
22
69
25
32
55
-10
37
41
9
-26
41
28
58
49
77
11
-5
-17
-6
10
33
45
19
12
40
57
69
26
60
44
42
10
17
26
64
86
57
41
37
-23
74
49
55
51
22
52
34
48
36
33
36
32
23
35
22
32
13
-3
48
69
55
1
11
32
26
41
55
-1
28
7
48
-8
32
20
34
21
-7
65
24
57
9
1
25
25
27
18
20
54
52
16
85
39
21
-6
19
51
2
35
6
-3
57
65
50
49
29
52
19
17
35
26
58
44
67
48
58
44
25
-9
19
54
98
70
23
-7
48
-23
-10
-27
36
48
35
33
18
6
17
17
10
43
33
23
25
39
58
41
22
20
81
20
10
72
-11
40
59
-8
23
26
34
2
12
38
90
72
75
21
25
34
76
25
11
8
-7
-12
-4
29
26
23
44
17
6
9
0
37
64
40
34
23
67
-14
43
32
37
56
12
28
17
-17
42
26
12
59
57
51
68
42
69
19
19
55
5
41
34
58
36
34
-10
2
16
58
26
64
7
35
16
73
40
-10
45
44
34
6
45
87
3
45
13
-26
27
-4
-6
37
12
35
28
35
23
55
58
37
-10
52
32
11
12
17
20
38
-1
34
8
21
56
51
52
12
28
18
25
34
-6
53
58
50
75
38
-28
34
59
-20
8
-7
43
68
53
89
40
37
34
13
24
8
18
64
37
49
75
58
25
56
21
51
28
11
41
39
7
16
37
55
50
-1
25
40
44
37
40
-23
-5
24
43
38
17
8
49
70
57
36
-14
42
57
36
57
28
38
19
22
10
4
35
23
29
18
1
23
35
20
21
11
59
58
24
4
48
7
17
85
38
45
22
20
32
39
81
38
10
54
23
69
102
-8
28
24
44
22
-5
49
18
41
18
-36
36
43
70
65
65
54
22
35
18
13
-8
16
51
43
58
25
39
26
12
12
27
55
75
28
23
4
41
21
6
65
72
52
48
11
10
22
68
107
98
67
-10
-45
-29
-60
-2
5
52
38
65
42
100
45
21
7
55
91
55
107
120
131
194
322
265
128
34
-33
-27
-145
-152
-257
-257
-295
-220
-71
-30
-9
69
99
137
133
133