0
34
45
41
11
36
40
25
-45
81
-14
49
37
25
-36
32
87
55
77
28
147
20
97
-20
1
25
52
27
16
32
112
96
41
58
36
0
-5
32
25
16
5
53
-58
17
2
51
25
35
38
-53
43
38
32
22
3
35
36
8
43
49
60
3
50
88
64
27
53
17
50
64
39
67
2
-17
17
51
52
38
24
38
58
19
22
19
120
4
-1
28
-2
109
11
40
32
50
5
45
88
-18
23
139
6
44
37
25
-24
48
-14
36
-6
-10
5
16
7
66
-2
35
93
90
154
68
43
-29
-154
70
38
-37
52
49
28
38
9
-23
-1
23
61
89
60
66
-9
58
43
41
73
12
36
-34
-68
7
83
82
39
34
1
8
-5
35
16
37
44
87
37
65
25
20
10
56
-5
122
3
-20
38
16
69
44
17
9
20
77
71
69
32
102
57
34
33
68
20
1
49
33
4
16
67
72
10
22
54
12
-23
49
32
50
23
9
101
2
66
53
52
24
51
35
32
28
17
16
28
-14
22
-3
-1
38
1
34
53
29
-36
87
19
9
17
29
33
32
50
10
28
18
54
71
16
23
21
34
83
37
49
6
2
53
0
18
40
9
-10
20
21
24
-11
70
25
44
20
49
27
40
38
17
35
53
50
35
3
28
50
28
4
16
39
54
27
38
7
13
26
50
38
27
66
21
69
8
44
18
20
20
38
42
38
34
66
28
26
27
33
44
28
32
26
28
26
41
38
72
66
51
-4
-5
21
33
35
40
27
7
19
38
19
71
43
77
39
21
-1
16
8
18
26
9
49
-9
5
7
6
41
27
56
5
53
33
40
35
36
75
49
-1
18
24
26
23
-10
42
43
72
65
44
22
3
39
43
28
39
-1
23
42
-7
82
-5
18
5
58
53
2
82
33
54
17
33
38
72
13
25
38
18
49
51
43
43
74
16
23
22
3
58
52
54
17
12
-8
35
28
61
1
57
28
-8
24
-25
-55
27
45
6
22
44
68
45
11
36
12
29
26
45
118
41
53
53
52
9
72
56
18
23
44
18
55
39
39
70
39
10
16
53
29
50
87
69
26
41
-25
22
7
54
54
22
10
32
-8
33
17
65
51
38
10
18
5
53
23
17
26
90
13
33
16
40
39
65
27
32
37
48
9
44
21
-2
8
22
32
16
11
67
48
45
36
22
17
6
41
68
-7
71
9
-2
34
5
37
0
60
38
28
27
17
60
43
-36
42
28
-6
40
83
51
70
21
45
32
10
41
38
9
27
65
-5
7
44
35
16
18
21
28
3
1
28
27
60
-27
50
39
18
44
41
16
17
35
41
37
42
52
49
9
36
20
12
17
23
19
10
67
1
64
34
53
59
56
39
20
23
29
11
42
49
84
36
23
49
7
26
50
29
65
1
5
39
9
38
19
26
24
50
13
50
9
34
38
12
5
18
29
28
44
32
41
59
36
54
-17
68
27
26
40
27
-9
11
20
54
41
56
28
59
56
10
44
19
11
34
5
36
23
36
27
49
34
65
73
44
13
-13
53
20
-8
60
10
76
48
39
12
12
7
17
38
-9
8
37
58
83
70
26
1
-10
17
34
55
39
25
67
49
37
26
34
21
34
28
24
42
53
28
22
43
38
38
53
39
21
18
39
42
43
4
32
51
54
55
73
-5
35
55
52
10
49
27
17
29
43
-5
75
54
-1
36
32
8
22
51
42
35
35
-4
3
64
87
56
13
53
17
33
4
-6
28
88
58
42
40
61
54
57
33
51
50
37
19
28
8
40
3
56
59
41
3
17
28
21
-2
38
35
17
43
16
16
-18
36
22
41
18
-4
-8
24
91
29
32
50
33
53
44
44
-40
99
43
16
24
-13
29
51
52
9
32
44
38
-1
41
33
27
59
21
51
5
42
57
11
34
-9
40
16
39
34
-2
52
40
17
44
64
44
-1
34
22
40
40
-20
64
3
55
17
32
18
51
54
23
-5
33
28
24
50
25
41
12
32
70
26
41
-11
66
66
4
33
45
52
33
32
39
12
27
49
69
29
55
-1
34
4
22
1
56
51
42
27
19
13
34
8
5
56
45
36
24
45
74
21
-1
19
-21
22
5
29
34
43
9
41
-10
69
40
11
42
73
28
24
71
3
35
39
-7
17
58
26
52
28
52
33
23
8
70
36
37
76
53
39
37
3
24
54
21
3
37
45
2
89
35
21
38
17
12
18
34
22
26
49
-5
107
101
18
19
-4
0
35
22
38
81
10
44
43
34
68
27
55
10
44
16
42
26
48
87
16
20
-4
16
22
28
38
43
41
7
52
24
24
10
-6
4
16
43
53
-23
-21
24
85
54
21
36