0
-24
11
59
39
69
74
100
35
21
-23
76
56
73
67
59
17
-30
-9
23
2
11
-11
20
23
56
103
39
32
-6
35
-7
44
32
12
43
39
7
70
19
60
70
99
41
34
27
50
12
1
25
45
35
20
57
65
0
27
26
3
100
-6
54
60
42
39
37
16
-18
12
2
48
16
36
50
22
5
90
48
-11
-21
37
89
52
11
69
3
104
-11
32
64
69
72
49
50
58
28
41
20
48
1
34
3
11
42
20
77
40
83
99
114
28
-61
-10
21
21
10
32
20
5
49
41
7
43
76
44
17
-40
-9
21
35
28
75
69
27
6
4
35
106
96
38
70
68
26
1
42
-10
-9
-7
-9
4
-45
-8
33
19
51
-6
68
40
43
33
29
54
5
53
26
59
33
23
35
38
19
67
-28
50
-30
22
24
0
5
90
35
43
0
113
87
54
-27
118
58
76
107
128
-14
7
-93
-6
-33
-25
-11
18
19
75
34
-43
-9
43
50
91
27
104
104
102
-11
50
-33
-52
-8
-19
-3
-27
27
36
101
38
-52
-21
67
22
9
120
6
37
42
16
5
205
136
54
-39
-85
-28
-27
54
-19
40
87
9
4
42
113
0
71
-9
88
-26
-130
34
20
51
-4
68
76
54
22
28
3
59
18
34
61
108
20
-24
2
58
37
-3
23
33
32
3
40
19
23
17
38
67
55
25
43
27
76
34
10
66
18
43
-19
51
21
54
5
27
6
35
37
42
16
21
36
27
81
-29
16
34
75
27
48
49
43
20
10
-13
-28
2
26
22
-3
48
54
53
1
85
105
20
40
26
114
33
-7
7
12
41
33
40
33
76
24
-21
-33
34
32
28
60
27
23
68
12
20
29
76
70
68
22
68
48
33
19
37
17
20
-10
17
39
11
65
26
27
36
24
71
-23
52
108
23
45
37
-11
-17
84
-3
51
-1
81
9
-9
55
71
66
25
20
68
6
37
37
50
8
16
32
69
49
65
33
-1
1
22
73
59
64
26
35
68
-10
11
54
21
52
21
48
18
18
25
-18
58
108
32
58
40
7
-2
35
10
70
-2
35
34
19
19
-17
5
36
36
6
29
55
55
38
24
49
53
32
42
28
55
42
53
25
32
40
8
18
-9
33
-8
-5
32
60
65
56
55
35
43
16
36
16
40
43
12
5
54
88
77
66
68
17
73
13
37
54
13
8
21
34
51
0
10
59
33
10
60
66
113
7
10
23
32
4
21
42
22
38
20
33
37
27
59
7
48
34
52
33
65
37
10
17
8
-5
35
68
69
41
44
-14
-56
26
22
43
-19
45
22
38
38
86
8
17
29
42
54
-3
-24
28
19
-7
85
53
32
8
35
16
38
25
34
7
45
12
6
85
18
-1
20
72
7
-3
42
75
64
72
23
21
50
37
42
53
38
-6
56
56
73
101
50
59
43
28
-13
73
60
4
65
-4
3
24
-19
67
51
-3
28
23
25
42
44
-3
58
58
-5
91
65
-7
16
55
19
35
33
50
6
-28
50
20
19
13
41
37
35
68
-5
37
17
42
16
49
39
41
27
17
37
38
7
23
98
52
-2
3
80
11
44
83
55
28
52
5
49
17
39
7
20
55
12
1
66
21
29
9
6
23
68
1
19
32
27
40
41
25
5
40
50
45
68
37
12
73
16
32
37
45
10
-39
0
49
-1
6
18
39
18
4
6
36
45
34
28
23
10
25
38
42
48
18
45
2
32
26
26
43
34
41
42
38
16
24
10
39
58
69
52
39
19
5
65
19
20
12
10
26
5
35
68
26
57
48
42
0
-18
92
38
-10
19
60
54
9
27
66
13
28
18
10
42
70
33
52
57
22
52
38
89
11
56
45
-24
-18
98
11
32
23
59
45
72
32
58
36
41
43
28
68
82
24
91
59
49
81
-1
17
18
11
33
54
19
44
7
-9
22
22
-9
51
-27
24
2
0
-20
58
53
29
9
-4
3
44
70
27
76
49
69
86
50
6
4
8
37
51
38
13
-20
65
0
20
42
23
39
52
66
59
65
36
36
24
17
61
68
11
-67
-25
-44
22
27
23
40
2
-4
23
18
32
34
38
41
25
108
90
43
-14
49
-13
58
59
19
41
28
36
2
35
43
54
33
-20
101
23
50
43
13
-17
-8
12
7
20
61
22
36
27
55
52
39
64
39
48
-22
41
45
70
-2
84
36
35
41
25
53
87
58
10
-7
11
25
49
61
5
43
23
36
19
5
54
20
49
29
71
26
35
17
37
5
23
70
19
8
53
23
13
42
44
22
9
64
-10
25
42
40
-11
-24
3
69
43
53
26
55
-8
-9
55
39
45
50
54
24
26
52
54
85
6
-14
34
21
75
26
27
11
-18
-9