0
-4
52
40
8
59
36
35
90
41
58
53
253
250
60
-51
-66
-84
-13
-44
-28
22
22
-78
88
42
-46
60
26
53
19
35
24
29
28
59
9
24
117
17
0
60
65
50
58
60
8
54
86
54
-21
22
-3
43
-51
44
20
-1
-4
57
19
24
89
49
-6
1
29
75
12
53
-8
36
38
76
-6
23
23
41
49
36
28
33
36
50
55
71
27
-18
51
38
88
23
50
26
0
-12
88
0
10
16
28
71
7
56
19
32
60
72
58
39
9
36
21
74
56
66
13
-4
48
36
39
28
-41
36
-37
35
34
57
44
48
88
60
100
17
50
4
20
-22
9
24
66
67
33
9
59
64
20
18
48
89
27
11
34
22
2
88
81
65
-14
11
4
50
37
40
-6
84
54
5
9
-2
18
-6
93
48
-11
32
53
-33
75
52
37
32
-17
91
-10
-58
44
45
67
37
49
72
49
60
21
74
37
43
54
119
10
21
43
140
231
196
20
-85
-25
-41
-93
-5
-35
-23
48
23
13
60
102
85
18
43
65
49
33
-2
71
49
87
91
3
-36
2
33
40
-34
23
38
-23
25
39
26
42
18
55
10
58
10
42
57
12
29
44
44
20
-12
37
69
6
-7
35
-14
61
22
54
41
17
49
38
21
-12
28
54
101
33
6
-10
-4
27
55
88
4
-13
74
9
17
60
44
85
89
28
56
28
20
24
33
60
38
108
60
43
72
-19
-11
21
24
25
18
-10
-4
51
1
25
21
68
-42
12
73
17
51
3
42
-9
12
70
8
72
66
-1
55
-22
18
37
-6
40
70
-36
44
48
16
-3
39
52
39
45
11
65
45
0
72
22
21
22
34
-8
51
21
22
37
5
51
16
27
17
11
-6
36
72
64
16
-7
22
11
41
5
83
21
34
10
100
39
36
38
22
22
-13
44
-20
17
6
72
6
32
50
71
49
44
34
6
-3
56
33
-2
64
34
52
39
-4
33
16
25
41
-1
72
70
17
6
49
64
27
8
34
35
42
36
4
38
84
5
42
25
44
67
19
17
6
68
44
99
25
17
39
57
20
69
11
33
25
16
49
60
51
34
91
-7
75
17
65
36
-6
3
11
20
5
16
53
41
88
8
-9
55
28
29
56
0
32
68
27
-2
23
71
1
13
49
27
104
32
20
44
37
54
33
44
41
-19
103
60
48
24
20
25
36
20
-13
21
72
55
25
32
-29
13
53
27
25
23
23
77
42
-8
38
34
-4
-3
25
9
100
29
19
-2
76
4
-2
33
48
22
-28
4
12
-1
6
52
44
92
85
109
69
50
29
-61
-53
-59
-73
-41
-9
140
133
165
167
43
-59
-42
-101
-62
-13
11
38
70
90
60
35
40
26
25
81
72
16
-13
-11
-9
23
-27
33
45
22
34
8
21
22
57
48
58
52
57
-5
33
35
51
53
48
105
54
-10
64
40
37
-35
65
99
53
25
-4
24
-56
25
-58
-8
38
27
-18
58
7
97
67
23
66
-7
16
88
70
75
76
12
50
82
7
76
27
32
33
26
52
-33
52
22
-6
-20
-18
71
25
26
-18
32
55
2
76
102
19
6
32
35
69
74
-4
-12
64
-11
10
65
24
36
10
33
55
35
45
83
7
51
25
55
16
-12
27
-10
40
-21
28
39
-2
77
66
48
56
51
40
28
56
44
26
53
72
73
18
-25
42
7
-26
32
49
17
22
17
29
23
37
48
33
43
34
-33
2
26
17
56
-22
48
33
-9
23
58
61
2
17
50
17
42
27
6
90
52
41
5
35
-18
42
42
97
50
-19
41
25
44
80
42
151
244
235
162
68
-83
-90
-151
-109
-29
-55
57
-11
64
6
24
33
72
65
27
-25
37
23
67
136
53
-11
33
-11
4
39
36
54
36
65
74
42
28
64
54
22
50
-4
29
54
40
26
32
42
24
16
33
86
65
85
53
28
-8
51
21
56
43
49
32
99
0
-25
0
24
22
43
8
24
36
-5
-4
7
64
-10
12
6
81
18
86
64
24
44
9
69
42
13
21
48
12
38
32
42
42
88
45
33
9
41
39
39
12
22
34
28
40
19
180
280
266
380
293
224
2
-19
-151
-317
-342
-338
-361
-202
-186
-71
59
38
42
161
138
152
86
101
83
113
119
89
57
66
1
72
38
37
-5
69
38
11
2
33
-40
36
68
27
72
84
-4
71
41
12
71
58
54
58
36
19
40
48
9
74
32
37
28
-2
12
-3
54
38
68
58
5
52
65
18
32
55
40
27
35
34
59
49
4
-30
51
49
22
-1
42
43
-10
56
71
64
0
-12
21
32
55
60
44
53
38
71
55
7
16
33
66
32
9
52
26
39
100
6
43
54
50
85
73
202
249
253
152
131
-118
-138
-135
-44
-61
-33
42
22
37