0
230
165
80
1
-53
-38
-40
41
-2
-26
-20
17
38
-10
68
16
13
70
20
5
41
56
13
7
2
74
38
65
7
-10
34
-26
54
21
77
11
-5
23
101
54
-13
-20
85
84
43
27
59
37
22
12
-29
38
26
84
68
70
19
68
60
9
7
5
115
45
6
25
24
18
41
-17
77
-1
52
39
86
23
-23
6
45
22
33
101
-7
39
0
65
8
54
12
58
43
1
16
-3
90
75
10
35
48
53
59
33
70
17
37
-24
-24
50
40
81
100
11
16
19
28
44
-6
75
42
49
29
39
35
-50
84
-11
41
-6
49
23
17
16
71
59
24
117
84
12
74
89
22
-4
-8
16
48
-44
-29
89
-4
28
69
87
18
50
33
52
17
6
57
98
135
22
36
64
4
-11
56
5
22
-27
50
82
25
20
-38
74
112
-19
-8
17
85
7
6
59
-27
82
70
80
88
41
55
2
11
33
25
70
10
81
59
58
36
32
-22
-13
-25
-8
53
9
85
19
59
55
59
-2
6
40
38
37
73
-2
50
27
83
32
-98
65
37
56
11
45
36
-13
36
68
-37
108
7
33
25
38
5
86
44
32
42
68
5
124
-20
57
-3
-25
24
102
76
81
-7
40
25
22
-17
61
17
55
22
42
49
67
2
-7
-13
56
67
-9
87
-25
106
72
38
0
5
88
55
-2
48
23
65
69
72
8
27
28
73
2
-7
40
34
101
23
38
20
-2
8
11
67
16
0
17
42
59
52
53
74
4
32
49
22
92
-11
75
57
-24
-3
55
9
26
52
-18
68
21
8
73
56
73
61
-6
-26
40
81
-25
-57
73
1
28
-12
91
91
56
-29
10
60
37
10
-26
11
80
27
7
-2
41
87
-3
41
66
22
26
69
68
-2
61
92
67
-26
35
-43
98
22
49
29
12
-51
123
141
28
130
-22
-68
49
17
65
13
-5
33
118
-30
70
1
21
105
-30
27
-11
22
22
5
104
55
-9
1
89
-17
-28
-35
124
90
-1
-4
22
76
28
-1
16
101
-28
18
65
49
76
-1
33
49
51
19
-59
-44
58
119
1
34
70
48
26
98
-6
74
59
-5
70
-27
36
-20
36
33
75
16
-10
26
19
-22
108
10
59
36
3
50
12
7
67
24
-38
0
61
41
33
21
39
105
70
-26
39
106
57
41
38
35
103
66
74
28
28
37
65
-61
36
1
23
42
18
103
42
-10
151
9
49
129
2
73
-44
4
3
92
51
24
56
23
26
32
113
-12
4
-38
32
130
-11
60
7
26
57
164
6
40
4
26
-3
51
50
40
20
41
74
39
24
83
8
18
-53
134
8
37
84
-22
8
9
-23
77
33
7
85
-2
20
20
37
41
45
70
16
8
57
137
-40
59
-19
42
-39
23
18
61
85
-45
5
65
51
25
70
5
77
52
72
52
-39
20
105
43
33
28
9
13
144
27
10
109
129
162
192
-20
-67
-89
-29
-37
9
-11
60
36
-33
161
90
-46
-66
-28
26
-5
120
-11
-8
51
41
-18
3
74
10
44
-14
103
32
-2
32
81
-19
21
35
55
0
-11
-60
56
25
55
50
118
26
-21
35
-18
49
-9
24
72
140
-13
90
-9
140
35
-76
-3
20
5
23
16
53
17
1
82
92
-12
59
25
49
4
41
13
51
52
20
50
76
49
12
7
87
108
-13
39
82
-5
-13
20
164
18
-66
-2
6
45
5
11
82
48
-46
6
109
24
-21
83
-27
74
23
66
36
25
41
52
74
37
33
-9
43
72
21
73
-2
38
20
55
73
9
115
22
12
0
2
58
-9
44
49
84
53
18
82
12
43
116
-13
87
-8
106
88
34
9
48
-1
-27
17
17
-88
52
71
44
49
20
38
35
-7
-3
101
13
27
27
-4
59
4
55
33
11
103
-24
-1
83
-28
104
7
18
33
136
-8
37
57
-53
64
-8
-57
88
29
-38
61
22
60
53
27
70
43
43
56
36
-9
22
73
-22
-8
-36
29
87
-11
52
18
23
49
-46
11
189
58
48
178
72
51
-13
20
-11
-21
-24
97
69
98
153
141
132
92
-86
-107
-178
-152
-67
-8
-103
49
8
85
-3
24
9
88
145
42
36
22
-8
24
8
11
34
-3
23
2
117
113
3
58
-72
-23
9
39
52
51
80
49
11
22
13
25
56
54
17
37
81
12
6
-9
73
4
36
-1
18
-42
2
8
3
48
58
72
150
60
80
53
75
84
25
33
28
41
58
49
-30
36
-26
7
41
43
3
37
-9
-10
52
61
-12
87
-4
25
75
36
50
-94
33
7
8
98
-19
27
10
35
9
10
91
48
42
-9
-21
19
57
51
4
20
68
-51
49
-41
75
112
56
81
17
41
10
38
43
34
-25
3
75
86
58
71
56
-18
101
3
-12
34
82
25
32
81
68
5
48
60
-11
54
17
84
-55