0
13
59
3
51
9
10
22
-1
38
54
23
10
70
41
0
20
18
12
18
11
21
39
37
19
33
72
28
43
56
18
33
51
7
25
41
19
44
37
48
37
69
8
42
51
113
106
128
104
23
-45
-90
-61
-35
-42
-19
28
4
27
66
34
32
37
34
50
59
60
20
35
0
21
32
48
80
23
17
51
12
-9
-21
-13
53
84
26
26
53
35
25
12
39
8
43
23
40
60
12
26
54
26
25
2
28
17
51
-5
53
36
9
-10
24
66
67
10
33
39
10
6
28
0
54
32
48
35
54
42
-1
13
6
38
64
41
6
23
17
-20
36
5
24
-17
32
9
60
67
42
28
20
68
29
28
41
17
19
34
41
53
35
13
58
51
24
84
28
49
43
23
52
11
19
-3
7
27
-4
25
37
38
43
10
72
59
86
19
45
12
45
33
-7
77
7
20
59
-13
-9
20
37
37
54
11
10
24
67
24
9
67
59
3
38
19
34
41
43
36
51
27
52
80
17
33
24
29
48
29
28
53
29
-9
27
4
8
55
7
70
26
-21
36
60
28
22
48
21
41
33
51
18
57
25
57
24
50
27
39
21
24
26
35
49
70
21
45
20
2
66
44
137
66
-6
3
-9
21
35
37
25
68
-3
67
34
44
38
12
22
21
113
36
16
33
17
24
36
18
25
9
27
7
59
74
67
-2
25
41
76
53
58
86
52
26
11
52
69
29
59
70
20
-5
-10
49
26
51
12
55
8
8
66
12
42
26
41
32
32
40
19
24
21
3
25
2
-2
-21
36
98
84
87
34
36
27
11
18
21
50
66
1
48
33
22
57
21
58
38
37
50
-30
27
49
38
64
18
36
12
8
37
35
37
53
22
33
85
58
34
4
24
-8
-4
35
9
10
28
28
54
43
70
49
23
36
4
52
29
32
48
25
18
28
36
-8
17
26
16
35
10
45
36
7
48
89
38
38
17
43
28
0
28
6
38
22
50
19
9
57
55
41
48
28
12
59
50
49
6
50
52
11
7
25
-74
36
35
34
24
43
32
11
60
57
5
37
64
8
23
32
40
41
64
34
48
24
52
36
21
28
7
59
139
167
147
165
85
-50
-67
-164
-114
-71
-36
8
-1
39
7
16
51
65
44
-21
68
-2
92
29
44
36
26
4
26
5
45
32
45
36
54
52
16
39
32
68
10
65
39
58
51
32
53
22
55
34
8
4
12
11
51
36
25
29
25
9
21
18
64
54
24
5
16
19
21
59
42
36
27
59
26
54
28
26
40
44
101
-11
43
16
18
55
49
-11
53
65
27
32
-33
44
27
56
23
51
29
44
43
18
25
37
72
19
27
17
33
40
80
60
75
5
16
58
26
-3
48
25
29
49
44
42
-51
38
29
49
13
8
43
43
25
36
0
-2
8
26
21
-6
20
29
43
7
21
8
49
69
11
40
59
21
-4
8
23
6
39
4
-4
41
37
59
85
5
1
18
18
19
6
12
43
76
-7
36
36
38
38
65
51
36
-12
11
-5
52
-7
42
2
38
41
16
48
40
5
32
34
72
10
23
22
8
13
22
21
28
21
16
20
19
23
22
17
38
42
28
11
55
32
26
23
68
43
22
-4
38
18
7
24
56
20
11
40
6
4
-4
70
53
44
-22
73
34
18
29
49
20
50
73
37
25
49
-3
2
-18
115
33
7
21
22
13
67
28
37
20
33
8
-21
-9
18
73
122
44
55
12
-38
-1
-42
4
-18
50
52
57
1
26
12
22
6
34
24
-41
40
109
54
28
26
-6
32
80
88
-39
23
18
22
11
25
56
49
9
57
45
16
10
60
39
19
23
-3
-5
56
0
21
57
21
-1
33
25
55
0
50
16
40
-6
35
19
85
64
77
-9
48
70
27
68
53
38
29
18
27
76
44
-1
8
1
28
-6
64
21
42
56
50
102
43
4
40
17
52
16
-25
26
49
34
27
9
35
40
89
35
86
3
45
49
8
26
43
67
39
59
49
53
6
51
11
27
28
100
6
12
2
37
89
37
43
34
-5
-1
0
17
7
40
28
38
43
58
-17
13
-27
66
97
66
11
32
59
34
52
-4
58
13
54
37
18
56
80
2
40
75
42
33
41
22
25
34
40
43
74
19
34
35
84
87
85
69
87
69
39
-1
-7
-23
-40
22
-54
-49
-2
16
-12
58
22
13
32
-21
9
5
54
4
71
18
36
48
43
49
28
39
44
40
-3
50
27
60
-20
77
28
27
60
33
32
26
36
23
41
74
40
58
43
59
26
20
38
-3
24
33
32
49
21
6
73
45
24
9
-3
67
39
21
3
-21
-11
26
75
38
45
26
42
18
16
34
74
54
39