0
34
-17
34
18
-3
27
9
55
20
35
-3
8
-7
0
33
108
58
43
54
48
55
64
10
52
69
-1
5
11
-2
70
3
33
6
35
35
20
16
90
-24
42
20
65
23
-10
26
-9
1
-4
9
38
49
-11
0
59
35
56
33
55
-20
6
53
21
48
8
27
40
35
48
77
37
53
17
77
69
60
8
21
4
51
52
1
45
53
81
28
-10
-14
23
28
37
6
91
97
11
69
43
65
68
0
-76
-17
-21
0
9
37
11
83
10
121
-27
17
73
33
18
-1
10
-17
8
57
6
40
17
0
38
71
38
65
43
71
85
41
19
70
-6
35
74
11
26
17
1
33
23
152
100
2
-3
-41
-5
21
17
5
18
52
35
17
61
16
6
34
20
89
-5
16
90
81
49
50
17
32
27
112
40
69
45
27
48
58
32
59
66
24
41
23
52
9
18
23
106
-39
48
-23
55
45
37
27
7
25
34
53
104
70
162
214
292
274
219
37
-228
-215
-241
-204
-141
-84
-41
-41
91
3
0
187
131
164
137
88
-26
-50
-29
-54
25
-30
-74
-76
6
-28
-114
-21
-8
6
113
54
149
134
-12
3
-42
11
19
116
120
69
180
253
129
-26
-97
-114
-84
35
-22
-10
41
1
44
70
57
137
108
80
-54
43
83
11
43
44
-43
-50
24
54
-61
70
240
90
-1
64
32
36
-21
-53
2
132
59
-76
5
-59
83
-22
1
-23
20
-13
-36
0
32
42
114
-29
1
108
209
-87
-56
85
56
156
22
39
-19
8
-11
99
39
16
76
65
67
76
-67
10
68
60
82
22
83
48
35
64
20
61
-14
-3
-24
52
27
42
24
11
21
18
69
23
71
5
5
34
7
82
2
20
34
92
16
1
38
49
22
103
37
-5
52
22
43
-21
36
12
-4
21
103
24
10
10
-2
39
32
34
16
-8
55
11
37
-21
68
61
61
12
-39
48
41
44
-41
91
33
17
-26
103
32
61
-41
90
41
26
-93
36
106
10
3
141
13
59
34
4
33
23
70
52
38
48
104
29
1
73
4
9
44
61
-43
35
57
-55
-7
72
108
25
73
37
53
12
136
10
100
-6
8
76
6
48
49
97
35
35
20
69
35
-1
4
48
6
73
60
-52
91
33
-33
-10
-34
5
53
71
49
21
39
35
-25
90
131
68
24
-20
72
70
72
55
53
32
58
59
51
24
44
-17
40
89
35
7
66
40
-25
11
25
-11
-8
6
9
34
8
17
64
40
103
86
73
33
86
81
114
17
2
-49
-72
-52
-92
1
40
-21
87
42
27
23
-4
41
40
71
105
104
170
237
258
48
2
-155
-199
-129
-94
-36
-5
57
96
105
26
49
104
67
80
-24
28
8
34
5
58
54
53
20
-21
83
51
48
41
49
-37
27
50
16
54
17
-7
-12
-27
104
20
-5
44
16
33
53
104
73
41
37
-7
76
-37
-44
-58
4
6
56
3
19
41
34
29
60
55
26
5
27
25
49
4
41
37
-12
1
26
101
60
48
2
56
23
54
53
113
38
-33
48
10
28
92
39
74
-6
-14
81
91
12
-3
85
2
9
27
34
1
8
26
24
88
-5
52
22
20
35
-10
37
50
43
49
8
35
8
39
27
19
57
40
44
20
-6
41
87
8
36
35
16
23
-4
120
38
9
105
48
17
52
22
28
23
25
12
18
28
72
0
-5
50
58
-25
21
-8
24
0
56
38
81
-51
44
35
18
4
-14
192
123
83
43
4
8
22
10
21
18
40
70
57
16
16
-36
1
44
35
-28
87
0
87
20
82
73
-28
153
112
18
20
-17
-74
-7
54
16
32
38
27
44
27
35
-17
29
2
101
107
85
32
-1
70
26
60
41
77
-22
93
44
5
-27
20
58
27
41
8
54
100
-5
7
91
22
75
28
-18
65
2
6
65
19
50
19
13
10
32
-26
38
33
9
-26
73
-2
12
24
48
7
33
52
80
-6
27
-8
40
24
93
-35
45
-89
20
51
74
52
2
75
43
52
55
37
35
-26
-2
29
3
3
49
71
38
23
24
33
-9
60
23
53
23
25
16
-28
-3
100
7
20
39
117
27
37
12
36
-23
40
-36
39
37
35
28
37
25
53
42
25
41
55
53
57
-3
-4
51
26
12
-20
12
50
24
48
56
10
10
-22
-38
33
103
12
25
4
41
18
74
-23
32
-17
123
-35
-12
-33
100
55
48
5
18
19
3
60
25
25
52
71
32
0
6
-21
24
-17
66
5
9
76
57
51
70
8
24
72
-17
41
34
43
53
50
70
12
18
11
51
-6
-37
64
21
-4
48
44
48
36
48
54
84
9
-13
-27
64
36
3
76
-18
8
49
40
69
27
35
16
33
57
11
-18
25
27
2
104
36
66
40
2
25
-49
55
-9
49
-12
18
11
64
48
5
107