0
37
19
-68
-5
-76
-8
-37
24
9
40
36
18
59
54
36
50
50
41
26
68
36
12
33
16
72
128
55
33
7
9
-12
2
1
-21
11
1
38
35
0
-25
154
197
83
22
-86
-13
-9
17
-3
16
13
50
-1
33
50
57
-3
49
91
52
16
-9
27
54
76
77
51
-3
-4
101
68
-14
38
2
43
65
26
29
41
86
43
1
0
49
-4
48
50
2
37
28
21
5
-7
27
23
44
37
53
-2
27
40
51
49
0
27
50
58
-27
-22
16
-1
12
10
-37
38
39
54
59
87
26
71
26
89
23
80
56
-11
69
56
23
-2
29
-11
60
66
86
18
22
68
82
7
59
50
56
38
129
50
8
55
20
25
0
58
-22
56
48
44
61
-2
-19
-19
55
50
42
69
57
19
18
50
42
53
22
18
39
-24
19
-2
-27
54
17
33
61
42
2
38
34
44
89
56
97
25
-3
67
24
37
22
-28
18
1
12
97
5
53
16
-37
-12
29
8
40
35
24
25
67
21
54
19
35
24
-21
72
68
-3
48
64
38
40
102
44
68
91
19
1
6
26
35
9
19
43
55
40
-1
26
3
22
53
54
51
26
33
59
16
17
69
45
24
-23
102
18
13
40
-11
48
86
34
27
17
19
-29
-9
41
36
34
24
65
-28
-5
25
53
23
26
40
57
67
58
10
43
70
52
35
25
39
26
68
27
76
61
-26
8
57
43
44
35
136
113
138
201
233
166
167
81
60
43
-5
52
69
-11
-43
-102
-211
-216
-277
-297
-276
-121
-26
4
20
116
67
112
146
132
119
118
124
89
73
112
99
48
73
32
2
34
53
70
89
52
12
44
26
27
36
9
5
-20
40
69
54
49
-5
-9
13
24
11
11
25
73
41
44
85
50
2
84
9
32
60
23
58
-30
55
43
17
64
7
39
103
113
-1
-21
6
-42
12
18
26
58
57
24
-11
53
23
27
32
44
35
35
42
7
-7
7
25
41
-2
34
55
25
59
35
40
53
74
59
55
64
42
32
13
61
0
-24
51
87
51
52
151
154
232
237
170
-74
-260
-311
-262
-249
-86
-88
-89
-13
82
73
26
52
39
28
135
73
86
43
70
101
118
52
64
56
140
106
80
12
6
-6
-5
-1
59
60
-5
12
61
12
33
8
21
33
49
21
91
203
264
178
183
11
-107
-193
-252
-194
-78
-40
-43
13
44
54
5
24
20
73
48
65
39
43
26
64
3
12
35
36
35
112
93
66
12
24
40
57
93
67
0
-7
69
6
9
81
75
82
59
28
4
44
43
53
-24
-5
-10
36
41
23
21
36
68
32
36
-8
53
59
50
66
32
23
32
52
81
35
58
-38
107
87
45
24
2
21
36
137
59
64
10
22
-24
-4
11
57
71
41
8
24
23
22
39
130
218
194
74
123
-36
-151
-125
-114
-53
-92
-42
32
-13
-12
-36
60
74
165
247
377
339
187
-17
-189
-168
-218
-150
-82
-56
-17
38
24
70
65
117
130
102
81
117
67
92
17
117
166
55
44
6
-53
-11
-42
-27
-37
50
43
9
25
-9
42
49
-22
37
59
54
66
29
-4
10
19
37
7
45
11
72
-11
-5
68
96
86
58
57
27
129
155
260
204
121
-117
-233
-278
-235
-77
-12
18
5
19
20
33
45
133
83
75
10
-10
26
-21
-10
12
0
24
50
37
72
81
43
32
24
48
120
118
-17
4
-11
-7
-37
1
23
50
40
58
82
38
55
6
0
21
21
64
51
44
34
20
75
80
61
57
73
24
20
24
-11
66
88
49
59
23
42
-19
17
60
43
72
40
60
52
24
7
-2
0
7
41
55
54
21
25
16
65
53
44
37
44
29
17
50
38
32
4
52
-17
45
16
38
34
55
6
85
40
342
372
198
156
37
-101
-56
-198
-200
-171
-126
-51
-11
-12
34
51
60
26
3
35
84
87
28
38
49
57
9
156
225
167
55
21
-14
-8
-17
-19
-41
-25
-1
-33
17
50
24
61
37
37
102
52
70
76
80
48
64
33
59
49
61
-12
28
50
55
38
53
69
68
21
19
-1814
-2048
-1518
-861
804
2047
2047
1713
1019
282
-653
-1254
-1341
-1140
-130
161
1064
1345
1297
988
835
555
136
-317
-741
-908
-994
-950
-812
-500
-1011
-1623
-1637
-1122
-761
-515
-330
-108
484
1037
1392
1436
1350
1010
717
352
-2048
-1729
-1139
-774
-522
-348
-227
-145
-87
-39
-29
-6
26
124
28
-24
-1
201
876
1432
1811
2041
2022
1602
1431
1101
804
480
330
304
213
-38
-437
-741
-668
-465
-401
-308
-125
-94
-199
-206
-237
-379
-600
-745
-616
-498
-488
-404
-674
-300
-37
-66
-626
-514
233
538
493
525
450
402
274
324
300
328
354
372
262
188
209
208
268
513
377
256
240
130
-43
-183
-194
-212
-179
-39
1
81
91
-233
-613
-593
-998
-1397
-1393
-933
-268
325
595
409
672
903
936
956
1050
1091