0
44
12
3
16
2
29
40
-7
37
96
24
23
67
64
43
3
33
28
53
25
26
35
55
50
36
10
3
53
32
24
18
-3
25
-5
18
44
36
41
-6
53
84
65
25
72
37
-22
28
1
35
48
0
40
27
40
54
-4
20
-67
-11
24
59
-12
24
51
70
55
58
56
42
64
48
23
40
-2
19
52
20
4
33
28
80
27
1
45
67
70
66
59
59
44
56
26
-13
-7
-44
-26
-17
35
7
50
40
54
40
28
54
77
35
12
44
35
9
64
83
53
-22
2
24
37
29
51
67
49
18
41
33
66
21
18
23
56
50
4
-13
27
32
12
69
11
8
12
6
43
50
10
75
20
73
25
43
41
58
54
16
26
-10
100
35
34
0
4
51
27
36
34
-7
9
27
56
51
34
54
-6
27
22
24
-25
17
33
68
27
59
100
68
121
186
233
129
128
42
-33
-137
-150
-158
-136
-85
-11
-9
52
137
90
112
71
56
11
-2
-5
11
-3
38
34
18
82
67
13
35
59
27
67
24
43
40
64
57
16
39
26
5
-2
9
39
18
11
35
65
-2
24
58
36
55
8
-12
39
19
59
58
27
102
26
7
-2
20
-2
32
73
37
26
-6
53
-2
17
2
11
53
82
51
48
12
49
60
64
36
28
4
27
44
44
36
9
53
37
-1
8
7
23
40
40
39
59
-8
-18
33
28
65
52
37
40
43
26
1
24
10
23
23
-2
55
37
34
36
52
19
37
10
21
16
28
36
8
5
40
20
36
41
35
52
37
20
25
50
44
43
20
12
77
26
25
24
21
65
77
50
60
57
19
54
-45
16
43
96
29
-40
-5
-17
6
19
19
54
5
10
27
43
54
34
45
69
76
27
65
50
48
35
19
0
13
22
60
8
32
44
75
25
20
8
40
39
43
5
-1
22
27
26
18
16
21
9
34
20
-22
-22
64
0
39
52
7
25
52
6
69
7
37
19
11
60
1
42
20
35
29
-17
49
33
-2
26
41
26
24
25
1
80
37
65
21
1
32
56
35
41
104
56
44
38
66
35
-25
49
11
44
39
27
27
20
22
17
39
66
16
4
48
64
12
33
41
56
86
41
50
75
24
-27
23
22
70
57
19
9
48
19
2
21
45
26
71
65
0
53
58
35
22
2
20
70
0
38
19
49
32
12
36
48
48
101
-5
4
24
43
10
43
33
19
39
1
25
26
59
24
12
38
42
34
58
-29
65
1
10
20
38
40
66
39
6
18
32
25
22
43
19
7
37
33
45
57
33
74
26
25
45
56
-1
44
28
26
29
44
81
19
73
11
-30
38
-36
33
59
40
102
57
44
65
24
28
43
12
21
42
50
69
21
32
34
7
32
-7
-19
-9
38
40
40
43
56
39
37
41
4
-2
37
43
40
10
12
90
70
61
105
44
56
40
66
80
11
42
32
21
18
0
37
66
1
13
-22
57
16
36
59
48
41
9
-21
41
49
28
36
56
59
6
-17
41
18
61
9
25
29
42
44
23
38
32
51
2
85
36
52
56
12
12
55
41
27
34
35
12
20
8
19
43
23
40
24
70
25
25
41
18
49
40
70
68
103
39
33
6
-13
16
23
27
23
25
8
38
87
41
45
40
25
-3
45
49
50
4
21
11
29
43
52
28
32
36
43
6
168
228
48
-28
-29
-54
-41
-21
19
19
26
57
64
66
34
54
7
-5
24
64
42
20
40
26
41
57
72
12
38
64
26
1
6
59
68
36
26
20
36
18
4
53
69
-8
7
54
134
51
9
8
18
-2
65
25
29
11
2
33
26
26
-29
53
99
89
250
166
19
-85
-124
-85
-122
-6
-50
-3
35
25
6
56
-12
51
75
44
56
32
115
245
330
349
306
114
-41
-75
-164
-124
-77
-73
-237
-173
-204
-167
-113
-6
9
44
51
93
103
91
128
89
85
75
114
73
84
85
58
56
49
52
32
38
74
-2
34
50
39
6
67
53
53
59
19
38
64
26
86
32
37
66
-5
0
-3
-6
39
19
53
11
25
25
28
39
0
9
26
70
58
38
10
29
69
39
17
-7
-13
41
72
57
44
36
66
27
39
-2
8
41
36
20
83
40
90
193
291
188
-35
-153
-86
-108
-97
-38
-13
57
37
58
87
77
53
35
39
38
99
74
61
9
-10
5
27
21
66
43
-17
33
43
76
4
24
9
-6
13
23
13
48
49
49
68
12
53
57
39
25
-21
-2
-6
114
72
18
1
3
-1
-2
-22
41
8
55
24
11
66
61
58
57
37
9
41
17
41
0
11
24
-12
57
37
4
24
42
41
44
-1
9
5
5
18
16
57
33
25
-10
6
69
9
60
51
75
37
26
29
-1
44
0
26
52
11
16
18