0
40
27
28
28
70
33
60
8
50
9
24
27
22
66
65
44
66
16
20
51
4
25
23
54
26
22
9
71
16
86
32
3
39
28
37
36
18
35
38
50
9
59
72
35
10
26
68
24
-23
34
-9
10
26
28
41
19
12
37
39
36
-24
48
37
54
42
29
24
-20
22
32
28
13
33
43
49
34
-7
45
38
68
27
24
18
4
3
50
7
4
60
43
36
34
11
11
17
19
37
71
43
54
8
19
23
8
-23
3
16
-20
23
-3
22
18
50
70
41
36
25
23
-3
9
56
54
61
25
20
36
68
29
41
40
34
29
33
25
58
10
26
23
50
9
-11
56
18
56
7
-4
5
28
21
37
66
6
18
37
65
69
4
59
20
0
20
-12
56
0
68
66
28
74
26
20
54
22
59
24
18
57
10
38
8
23
37
98
57
32
72
65
35
16
26
24
23
34
32
19
33
18
40
-12
41
26
22
-10
42
0
-18
65
28
93
33
74
16
20
-1
1
26
58
35
44
76
33
39
38
37
57
-13
37
17
12
17
40
55
80
57
20
60
51
16
-6
34
21
36
41
39
-7
50
34
36
0
42
36
20
20
70
26
72
-2
37
18
49
10
22
11
32
50
64
-23
65
114
51
22
-4
52
83
55
-21
40
6
22
5
27
55
38
28
24
0
91
43
17
61
21
50
39
12
56
48
39
76
65
5
68
0
12
38
41
19
77
34
21
52
68
28
28
23
40
26
28
65
20
82
13
82
24
29
8
11
25
18
8
-3
25
39
-40
103
49
75
9
67
40
16
18
5
10
22
41
-5
59
59
65
38
54
57
25
32
23
1
-29
32
44
44
40
40
43
60
41
4
39
19
53
26
19
20
11
33
20
10
36
-1
22
37
5
56
67
44
54
43
17
52
64
18
10
35
39
60
20
25
2
53
20
11
50
17
35
52
8
42
84
18
40
-17
41
-23
55
-3
43
40
19
41
43
34
33
34
0
108
57
81
48
12
27
20
9
29
-6
-8
25
29
43
43
7
16
50
48
24
42
27
33
54
-21
9
-7
20
67
22
21
82
61
49
-17
8
7
23
17
59
41
50
59
59
17
35
-7
149
108
7
-25
-27
-5
-7
49
-6
57
67
55
72
66
41
34
-2
6
24
27
81
39
39
83
11
7
52
25
35
40
37
43
54
-2
64
33
2
49
23
51
68
9
-6
32
35
32
69
52
20
16
48
27
40
42
32
34
23
41
18
77
24
-2
36
-7
44
67
29
23
28
-5
52
3
41
20
43
42
24
48
17
36
55
41
42
43
5
69
67
130
92
72
37
8
36
29
42
12
36
32
61
38
38
-17
25
16
35
24
61
65
41
7
11
60
26
38
-5
-3
13
58
69
-27
-5
20
54
32
-2
52
27
0
69
18
24
69
51
29
37
17
7
38
100
72
22
9
22
154
215
154
-2
6
-10
-9
22
71
134
103
23
28
10
22
8
41
7
70
4
35
16
43
36
25
42
10
41
51
33
19
-69
-34
-11
10
12
21
40
51
-27
71
49
32
5
55
65
52
-4
29
5
76
91
163
56
39
-12
-42
-11
-27
-8
11
-14
36
28
50
19
40
69
27
8
64
116
16
16
68
52
27
44
28
-7
56
45
-8
97
225
99
-25
-3
-51
-58
-19
-21
13
32
22
39
16
8
25
21
37
24
108
28
54
91
43
3
25
9
28
25
22
76
26
22
-2
8
6
-7
26
74
2
23
37
11
13
12
23
8
37
74
51
17
26
74
54
0
25
29
28
39
52
98
202
276
105
-22
-41
-29
-65
-93
-7
5
-4
16
39
51
17
-9
64
36
-3
18
67
35
13
24
24
33
16
83
48
65
-21
-10
-51
-35
16
5
13
24
64
92
75
42
48
81
24
32
59
18
34
11
9
18
32
35
49
141
200
166
-24
-58
-68
-59
-45
-38
5
-6
-18
2
-8
37
26
16
-1
131
58
38
24
20
89
2
24
54
53
44
3
26
11
2
21
-20
29
18
25
59
38
23
9
11
24
10
10
25
6
4
25
21
9
45
-7
43
44
35
26
50
17
-13
10
48
39
24
19
58
5
41
9
10
41
22
48
-5
83
74
76
60
41
12
-8
-7
21
17
27
33
16
17
24
0
54
37
23
37
26
48
36
53
37
11
25
13
33
5
17
-11
16
59
2
23
8
-26
-14
69
38
3
92
115
48
-50
21
21
8
5
22
21
-5
12
50
74
18
-5
57
20
0
52
35
-2
70
12
4
34
114
89
21
7
19
52
57
86
98
43
67
-2
13
57
61
-5
6
52
17
-1
5
7
50
58
1
-9
8
72
37
10
11
5
-29
4
17
116
43
24
17
-2
-5
53
4
18
-28