0
49
35
33
41
27
40
-5
17
58
52
38
-3
64
-38
38
22
21
38
42
37
64
28
19
20
59
70
12
52
42
5
28
72
52
76
150
145
153
153
141
150
155
162
122
84
35
86
16
38
39
67
82
75
32
-18
38
35
28
22
6
18
132
132
55
-21
-46
49
-49
-38
0
-11
-17
36
-23
26
5
10
7
-4
-21
-13
-13
-1
21
-19
-13
33
6
5
-6
-28
5
3
35
65
37
2
25
38
36
-61
-99
-125
-86
-42
-59
-3
-25
-26
-2
-7
6
10
-35
33
9
99
48
32
50
56
25
7
24
39
40
26
13
41
24
23
34
37
65
48
59
9
17
38
-12
68
2
17
40
56
48
39
28
-17
26
16
37
23
69
58
88
72
50
40
4
3
3
34
100
41
6
44
24
-1
2
42
37
97
70
83
32
29
17
39
59
9
50
29
36
33
28
22
20
-2
25
70
4
50
57
23
6
21
81
89
82
60
64
118
76
26
-7
24
-8
-2
-8
13
-21
-19
53
-21
18
-6
7
50
43
11
20
53
6
51
27
29
-3
3
5
39
23
-10
59
4
58
-13
104
48
20
71
26
-17
-18
12
0
6
41
37
24
16
60
53
34
27
58
1
67
51
44
43
59
41
0
43
23
39
32
42
6
7
16
44
55
26
39
48
-2
-38
22
20
55
100
35
16
70
251
202
39
-20
-69
-18
-1
-20
-39
87
-1
24
7
107
53
67
44
41
50
64
32
1
41
17
60
6
3
36
-11
49
3
6
40
-18
4
8
33
60
24
27
33
53
36
27
23
29
59
28
8
9
61
51
25
70
52
9
-3
6
7
8
23
-8
-57
-6
3
33
41
56
36
19
60
36
42
70
11
40
100
58
18
9
44
22
9
16
27
80
26
56
5
59
25
90
33
83
27
37
-39
5
26
69
40
8
86
197
155
56
3
-21
11
6
18
25
86
59
53
76
70
43
40
68
-3
84
96
71
75
80
55
43
1
10
-1
12
7
-33
-30
-21
0
32
44
53
45
54
32
49
33
10
-14
18
58
-17
20
9
56
9
40
43
8
42
37
41
21
38
44
42
50
52
72
106
-2
22
18
43
35
41
48
67
12
20
70
9
52
41
23
17
8
39
-9
54
40
54
41
58
38
-8
51
34
36
16
45
19
24
10
53
12
37
27
24
10
64
13
21
59
67
52
51
42
56
22
9
52
154
87
-2
3
-21
17
18
12
41
50
8
35
-4
34
23
22
-7
25
49
49
72
25
37
22
20
-13
48
38
23
43
49
34
21
108
40
36
37
-13
17
51
1
16
22
-9
29
11
24
58
66
52
80
6
50
23
72
68
51
7
65
6
58
75
-2
53
16
82
0
22
36
29
74
123
128
179
165
70
90
24
-66
-124
-53
-23
-86
-14
87
38
27
48
-13
7
-33
29
52
85
37
1
40
33
-11
48
81
96
80
6
26
2
42
43
-28
58
16
-27
24
10
12
17
26
-21
26
45
17
24
61
8
81
68
24
74
49
9
7
51
103
2
10
4
18
32
-17
16
26
-4
38
75
98
66
54
1
41
49
51
0
48
23
16
6
42
43
66
52
39
41
23
26
34
7
32
57
36
36
51
0
36
24
149
75
22
10
19
32
27
-13
18
34
34
34
12
-21
27
44
5
20
53
36
11
28
53
4
4
35
37
58
41
23
48
19
38
24
35
10
54
33
22
36
49
19
57
57
20
18
6
26
49
19
39
18
40
66
17
20
52
23
33
-10
48
66
84
71
22
51
18
16
-7
53
52
8
2
34
-2
33
40
12
10
72
48
49
42
-14
-26
74
66
27
38
25
27
33
21
107
141
385
561
355
166
57
-138
-190
-334
-381
-452
-422
-297
-185
-106
33
50
105
77
215
119
87
113
144
108
84
65
81
92
49
57
68
38
12
64
-5
20
27
104
120
58
89
60
-2
6
-3
64
48
18
77
75
11
22
26
13
-3
59
74
17
-10
-34
44
33
48
35
-46
-43
3
33
20
51
10
1
-8
32
-50
-8
85
1
28
43
83
24
11
22
40
40
22
24
68
6
43
-5
72
-3
13
-10
-3
-18
38
113
131
113
120
25
-100
-88
-91
-46
-10
-12
5
55
119
82
108
100
51
65
34
20
3
107
43
80
35
28
-34
29
53
32
-8
83
32
-41
-44
26
19
18
217
412
171
-19
-183
-157
-68
-193
-203
50
38
6
76
19
26
1
58
71
66
45
59
21
20
104
70
-23
34
16
-33
32
-20
-92
38
26
42
48
74
119
86
48
66
24
-5
-22
23
36
86
25
5
20
96
10
52
-53
67
38
38
-28
146
-42
18
33
7
121
-45
-3
1
19
-40
59
134
44
-3
38
34
48
80
72
34
37
76
-13
50
27
93
41
100