0
-3
-2
22
38
21
58
55
35
56
49
54
-12
-25
43
25
39
-8
21
-28
2
56
55
17
76
103
0
19
48
50
43
51
35
51
28
1
27
66
-4
18
-2
48
45
57
76
49
34
-35
18
49
-17
25
2
21
22
39
40
19
17
1
57
56
80
70
122
65
60
33
43
81
51
18
18
18
3
38
22
86
27
21
28
22
19
0
37
50
91
44
77
41
64
115
136
48
29
66
81
55
-4
-5
-17
-12
-21
49
-6
4
24
7
57
25
24
43
23
97
43
36
59
51
18
32
115
36
-2
9
8
-27
-11
-24
33
7
24
58
8
42
66
37
0
85
52
33
35
-2
36
40
51
49
1
3
40
12
8
16
85
33
-10
12
5
-8
19
-1
21
60
114
36
-27
23
8
-35
-73
3
-5
53
28
-4
17
-12
32
26
52
39
48
67
37
29
40
71
27
0
11
48
101
24
53
35
9
24
58
55
81
19
34
-17
-33
-4
-50
-10
27
40
48
76
8
28
33
27
-18
87
37
12
11
19
57
23
60
54
77
49
93
85
55
105
41
53
2
-18
71
72
-4
42
34
55
6
28
27
-7
38
36
0
2
35
38
8
-7
-3
24
48
19
7
71
8
17
39
24
33
16
68
-3
-27
18
61
2
-8
-1
-13
-28
96
52
17
36
50
69
33
45
4
3
4
76
83
92
35
45
57
40
36
54
41
37
6
9
40
48
70
21
38
28
25
65
1
32
35
11
37
59
72
72
22
45
64
58
35
58
-7
43
3
-40
-9
12
36
0
28
32
35
55
36
66
36
28
25
-8
-17
38
113
35
67
-4
-23
26
8
32
72
49
1
49
-6
21
56
45
64
4
21
-28
42
82
86
55
6
-1
40
23
27
38
8
69
18
24
49
36
66
39
6
55
64
49
19
56
18
35
12
7
-1
21
53
48
16
51
11
32
88
29
58
10
13
44
20
59
24
40
7
40
1
-5
42
20
39
9
56
59
20
20
12
-6
26
11
27
24
-1
43
8
35
74
48
68
50
48
80
81
68
2
32
35
9
-23
103
68
24
27
55
32
82
-19
54
-1
25
42
42
28
52
43
56
70
2
48
1
50
9
-5
44
50
-3
32
32
17
39
5
34
42
54
3
-3
9
16
71
57
61
38
73
-9
6
20
75
71
19
25
4
4
33
42
11
37
3
2
20
11
73
9
16
55
-7
16
32
23
-8
18
35
19
5
75
26
49
60
98
51
23
55
33
1
11
35
67
34
21
22
19
39
54
21
65
37
28
80
52
10
9
6
-55
22
20
-7
50
54
32
5
11
48
36
67
67
6
2
-40
108
42
38
-41
38
25
13
-10
4
37
50
18
60
-11
43
2
4
50
88
67
87
90
44
-27
20
18
35
13
73
80
10
7
1
52
-4
41
86
39
55
48
11
33
84
18
20
36
20
51
72
33
37
25
53
86
34
19
26
-2
33
18
12
60
-7
19
51
16
-34
37
41
-8
49
37
69
6
2
48
34
29
61
18
50
103
34
86
49
36
34
35
8
51
44
39
19
37
58
27
64
5
6
33
11
32
17
-13
72
25
24
-1
17
58
59
-3
38
-8
40
77
74
70
-46
-2
18
-7
102
64
-33
42
45
27
37
-18
33
48
56
122
87
44
-7
-5
4
-4
5
25
13
61
9
2
22
49
55
71
58
16
-24
-12
39
141
17
18
42
32
16
32
100
97
-56
44
-13
9
43
87
68
32
20
43
29
-7
44
34
21
10
70
32
45
-5
40
60
38
57
17
-1
41
43
-19
18
28
8
51
29
56
-2
-23
28
24
-18
-17
24
4
58
32
48
36
39
33
58
35
88
-1
85
26
72
54
28
4
44
10
105
144
35
112
102
-13
134
116
57
4
11
53
52
1
-7
38
56
4
-6
29
-49
10
-138
-26
-122
-1
-113
5
-141
-167
-170
98
-1
-22
-118
-77
-129
-24
-21
-27
66
179
122
137
130
215
172
124
101
172
103
130
75
75
59
-8
92
60
74
38
33
50
-1
25
35
58
-28
-3
8
16
90
86
12
24
43
21
52
35
34
70
41
4
39
51
57
0
-34
-4
23
100
5
61
49
60
5
29
-51
-37
42
1
71
23
24
35
52
56
86
52
19
38
69
-3
-22
-3
23
61
73
21
17
57
40
34
64
48
64
25
21
84
32
-109
17
-8
54
-4
37
-8
55
97
21
28
42
-35
43
53
53
-53
65
93
50
65
83
-38
51
84
40
101
59
43
76
26
98
44
82
82
65
42
-3
40
9
43
26
34
43
26
37
39
24
19
5
40
32
34
119
89
76
13
18
27
72
36
-25
-19
44
20
49
12
76
-8
36
41
3
41
51
40
64
45
5
28
45
55
104
-13
18
48
96
120