0
-1
-5
57
54
43
70
20
24
48
66
-4
6
17
59
29
67
1
41
18
44
41
59
57
99
17
58
26
33
9
32
28
42
41
25
5
37
13
16
25
11
76
28
4
61
25
21
0
2
50
34
27
74
75
74
18
70
10
5
33
42
86
19
5
19
-6
27
28
45
35
35
43
68
35
10
50
-11
48
43
55
12
75
49
33
36
44
-6
19
26
44
56
44
57
50
52
67
67
43
34
19
33
28
56
23
41
9
17
23
64
-5
54
22
16
53
44
8
3
48
37
6
49
2
66
51
67
17
10
2
16
35
-17
41
9
44
9
20
25
45
28
54
72
-37
38
-18
107
10
44
35
2
-5
73
-6
50
-1
7
34
52
33
52
50
89
76
33
36
44
-4
36
25
32
39
32
42
43
26
5
5
53
42
37
57
90
86
130
164
128
52
-59
-42
-43
-51
-25
8
-20
-12
24
32
69
38
20
56
41
12
82
-17
42
32
57
35
10
35
22
33
48
18
25
10
16
67
39
50
45
96
26
36
24
11
10
102
10
7
12
33
-19
23
69
60
43
7
40
11
0
19
38
65
2
33
57
17
-7
9
64
21
-9
37
-2
-2
69
43
-4
-10
12
22
60
-11
45
23
0
37
39
41
37
-6
35
39
35
55
36
11
0
3
20
66
29
-11
56
35
34
32
60
0
-18
73
86
44
45
7
11
2
18
61
23
50
34
53
-1
49
58
65
17
69
-13
50
26
34
20
43
45
32
-5
64
49
120
92
84
33
8
-14
-13
44
49
24
8
51
32
19
-6
12
1
27
-1
33
41
49
-23
2
-7
-20
8
3
25
33
54
51
57
59
32
35
10
11
3
2
34
130
116
28
52
-9
-50
6
36
49
44
12
44
-9
1
-10
1
35
41
41
52
26
-5
72
50
9
18
2
53
69
19
-17
38
43
19
54
-2
67
20
57
70
32
89
39
-10
12
3
44
24
17
-4
4
41
56
7
49
64
39
24
11
-6
-4
8
10
-7
37
40
25
28
67
59
85
41
-13
43
-1
77
68
33
48
18
22
61
-4
36
33
0
45
28
11
32
40
97
57
69
18
40
39
29
-33
25
57
39
41
17
6
38
52
59
18
50
29
-12
51
-4
50
33
2
64
11
-8
70
65
80
36
72
53
2
35
40
91
76
34
25
22
-19
57
3
39
83
42
-4
32
-1
55
23
34
51
-23
60
27
27
17
73
10
40
52
58
35
71
37
20
87
-18
49
54
71
37
-14
29
10
-5
-22
38
24
69
55
90
35
54
72
3
-5
38
67
25
1
35
-6
-6
1
-4
25
45
11
52
51
11
33
32
26
-14
11
17
29
36
99
44
61
11
22
27
17
16
21
39
39
-2
84
50
53
34
59
48
93
-4
6
24
26
56
28
26
42
92
19
25
55
13
35
74
43
16
64
81
0
35
20
23
3
102
24
6
-20
10
50
39
38
-11
53
11
-5
32
72
19
42
65
61
20
20
56
-4
28
48
70
39
-1
84
93
38
50
65
51
37
58
21
-4
34
17
23
41
48
19
-18
8
41
58
11
35
51
64
18
50
71
43
22
42
38
40
48
21
48
12
23
5
-4
1
38
40
4
60
13
72
43
38
42
35
9
13
59
50
18
48
35
16
64
2
71
25
85
35
25
45
-8
34
42
67
24
38
26
24
45
-5
4
19
70
23
23
58
32
-6
-2
49
1
-9
39
-57
65
50
-7
11
-10
-1
26
96
57
50
44
92
29
56
32
11
44
10
48
66
43
38
60
-1
52
19
76
54
80
18
60
53
37
22
100
40
41
-14
-6
-2
2
5
4
64
42
34
8
23
34
23
44
33
72
-7
42
11
17
56
49
-3
50
10
3
9
24
32
33
36
32
13
16
26
11
-7
50
27
-4
44
19
16
37
-3
-27
45
-33
74
64
5
39
48
37
61
68
21
44
71
50
69
37
74
69
-1
-24
136
100
6
19
8
35
33
38
24
32
21
72
50
-23
21
86
77
39
1
19
-11
9
1
3
-24
24
54
19
43
36
40
8
-2
26
48
91
108
6
-5
-20
36
-13
2
53
-41
-21
66
-13
57
43
35
35
59
24
32
35
41
80
48
24
10
2
36
-10
75
41
34
26
17
22
34
57
27
36
0
-18
-18
53
3
13
34
40
35
0
0
33
75
23
26
42
12
21
81
33
44
39
6
26
7
69
60
17
97
-14
37
36
28
-21
53
37
36
50
72
58
9
-6
-17
43
18
59
9
35
16
-43
3
27
50
28
3
24
-13
104
-1
58
-7
1
38
17
6
45
56
22
26
51
0
10
36
25
68
57
37
33
8
32
-29
41
19
-21
19
34
24
24
71
42
-4
36
54
59
57
61