0
67
48
48
26
5
43
29
42
35
36
2
51
35
52
39
32
32
-4
23
0
6
18
21
43
6
12
38
53
18
34
4
25
64
80
22
32
20
37
43
43
60
56
50
44
7
34
12
48
22
29
43
8
7
40
38
51
37
13
34
42
9
49
20
35
52
35
27
10
32
25
45
54
50
18
6
38
41
0
34
33
5
61
66
32
11
9
0
36
28
55
42
3
20
-49
-3
35
9
44
49
34
7
6
44
1
40
-5
-26
67
16
-10
22
53
28
69
34
55
18
42
23
51
1
37
38
3
44
66
44
28
26
29
-13
34
65
2
32
52
18
72
45
93
38
18
19
28
50
50
4
41
38
18
21
1
29
24
21
26
36
5
64
21
65
35
21
59
33
-11
39
32
32
28
2
3
-7
34
20
-17
-10
21
60
-10
-6
11
-10
12
68
20
9
23
27
29
44
64
33
71
67
24
35
-10
42
40
19
1
17
54
38
65
48
87
39
64
13
16
55
50
43
84
58
69
-10
41
37
40
58
57
52
28
2
12
1
67
68
4
10
13
34
54
33
28
5
24
50
60
33
37
66
24
35
68
21
56
83
37
34
-3
4
13
36
49
8
64
57
29
9
10
12
49
10
36
26
-1
10
36
43
51
24
9
24
20
56
6
41
-2
69
42
11
55
66
35
-3
32
27
44
-3
29
55
55
12
-14
26
64
32
3
40
11
43
65
27
25
34
36
54
35
37
73
24
7
43
52
16
2
101
116
179
181
145
83
-29
-116
-167
-132
-100
-50
-35
-4
22
0
43
34
41
85
32
33
18
55
20
7
51
28
44
5
24
40
6
16
16
26
41
55
10
17
92
38
27
35
19
12
-4
9
42
16
25
41
55
28
42
40
34
18
37
27
10
11
36
37
23
27
-1
19
23
55
50
10
48
51
4
17
55
9
67
26
37
55
83
55
69
58
65
45
35
2
42
36
41
8
54
21
41
39
56
27
23
68
11
38
11
33
34
41
33
55
74
24
38
37
12
5
56
-2
61
57
38
43
69
45
50
20
53
17
22
36
72
32
-13
65
45
12
45
43
20
36
24
32
67
49
12
27
-3
54
28
28
33
28
7
45
16
16
69
20
83
9
4
0
55
11
33
-20
44
50
17
36
51
70
10
7
77
19
33
51
42
68
40
23
8
68
32
6
7
34
55
23
19
80
65
-5
48
11
-2
50
61
8
-18
48
44
25
35
25
41
2
-5
32
28
19
7
76
74
59
35
39
27
36
-13
41
20
28
-23
68
96
44
3
51
48
33
84
43
-3
-10
49
57
42
21
17
88
77
-44
7
21
39
20
24
70
8
29
71
70
28
37
56
34
36
24
-3
36
26
38
3
61
80
24
85
51
44
19
28
53
37
45
18
70
11
38
60
60
24
56
54
39
22
36
69
53
39
18
21
19
-3
-23
3
29
43
55
75
55
10
43
42
35
18
34
23
36
3
38
32
6
22
10
27
56
13
64
6
49
27
52
53
12
37
42
32
21
64
44
52
-7
57
20
60
35
32
45
-6
26
101
25
50
68
33
32
52
19
19
60
12
2
2
21
8
48
35
52
40
64
35
-2
-11
44
11
19
45
-21
12
9
23
51
39
27
41
57
-23
44
58
27
76
19
28
-2
1
-18
16
1
9
50
50
40
26
49
34
35
64
18
67
36
72
66
42
39
5
-33
-12
44
38
22
6
41
4
16
35
34
27
40
5
51
54
42
64
34
22
48
71
7
45
25
49
18
27
44
9
16
65
-19
10
-8
42
98
72
43
51
22
24
80
41
2
88
10
74
38
10
45
45
73
40
-6
23
-5
7
18
25
37
38
-2
23
16
23
-6
36
19
27
26
13
26
39
16
38
92
24
25
88
84
73
49
1
29
11
38
42
59
13
80
87
65
80
104
38
128
93
72
52
72
108
76
51
-34
-13
44
-23
13
-6
-34
1
-4
-2
28
-10
9
48
7
-18
18
38
48
-3
56
18
2
56
17
11
26
25
60
49
61
22
2
55
16
35
7
42
64
56
9
-13
17
33
43
21
57
38
8
68
43
6
-6
-12
-40
9
5
19
19
59
32
42
16
1
69
9
-3
32
56
65
33
9
10
38
12
58
25
64
58
21
80
42
66
72
73
18
17
1
54
35
52
7
52
57
7
34
33
53
40
7
17
8
0
25
11
48
68
26
4
0
48
68
7
21
41
21
32
59
11
34
87
-29
29
10
38
49
1
33
25
34
-1
52
115
-17
19
36
84
28
38
33
11
59
52
37
13
-3
0
39
55
34
48
22
-3
37
3
9
19
12
-11
40
-13
23
59
33
4
87
3
29