0
-20
37
34
-22
-10
27
60
20
52
64
97
290
264
129
4
-90
-193
-49
-92
-1
-1
-19
-2
7
-60
72
67
-2
-18
-67
8
36
20
26
56
123
85
43
3
-6
22
56
11
6
-17
53
5
34
27
40
82
69
24
24
39
3
49
-28
-2
28
18
-5
76
22
84
10
48
39
101
19
77
60
-7
32
-20
44
60
73
2
24
-5
2
10
2
56
-28
53
36
86
32
2
21
74
20
42
68
53
60
19
16
57
32
27
65
25
0
-21
71
64
71
59
10
26
17
-20
21
92
75
23
9
-25
58
32
27
0
6
68
83
26
-35
-33
-17
134
81
12
-27
25
-24
-9
36
42
86
112
52
21
50
98
20
-20
50
66
67
68
-3
48
20
54
37
65
73
40
-7
51
51
35
161
263
300
183
35
-24
-17
-88
-65
-56
-12
51
-56
-27
-43
-59
60
18
80
39
-4
68
21
43
43
16
34
70
44
45
50
7
59
57
115
24
25
40
17
-22
36
23
98
41
17
35
85
24
76
4
24
50
33
-11
9
20
28
38
35
-3
54
20
25
50
45
-3
21
59
117
48
53
73
19
-44
-1
-19
-29
10
59
75
34
64
37
39
83
65
28
-4
58
41
44
33
-1
53
44
36
-1
21
39
60
26
-18
214
209
201
1
-25
-36
11
21
13
11
-22
-24
35
44
74
-4
80
48
60
24
23
9
16
27
20
26
27
49
18
37
18
5
74
32
35
28
36
10
89
37
12
34
-2
50
26
41
12
64
22
49
20
32
37
10
19
49
40
49
50
64
6
4
18
80
11
67
-1
28
-17
28
39
36
66
50
23
8
49
27
55
58
87
6
32
67
-59
-20
-25
-5
60
60
25
8
51
57
51
32
64
70
11
17
27
84
35
121
232
116
49
-75
-86
-34
-42
-51
75
-1
33
55
20
37
33
-10
54
39
49
64
24
66
7
16
-10
-10
51
10
8
54
72
59
28
11
50
50
32
50
66
125
311
364
284
165
102
12
-169
-186
-282
-296
-314
-183
-151
-87
1
2
65
86
132
43
179
98
144
69
64
92
80
23
49
18
33
97
186
83
-33
-22
40
41
35
-34
2
27
42
-4
23
22
-36
66
57
17
87
96
-6
-27
2
50
33
73
9
68
60
5
22
28
36
64
80
9
29
-4
29
22
75
-28
41
-33
43
24
6
64
26
9
11
5
52
74
44
37
6
136
-24
18
82
55
26
61
7
-41
40
-1
17
102
50
7
5
-5
22
21
44
141
164
258
124
61
-13
-72
5
25
9
42
75
7
-37
-57
-85
-25
-27
50
-19
-8
1
32
11
-14
29
19
43
44
20
-7
3
32
44
86
19
65
8
41
-12
56
-23
36
41
80
4
114
29
24
50
83
42
-14
22
42
96
24
13
22
3
54
5
1
-6
53
19
64
54
42
8
25
38
42
32
4
2
76
-17
32
36
-17
36
43
64
23
39
48
37
18
-6
5
49
21
4
-5
38
-29
11
41
9
40
114
13
-34
41
1
67
16
42
22
36
70
18
80
34
33
34
2
-19
73
68
33
-21
70
1
48
22
24
66
22
85
32
12
8
32
17
18
3
18
51
74
8
-13
68
25
36
37
51
16
33
57
25
6
26
16
74
8
43
-14
8
84
-18
81
96
-5
44
53
21
42
3
17
11
-21
25
12
9
27
104
45
17
64
4
57
42
41
29
-17
3
-3
-10
9
49
28
37
25
17
-17
17
52
12
69
-27
-46
-35
36
33
-9
-9
10
51
-6
64
21
33
26
2
-23
57
-8
32
19
98
11
56
35
25
-5
93
29
38
70
-4
70
6
34
19
18
18
34
-9
23
7
49
42
44
54
-10
-5
26
34
96
16
34
17
3
48
26
23
16
41
44
37
20
48
22
33
19
33
0
10
35
26
12
52
5
60
60
-8
40
48
34
3
20
18
12
25
57
91
32
-45
-20
-3
12
-9
70
82
56
50
54
16
-19
34
29
40
55
-39
28
48
18
27
8
35
43
20
58
59
9
48
37
2
51
52
7
37
-29
6
-7
66
-1
137
50
65
91
41
-43
19
41
36
28
32
48
53
101
18
68
41
50
3
32
27
11
39
53
73
34
44
20
24
8
67
1
16
-3
6
48
89
12
10
-37
70
11
42
37
7
11
75
-2
41
21
36
16
2
21
-18
8
20
45
49
83
52
146
49
-37
-10
1
-18
69
39
-33
85
73
92
2
29
5
28
-29
9
6
10
20
154
97
34
-17
-17
-5
-29
-3
12
116
10
-25
57
45
33
18
40
84
54
48
22
6
-2
43
-6
23
-42
40
35
23
81
53
32
-1
3
10
39
-34
34
19
43
57
56
54
27
29
66
25
38
25
22
41
26
-10
0
65
64
56
-25
37
44
61
36
37
37
82
20
-22