0
73
-1
20
202
263
56
-17
-65
-53
-55
2
64
-37
2
80
25
-45
70
20
26
37
11
160
24
17
74
87
39
6
37
101
39
27
-4
90
57
-54
-10
69
-7
33
-45
12
96
32
56
-59
10
41
27
117
37
18
43
48
81
19
67
-22
82
-1
88
25
22
70
41
25
40
12
27
13
12
10
12
6
38
58
-25
86
2
41
22
-19
8
39
92
40
-13
66
49
2
17
25
12
54
12
-6
29
-20
-10
42
163
122
-28
-45
24
92
28
22
51
32
56
-13
23
-13
27
25
29
45
29
22
103
1
10
56
48
4
66
-28
55
-12
28
-7
-4
38
-11
76
42
55
67
44
37
59
73
56
-9
91
80
32
68
48
97
40
107
82
74
-19
20
4
43
-11
92
56
9
65
57
36
50
-20
45
80
5
41
29
-30
148
86
-17
-35
-56
-8
-136
120
12
48
-20
26
-13
35
69
26
3
122
58
26
123
4
52
85
-54
12
104
93
37
24
58
26
82
-9
22
23
5
77
18
45
153
10
70
3
26
71
19
9
28
64
36
32
8
22
-4
17
40
60
80
52
83
37
-23
72
58
64
20
8
-20
-5
49
23
9
33
51
59
34
20
8
0
74
23
23
61
53
49
53
73
-10
17
28
21
-8
20
64
65
40
82
52
54
44
-11
53
-24
13
-19
6
32
-8
54
29
22
-21
36
-27
17
39
-9
37
36
148
4
-5
33
22
60
103
28
164
-14
12
-69
-60
13
93
56
8
5
-33
21
43
105
20
36
49
33
19
48
36
-11
35
20
-24
41
27
34
48
69
234
170
166
91
-73
-5
-130
-119
-74
27
32
-3
59
-8
68
75
11
-13
18
55
76
-33
74
68
10
-13
52
-20
85
11
-21
87
91
65
59
90
20
57
91
28
-22
-19
38
-43
-10
-1
-68
6
19
33
88
115
68
-2
82
84
53
16
-28
-3
27
57
39
-44
-6
21
-2
9
9
42
27
6
83
87
5
-62
64
16
-26
1
33
43
-4
66
34
59
40
2
26
-9
25
56
23
16
2
58
36
45
69
18
24
66
24
75
6
22
40
-1
21
9
12
6
21
43
16
44
64
17
113
24
13
9
11
86
43
32
43
26
22
-21
21
54
28
24
71
25
13
19
50
45
42
1
18
28
66
48
58
56
104
65
17
6
-6
-33
-6
28
77
44
18
42
58
41
88
96
160
96
45
-20
-58
-72
22
-35
33
145
72
74
86
86
39
38
-2
-42
-10
-9
42
-25
3
-21
38
-28
38
5
122
34
10
17
0
16
33
-11
22
70
34
-1
21
55
41
67
32
18
20
29
44
6
57
35
-8
34
13
43
40
67
32
43
102
100
6
74
23
49
36
-4
12
52
53
44
45
26
102
87
8
23
44
26
16
41
57
57
16
1
50
43
19
-6
20
34
40
25
39
25
98
84
40
73
50
51
20
0
23
43
8
53
33
39
69
12
21
45
43
16
54
51
23
24
51
16
60
10
54
-18
26
38
18
51
67
13
44
1
83
-7
50
22
91
55
36
4
-18
59
28
58
53
24
35
-8
57
8
57
38
32
-33
32
19
-4
40
76
56
25
43
19
12
36
1
-9
91
34
2
11
25
18
16
71
57
40
18
24
2
22
43
22
42
49
20
20
20
33
73
57
37
49
28
-1
60
25
38
22
17
36
28
55
-1
11
0
38
34
22
12
64
9
43
45
25
19
22
1
27
24
34
21
16
51
29
37
61
-5
55
48
71
33
60
7
22
20
13
-10
48
39
43
34
87
28
16
52
59
12
18
21
-3
1
36
21
5
20
23
66
48
19
37
40
1
-17
51
20
10
50
92
59
54
18
12
49
54
60
28
11
38
16
37
57
89
56
13
29
6
28
59
18
-10
-23
76
59
59
54
-4
6
-3
8
-2
75
18
22
12
21
0
91
76
24
56
28
20
39
19
8
25
25
-5
19
17
32
48
21
52
76
12
42
66
27
39
33
10
26
51
28
11
6
9
27
64
37
11
28
-18
104
48
5
-20
-9
67
76
28
-27
56
56
96
-22
-10
-8
39
67
52
42
29
60
41
25
6
61
72
43
12
12
-25
23
-4
42
24
-23
80
9
20
49
34
-5
-10
23
25
42
32
3
23
24
77
91
103
130
40
51
5
-10
-66
-61
-41
3
25
27
-6
21
45
17
35
74
33
97
18
25
39
13
22
8
54
3
70
35
41
59
8
81
-23
82
52
-2
-3
-24
-20
41
12
-12
-23
19
8
91
56
4
76
-18
-21
57
52
34
70
76
50
22
24
34
23
24
-5
26
25
38
10
-20
16
44
52
16
33
1
37
44
44
28
57
49
45
58
11
-6
40
52
18
5
-2
-7
45
89
41
144
139
503
454
246
42
-8
-185
-212