0
57
21
71
24
41
34
11
10
41
39
27
69
74
68
101
45
26
18
59
10
21
57
48
29
4
1
67
75
43
8
42
9
36
43
-22
57
0
-72
33
42
6
44
5
24
84
7
43
39
10
58
10
52
24
-5
39
60
0
9
8
53
44
53
21
52
39
121
25
38
-22
12
19
-10
52
57
41
12
66
53
60
54
3
4
44
59
24
75
-4
64
9
35
37
44
51
17
43
69
48
49
0
22
-24
50
19
-8
-21
37
25
55
42
18
23
72
41
21
7
70
22
34
42
22
26
21
21
10
44
65
49
41
68
-7
133
87
12
32
3
-13
24
38
40
18
-9
23
-23
20
22
52
53
40
44
60
5
6
23
52
32
34
10
7
20
36
40
26
54
64
24
27
32
24
76
3
49
7
42
60
82
26
92
-21
-7
43
28
3
5
41
-1
40
24
56
9
18
-12
48
44
9
38
38
51
73
40
19
18
-1
16
54
21
48
12
29
65
17
39
65
43
39
21
57
97
88
183
105
168
58
38
-18
-89
-113
-137
-76
-40
39
37
20
32
16
59
52
26
16
48
56
16
42
36
33
57
50
54
37
21
21
19
9
71
20
25
39
33
40
60
6
19
34
50
61
-5
20
4
2
37
11
44
20
39
64
34
54
22
-7
59
10
86
28
10
-10
32
38
53
18
39
64
42
64
26
42
-2
19
42
35
-20
28
28
34
33
41
48
33
41
41
-87
53
67
75
-5
54
53
11
32
22
23
71
35
18
27
6
28
54
55
38
39
65
55
32
38
29
34
26
33
9
71
12
68
58
40
83
18
55
27
-18
10
25
-10
39
36
16
9
33
33
43
42
8
20
52
81
38
40
-12
64
64
69
38
21
40
32
17
25
55
59
44
48
60
51
32
5
13
67
48
-5
70
40
55
27
56
33
32
40
42
34
5
11
8
28
38
38
48
50
22
83
40
53
19
-10
56
76
17
33
54
33
39
12
48
9
6
22
7
20
48
-25
51
38
13
36
43
9
44
41
17
-9
9
22
32
21
43
18
53
49
36
27
51
36
25
-27
-20
50
33
12
54
38
45
-3
37
57
33
3
-19
86
16
6
12
41
56
58
16
29
40
3
56
59
36
22
21
13
18
59
11
6
27
55
33
-12
29
20
69
17
42
36
57
25
98
20
40
12
18
64
45
-17
34
27
53
-1
54
44
35
53
19
12
37
49
9
50
-2
32
-19
38
27
37
24
41
39
29
8
19
16
40
36
-8
32
23
26
25
68
42
64
64
60
26
23
18
-8
24
50
44
64
4
-1
27
23
67
34
65
5
22
4
66
57
4
34
73
10
73
52
13
97
28
4
3
6
43
24
9
32
40
33
32
12
18
50
19
20
16
50
45
82
28
25
42
8
17
22
18
5
82
16
19
22
12
55
64
33
5
45
4
81
55
28
48
-18
1
82
40
75
48
42
19
22
0
11
17
49
12
35
38
33
27
36
72
28
48
53
39
35
43
12
33
44
35
16
76
29
2
21
17
40
6
11
16
9
162
210
48
-44
-67
-98
-20
-22
-10
33
53
69
12
-28
106
69
91
98
20
24
21
18
22
-13
12
-2
24
42
35
64
-4
19
50
99
67
38
65
26
49
48
42
-19
26
58
54
44
52
3
65
114
43
16
50
40
12
-23
12
-13
35
20
50
122
234
58
36
-30
-20
-40
-51
-7
9
25
48
26
24
25
19
32
36
-14
73
74
57
54
55
67
58
70
21
-9
42
-34
-38
18
37
24
35
67
59
-24
32
0
53
8
19
32
-44
107
-7
-33
-13
1
-17
-12
18
118
105
-59
81
29
60
-30
-25
17
81
93
77
17
89
41
-21
40
-20
41
41
76
-24
108
118
-21
-49
-26
99
42
-43
162
182
208
18
44
-45
43
-10
-50
-26
-20
-9
40
23
5
37
55
44
50
56
23
26
23
59
59
42
34
-5
73
107
38
52
84
18
12
67
-14
44
49
-7
3
23
57
56
8
26
48
54
43
-9
52
50
58
85
16
50
12
64
48
-14
44
84
40
-5
27
39
89
-11
-5
-12
35
50
16
-34
-58
-21
13
26
-4
-1
21
48
60
21
32
70
33
22
4
64
108
50
27
36
35
8
-33
-13
33
28
0
-12
55
57
32
50
-14
37
22
64
18
-51
25
59
24
40
26
19
-5
-5
39
28
34
29
76
53
36
2
7
34
50
19
7
7
12
66
43
34
43
-14
84
7
40
-6
12
113
18
0
29
27
7
-29
105
38
36
17
37
24
-7
54
-8
34
-8
45
5
75
64
38
48
41
11
21
11
-3
-36
8
5
54
-25
-1
33
5
40
27
36
21
32
51
43
26
27
5
69
11
-40
134
81
135