0
87
61
38
48
-29
-14
-7
22
74
72
48
17
37
53
76
12
-37
-30
5
85
24
86
59
-49
66
11
-9
48
90
56
36
86
52
8
-12
61
38
7
35
34
33
37
42
34
6
9
11
53
12
37
18
42
56
18
13
5
84
40
42
74
28
60
28
40
19
20
45
-25
42
99
73
-5
-6
105
-4
163
70
22
-14
-50
-10
-3
22
75
33
27
17
2
20
49
64
73
90
25
9
35
21
48
66
41
67
53
10
33
43
18
23
16
4
9
9
-59
-17
27
22
19
48
13
26
16
-13
44
60
34
89
19
41
16
16
64
12
57
43
41
35
38
74
48
21
-6
-17
-3
58
27
26
16
-11
-1
9
-5
11
0
56
51
69
119
57
42
23
4
-38
17
59
18
60
52
26
-10
5
10
23
16
11
49
7
6
60
77
61
87
57
26
25
-2
37
37
24
26
33
37
43
58
12
11
-3
6
26
22
1
25
22
42
21
70
60
36
23
22
24
27
16
32
38
28
42
36
73
28
84
-54
-8
18
-5
-20
9
57
71
49
70
16
4
28
28
20
76
19
34
38
26
26
28
48
50
85
34
4
25
18
41
36
-7
8
-20
19
52
71
54
102
145
198
43
5
-52
-21
-23
-6
11
-6
25
-8
41
54
12
26
26
33
1
-8
25
27
61
76
51
24
26
76
50
51
22
7
38
25
-17
-4
-6
32
38
38
43
35
25
21
20
20
39
20
42
22
33
19
53
20
22
27
18
23
20
86
44
51
41
36
27
4
-20
4
11
54
57
67
3
23
10
-19
7
28
11
23
40
34
9
20
28
50
34
69
8
56
52
69
43
54
48
29
1
6
25
13
25
57
35
73
9
16
21
12
33
27
52
17
7
10
5
29
17
64
34
17
38
22
38
36
8
43
43
54
65
58
12
33
11
-14
53
10
53
20
22
38
12
42
36
59
44
25
64
66
28
40
58
38
38
29
17
-26
25
49
37
28
70
52
33
2
12
-2
-9
7
5
-3
27
-19
24
12
27
59
10
54
33
13
74
69
59
39
56
-12
16
12
16
9
41
-13
4
40
34
49
32
71
33
34
71
86
55
12
-8
25
52
21
-7
20
43
18
8
51
39
36
54
37
22
33
21
42
39
5
59
57
24
81
-19
7
21
3
-18
11
27
54
37
42
19
70
37
36
-3
85
-2
29
0
57
11
3
8
76
76
56
22
-13
28
58
58
102
64
42
90
40
23
36
53
29
38
32
16
13
165
227
167
96
-5
-93
-71
-33
-55
-69
-44
23
21
11
1
54
64
101
51
23
27
1
6
51
9
16
75
24
37
54
11
50
135
214
289
594
452
245
69
-120
-225
-289
-394
-433
-305
-173
-65
-59
81
69
98
107
134
116
108
71
77
67
71
93
71
53
39
80
48
0
123
17
20
52
32
39
40
41
16
20
51
-2
24
20
8
17
28
35
43
8
36
41
57
55
16
67
7
33
76
104
34
28
1
26
36
39
27
118
262
330
162
-45
-123
-213
-78
-62
-41
20
-4
88
45
27
4
-12
-12
-1
-28
16
-11
55
25
39
27
34
66
35
48
27
49
35
1
74
106
73
51
48
20
36
23
36
35
32
23
44
16
72
5
32
57
25
55
11
36
27
57
21
53
2
9
38
20
10
66
25
32
21
9
49
7
65
41
76
4
7
12
5
32
43
-3
65
5
32
7
6
33
50
48
35
4
72
104
268
214
90
-28
-122
-73
-59
10
0
-17
17
-8
19
0
33
44
45
35
22
57
81
17
25
54
35
49
51
10
-18
33
27
39
36
28
9
38
67
48
28
21
-5
0
-5
51
10
-4
68
67
22
56
32
-5
38
43
20
83
5
48
33
-6
37
25
24
56
20
51
36
33
6
33
34
50
19
40
3
57
4
23
48
49
21
74
5
8
12
74
38
28
18
16
27
29
44
58
33
49
19
35
-4
34
59
24
59
33
-21
-21
5
56
39
70
48
36
37
48
8
11
20
72
13
-11
21
60
42
16
48
53
11
3
-22
33
16
25
10
43
27
21
32
0
32
35
77
118
135
232
90
12
-50
-42
-35
3
4
51
-29
40
-8
20
38
-7
73
86
-3
42
-6
3
44
-5
-28
10
40
84
53
42
119
80
65
-4
42
29
51
59
67
25
19
6
26
-18
4
26
25
6
44
16
49
50
38
8
27
32
25
24
8
1
-7
24
24
16
28
28
-2
20
25
60
19
19
25
65
48
-4
66
21
45
53
43
27
36
76
38
-18
-4
8
3
10
8
90
59
40
7
1
50
16
23
40
22
32
38
36
68
50
9
33
58
35
40
72
72
56
41
-3
40
6
43
-4
66
55
16
12
-7
33
18
-7
23
50