0
37
32
42
23
41
20
25
42
-20
69
34
51
28
24
34
44
57
32
61
34
26
44
42
53
48
40
36
4
44
-9
8
58
42
39
39
29
24
11
59
7
34
34
11
35
19
22
49
21
35
88
60
43
19
-3
-30
18
59
-13
140
6
28
0
11
-6
-2
9
50
20
13
49
1
48
55
156
112
-3
-61
-49
-45
10
49
18
42
33
60
18
42
52
27
2
51
43
12
8
16
48
22
17
32
27
72
71
65
61
19
-20
38
67
4
19
38
32
28
20
35
89
3
-6
-52
-5
71
48
44
19
3
20
64
11
72
42
18
9
56
6
18
71
37
40
0
4
18
42
44
32
20
44
97
26
7
22
7
4
25
17
51
44
56
23
34
60
80
68
5
-8
9
-2
9
32
39
-21
1
49
9
12
1
41
39
43
24
69
25
10
6
-4
9
25
23
29
18
67
2
64
19
16
5
6
43
36
48
32
-2
86
60
24
22
32
20
43
10
-11
28
27
2
82
6
19
19
36
16
7
49
24
0
51
3
-27
2
-2
8
21
20
12
44
55
50
10
38
17
32
36
13
12
69
69
71
42
73
3
9
16
-42
7
28
-36
51
41
71
21
53
-35
48
37
56
27
-2
37
12
58
9
92
121
98
48
33
41
-58
0
-9
50
-33
-10
-30
9
113
20
83
33
51
-9
-34
19
29
29
55
-19
23
33
38
59
148
51
284
466
341
162
41
-50
-85
-220
-277
-376
-343
-265
-259
-108
-25
52
68
136
85
122
132
165
89
118
97
66
43
96
55
24
28
37
16
41
11
26
43
10
50
25
-35
48
28
40
27
87
72
43
55
54
39
6
66
19
22
11
7
-33
42
52
40
52
112
75
43
38
83
42
-14
86
116
109
187
131
44
32
24
-99
-121
-18
-25
-75
27
69
70
57
-9
-108
56
106
49
-3
96
251
294
294
146
132
2
-57
-90
-5
-109
-164
-325
-339
-269
-183
-120
-65
-18
37
150
145
146
134
197
182
165
64
25
53
-1
55
60
13
32
37
-3
2
-82
-1
-21
-77
-18
24
101
82
93
36
-22
-106
8
28
-24
9
-52
35
48
4
21
-7
6
144
61
68
39
28
89
56
51
51
85
105
298
309
104
-110
-140
-117
-44
-75
-67
17
51
48
53
-11
10
16
11
-36
83
-41
-69
-59
39
131
93
109
99
113
19
-44
-91
-41
25
38
33
73
12
-4
-5
74
35
50
5
50
57
1
5
77
80
50
67
13
-69
-1
33
11
7
-26
19
80
55
83
100
98
32
73
35
74
85
69
33
49
23
-24
37
28
42
53
82
23
-2
6
81
43
90
-10
9
140
2
-67
-25
-52
86
-2
-42
41
150
12
45
-10
98
25
18
-1
215
53
7
-13
65
66
33
51
32
-1
21
-5
-40
10
38
-9
80
33
103
52
52
71
208
-6
-54
-17
83
83
24
-10
-12
12
49
24
91
12
-26
87
9
123
9
138
48
99
-8
105
10
3
-5
109
66
9
36
87
26
39
37
1
22
8
48
42
37
50
164
233
188
140
-26
-98
-60
-74
-35
25
72
37
59
3
-4
-13
20
20
112
136
114
38
-3
-5
33
103
145
7
-67
-2
-101
-66
-85
-40
-18
-5
73
44
105
25
27
102
33
83
40
55
98
99
128
58
58
68
23
38
25
38
-1
-67
0
-21
40
-12
-1
-42
-73
-10
0
80
42
18
53
92
93
125
187
119
25
-1
-19
-19
67
-9
-12
-56
-28
-12
18
-27
50
105
44
16
16
50
12
18
33
-5
20
4
34
9
18
80
38
85
76
68
81
76
115
84
57
72
16
-11
-92
-20
-57
-25
6
-34
5
-2
17
-6
73
88
101
112
33
8
26
49
52
26
49
23
54
-6
0
-8
-3
80
58
172
59
87
105
66
16
10
-147
-94
-73
-67
-40
26
37
69
84
33
16
54
40
-3
44
41
-34
54
53
25
12
102
59
65
17
38
20
37
18
-21
17
65
-22
64
22
-5
-21
42
70
27
35
56
57
141
72
56
54
6
40
29
26
43
28
147
67
145
19
-39
-82
-42
-11
-9
-7
13
106
74
-39
-26
5
20
52
-14
8
65
74
68
50
32
96
72
37
8
50
80
52
2
81
1
64
32
18
37
6
28
12
-26
24
6
52
48
6
27
18
27
69
26
16
37
27
9
1
35
33
58
24
39
39
69
19
48
52
-3
92
83
146
134
121
83
67
-71
-107
-109
-129
-21
-87
-50
55
29
-4
39
22
39
53
18
50
49
77
57
67
28
19
39
34
13
51
11
24
44
56
37
32
65
72
32
17
29
-38
-44
2
58
25
57
34
48
35
26
17
29
42
44
36
42
27
34
21
37
59
59
64
77
42
6
65
89
68
52
12
41
20
-11
18
73
38
18
13
49
4
44
10
-21
8
64
17
34