0
40
21
-38
6
22
55
60
33
51
42
74
49
96
42
8
33
-19
-9
27
34
32
12
69
135
229
214
-10
-34
-13
-28
-24
-1
0
18
29
40
3
70
39
20
26
29
83
-6
57
35
7
20
26
33
76
9
69
-4
23
40
44
11
64
36
59
61
38
69
50
35
40
-18
2
19
59
8
10
-3
83
38
24
12
33
50
9
10
12
70
5
57
33
58
24
21
21
12
12
48
11
69
36
28
5
37
43
44
73
72
23
44
97
49
32
-29
26
16
17
20
-8
10
36
-28
-3
40
39
-4
-10
72
44
-8
49
-7
54
76
55
-34
-38
28
17
16
76
12
136
-3
83
54
34
154
157
121
-21
-22
65
42
-5
5
-20
-45
-58
-74
76
17
20
6
6
56
54
-14
21
21
20
70
140
123
-131
5
84
102
-28
-11
83
-26
-19
69
-9
35
77
54
9
118
48
35
7
45
72
37
49
-7
-68
19
100
68
1
105
69
13
100
57
71
86
144
11
0
69
-22
-33
67
92
-19
-28
36
107
-39
-13
-49
150
39
22
107
13
100
-27
32
-4
82
97
9
-7
11
-24
38
-11
21
92
49
73
97
32
-76
38
43
-10
24
-4
42
166
92
99
168
150
278
195
160
104
100
17
21
-17
-85
-17
-18
-107
-45
-103
10
1
-81
-101
-88
-91
-189
-185
-165
-163
-197
-201
89
139
392
619
362
76
-131
-245
-140
-122
-52
48
-18
69
49
51
106
85
75
107
73
106
92
105
67
52
40
35
41
41
64
55
71
49
10
52
49
-8
-28
-14
27
100
58
36
45
70
51
39
-17
92
96
205
262
189
91
37
-121
-161
-189
-78
-68
-49
26
-9
-11
4
7
11
36
112
60
53
5
56
32
2
1
100
115
92
83
20
45
26
54
67
22
10
6
-1
33
57
37
67
74
17
19
27
35
-17
34
28
-7
69
66
64
2
35
120
201
247
109
-118
-62
-74
-104
40
66
-22
88
85
20
70
74
65
-26
21
-13
-11
-36
-20
-18
-46
-85
34
-29
48
20
0
164
80
24
23
-22
-5
10
67
10
40
54
36
55
76
87
37
10
48
38
58
32
23
56
25
44
34
86
39
-20
-72
-34
42
-14
-36
-56
26
-19
-21
23
115
21
40
136
-91
112
-18
-21
-72
-40
84
67
65
19
33
136
41
48
58
115
54
35
-5
81
55
96
-33
54
98
66
32
-81
135
66
3
60
24
18
-10
-22
21
125
40
101
81
2
77
80
147
263
313
210
160
-76
-119
-166
-277
-181
-12
-89
40
-113
-65
69
-66
2
136
27
-38
105
24
88
28
19
8
72
-17
-57
56
-13
104
45
397
457
336
85
160
-141
-202
-296
-197
-212
-106
-105
26
18
24
-6
-39
89
-24
-10
107
-1
37
44
58
163
248
172
201
363
171
-29
-105
-106
-150
-123
-66
-68
12
-18
24
84
-2
33
36
8
-8
52
36
20
12
89
64
37
32
84
13
75
34
7
87
-11
-13
-38
80
-12
28
65
7
35
65
58
3
0
21
42
-8
45
12
48
33
43
29
-7
0
-20
27
-25
0
64
40
-18
115
42
25
101
39
-54
48
80
19
25
-1
-30
93
49
44
85
59
49
98
13
17
-20
43
99
9
57
8
57
-7
52
61
67
-23
-4
-51
40
43
50
49
21
128
32
50
24
53
55
81
98
6
66
20
22
8
-42
83
-6
12
20
33
116
216
169
197
152
60
-44
-154
-101
-98
-102
-66
-1
-34
-1
37
10
38
124
24
59
74
32
36
-3
56
97
34
75
92
6
66
9
202
64
48
34
-20
-29
-29
5
21
-1
-10
19
99
58
20
43
25
72
-10
0
112
20
71
-29
64
80
73
10
-20
-4
56
26
33
0
-60
32
13
26
-20
-4
-7
51
48
66
24
21
54
60
9
-36
119
77
17
36
-26
-26
1
-11
53
2
25
61
72
25
13
9
12
16
24
23
18
1
34
34
48
55
61
59
25
44
64
8
55
25
0
48
74
53
-9
59
36
66
36
-7
35
58
-27
-11
83
73
26
33
-4
-6
-25
37
-11
0
6
60
81
32
64
29
49
13
64
18
32
59
32
75
28
54
83
24
25
-8
68
58
3
5
16
68
-18
23
19
-1
17
0
45
19
-1
24
81
24
17
18
34
39
32
-1
1
33
17
41
-41
18
-44
-9
-24
69
36
90
-40
36
39
34
85
-28
72
70
56
69
59
11
53
5
8
28
40
44
41
-14
27
42
12
58
49
82
52
6
104
17
32
40
12
18
10
-7
9
12
-5
9
-12
21
26
48
-7
132
12
-23
-29
48
54
82
26
64
67
1
43
20
32
-1
66
3
52
51
37
-9
54
18
39
28
0
17
12
98
74
37
-2
48
34
-11
64
-2
80
52
26
45
55
70
-14
12
40
43
76
4
68
82
26
-8
-13
49
24
65
-9
-2
19
99
0
49
51