0
-24
3
-38
29
1
11
44
72
0
60
-37
43
37
10
-6
21
-58
-39
29
86
50
96
29
20
55
39
8
-9
38
34
115
118
13
-21
-12
12
18
-11
8
9
-5
50
81
60
13
53
34
38
-17
34
29
23
60
123
-22
86
-33
-88
-52
18
-13
-14
18
65
34
55
70
55
43
41
32
-4
43
-8
108
10
41
-18
-1
117
17
3
57
-30
50
100
69
216
200
148
123
-19
-120
-98
-114
-11
-6
-3
-10
73
58
71
25
-25
-10
5
43
1
25
85
90
22
27
58
8
-4
22
68
86
-4
-26
20
-18
-42
-44
36
-11
40
67
49
43
50
23
-9
113
-7
21
9
-11
17
-9
-7
52
83
100
86
69
21
13
49
-6
10
8
-9
29
56
1
60
49
51
51
-3
32
-13
51
28
33
20
2
73
23
36
-28
40
16
-2
4
70
7
-2
53
59
40
58
69
43
68
76
38
117
28
41
-43
19
-4
5
22
13
81
40
8
58
22
-7
25
55
17
68
48
61
0
34
42
10
-26
12
12
18
37
76
5
113
83
16
21
34
38
6
18
38
40
57
88
9
2
21
11
13
72
51
51
43
12
26
-1
5
39
75
54
23
12
53
29
61
56
73
7
6
8
58
-2
9
9
81
66
6
151
36
-3
16
58
-2
19
50
29
36
53
41
22
8
38
82
156
40
23
-71
-42
10
11
16
-10
33
34
53
23
85
27
33
48
25
77
3
72
23
34
24
6
10
19
21
6
26
50
43
41
49
-10
39
22
58
-5
52
35
36
29
40
12
44
37
45
73
12
66
-5
19
72
40
59
54
8
69
23
139
140
103
112
76
37
-28
-73
-77
-55
26
7
45
34
36
25
21
52
37
42
88
55
39
17
71
44
52
44
50
-17
17
8
7
57
29
75
11
41
17
38
45
-29
39
-4
16
41
59
54
29
3
55
68
89
33
18
45
13
40
25
37
53
43
32
19
11
40
24
70
73
1
24
67
34
3
18
61
38
3
80
80
6
4
76
67
24
-4
-29
40
20
37
-5
36
59
-3
18
39
99
45
67
42
59
59
28
41
37
-2
21
35
-4
28
42
23
72
-3
36
44
41
53
69
39
60
28
35
5
-11
97
2
-23
-4
19
35
16
65
16
85
87
121
161
120
24
-37
-107
-102
-37
-21
56
7
36
28
40
44
0
53
69
48
20
44
-18
-2
64
41
52
41
22
69
69
65
10
10
34
-17
-25
86
24
87
57
23
10
34
90
44
43
-10
7
57
27
38
20
66
4
55
51
-11
19
50
37
-11
-10
43
57
-3
36
24
44
83
35
-7
-19
32
13
22
51
36
73
59
36
50
27
26
35
45
11
40
28
5
35
49
10
7
26
11
44
32
41
-8
32
25
27
32
25
33
59
-11
69
-1
55
39
38
8
9
49
41
-11
41
11
-2
-6
33
22
104
16
24
4
-18
-17
19
43
33
20
57
41
69
82
48
55
6
37
58
22
20
39
10
27
27
27
2
7
36
-12
50
49
48
57
73
-6
-7
12
34
92
72
3
57
-14
80
205
76
-49
-33
-9
-49
-10
11
51
10
70
-28
-6
25
34
32
-2
19
27
9
13
32
23
11
24
49
32
12
58
6
1
32
28
20
70
64
21
25
60
9
9
50
23
2
43
10
24
16
20
58
42
39
8
36
27
24
35
52
58
19
39
24
9
39
39
8
27
23
37
22
35
8
67
13
-8
39
11
26
5
33
3
48
4
33
21
32
44
49
38
34
51
42
40
-23
5
34
21
51
29
28
43
64
34
27
48
17
37
26
59
33
50
-12
56
44
16
38
26
44
54
5
56
8
57
12
38
18
56
12
-7
-22
60
-3
42
53
24
3
34
6
36
75
38
35
58
7
50
40
32
20
44
25
9
20
45
84
5
41
-19
-46
18
-2
-4
26
-5
22
102
64
73
68
34
39
51
32
41
54
-4
44
76
38
-13
-12
36
-3
16
28
119
-3
21
1
-3
51
1
28
34
7
42
52
58
45
68
10
72
49
9
10
26
68
27
100
51
40
10
16
52
84
55
83
73
105
-20
20
22
-3
-8
-21
1
43
90
77
8
21
38
-13
-5
9
-2
44
43
34
58
32
69
28
58
21
52
58
39
17
-9
19
16
28
-18
3
32
41
7
24
40
69
42
23
-6
39
27
24
9
9
6
25
33
27
21
3
1
36
61
18
37
57
42
23
45
54
53
-10
7
16
36
-6
33
4
34
48
26
60
36
12
8
38
-13
43
18
55
7
36
86
57
38
164
182
89
13
-34
-35
-23
27
26
-11
11
16
9
41
52
12
72
66
56
29
40
-6
74
39
51
41
41
38
8
-4
-10
76
52
1
38
51
86
70
4
34
28
-5
38
19