0
52
-3
-17
-18
41
42
28
60
-7
39
45
27
8
24
57
36
45
10
26
48
6
103
121
119
67
90
64
76
18
-8
-19
-119
-44
-71
-19
-41
22
70
-8
39
54
65
-14
76
27
101
64
28
17
18
64
19
19
13
53
90
52
11
13
25
33
72
9
-9
52
33
60
36
36
44
27
56
44
37
28
-18
53
48
-22
22
71
43
42
39
49
56
53
54
33
42
36
35
42
38
27
59
-4
-35
0
16
42
39
43
24
58
23
49
51
35
9
36
49
35
37
8
21
1
32
60
53
35
23
20
39
35
58
-22
38
33
32
64
83
84
-1
27
1
25
34
5
43
-3
106
36
32
25
21
37
67
17
75
48
21
34
6
24
58
65
25
42
18
23
16
39
28
36
8
21
22
37
33
20
-10
-4
37
65
2
-35
18
33
27
27
59
27
21
50
48
34
19
52
5
-5
40
3
4
1
3
82
45
22
37
28
39
-10
11
50
44
17
81
40
72
70
89
68
44
60
16
3
-5
70
18
27
-19
25
4
24
34
21
25
26
52
7
82
73
17
54
11
23
54
38
5
44
0
19
11
-2
28
37
22
21
67
5
41
23
-3
17
-2
-8
24
27
33
10
21
22
12
35
52
29
39
19
27
21
20
40
21
29
-11
25
57
48
91
49
-49
11
60
51
23
48
21
44
50
8
23
38
21
39
55
19
4
61
44
42
25
10
68
40
-17
27
5
41
52
49
20
12
36
92
72
48
68
39
5
42
5
51
55
21
24
11
27
60
69
29
-6
58
1
44
26
42
51
67
36
32
11
55
32
-3
10
41
0
-11
26
76
0
22
25
25
34
-4
9
38
34
28
59
-3
-7
3
57
51
64
12
82
12
11
11
50
44
69
13
19
32
72
21
28
49
41
21
7
-1
16
50
39
68
54
50
42
28
68
4
66
13
77
42
38
23
50
76
49
12
34
65
-39
27
35
50
70
-14
18
10
65
-1
7
114
42
-1
1
85
48
75
5
53
38
39
3
70
77
33
8
21
-5
75
19
12
37
44
-33
76
21
23
34
12
-51
52
42
10
22
-1
88
27
36
109
-3
77
55
5
53
34
51
99
69
21
56
37
49
50
24
9
-19
114
10
21
12
33
54
34
27
-38
25
23
53
35
43
16
56
60
-29
5
82
23
26
58
24
17
33
36
2
60
49
38
-3
11
27
-29
55
6
24
20
10
-1
9
-12
39
72
49
52
-1
59
26
27
21
10
33
11
35
-17
23
8
-34
-19
19
3
36
41
52
33
4
48
19
48
52
49
40
28
10
38
5
67
19
20
51
25
25
45
-13
43
41
26
7
27
41
42
-5
8
55
28
21
54
53
48
-22
20
66
54
59
1
50
12
58
-19
-9
39
7
57
49
10
29
39
-6
4
27
45
-1
33
8
45
29
23
35
10
26
60
16
28
53
54
49
39
64
168
194
55
5
-58
-55
-69
-19
-20
-3
-10
26
9
32
-1
54
13
54
-3
49
74
43
27
56
19
37
49
0
81
37
20
58
7
24
21
60
39
-20
51
34
69
20
58
64
68
49
25
52
24
8
23
38
22
35
33
37
66
35
1
39
-5
68
34
-9
17
26
27
26
84
-2
32
34
-38
66
69
56
73
-14
11
-12
25
27
11
34
48
56
36
3
55
28
48
11
80
45
50
48
81
109
116
8
20
-4
-41
17
16
-45
27
109
71
-5
0
-3
44
-8
22
26
35
3
-4
19
86
22
-2
-8
29
13
32
43
37
23
50
29
26
-19
48
68
9
37
-2
25
5
65
70
34
52
9
6
20
22
57
1
53
38
87
73
52
-18
11
16
6
-6
75
21
56
20
12
35
29
66
37
32
38
39
6
0
-25
32
6
12
20
53
59
65
21
80
34
32
35
11
57
38
44
43
-19
4
49
29
33
13
92
54
37
19
22
-10
23
24
5
26
23
52
58
25
28
39
10
93
6
22
38
76
-1
107
41
-2
54
9
32
20
50
48
26
17
56
18
21
21
-19
4
9
23
-12
38
21
16
52
24
29
28
51
67
-27
-19
60
64
57
22
57
53
18
60
7
20
-26
32
33
38
76
66
29
40
32
9
53
38
-3
-2
34
32
55
28
19
17
49
34
45
10
66
5
23
27
-3
77
137
212
53
28
-8
-65
-33
-50
-30
20
3
68
37
48
-5
56
81
117
90
28
-2
8
29
0
1
36
23
70
17
67
69
51
44
37
24
52
59
61
35
23
-9
57
-18
41
11
5
-4
80
17
51
92
21
3
85
82
26
3
25
19
60
33
55
25
-17
55
55
-3
38
12
36
55
28
59
9
48
33
20
58
36
33
38
32
25
17
13
21
25
18
1
45