0
5
-36
-38
-55
-68
25
21
57
40
101
52
33
16
-2
7
0
43
28
210
203
201
68
6
-78
-66
-5
18
129
162
183
227
153
212
139
-24
-1640
-1260
-763
-124
-17
-135
616
-114
625
1032
438
133
346
2047
1699
1188
826
560
392
278
200
141
106
84
67
55
48
42
36
17
-83
-321
-792
-2048
-2048
-1932
-1330
-871
-589
-395
-261
-168
-88
-38
19
102
118
-119
-66
-36
-12
0
7
13
20
21
23
24
26
75
293
512
1191
1285
1481
1507
1553
2007
1731
1241
886
592
419
288
184
122
80
43
-73
-121
-13
119
-13
-183
-125
-65
27
4
-281
-168
-87
-202
-289
-114
172
70
-152
-302
-275
-58
402
580
360
114
-37
-171
-254
-120
-97
-194
-253
-152
-482
-407
-267
-162
-33
60
70
161
88
176
155
232
252
226
116
32
-70
-10
-106
-150
-117
11
60
56
-58
-6
20
35
81
55
59
106
178
188
160
53
-73
-116
-98
12
22
-50
-37
-12
-68
-151
-89
-9
-7
-20
-29
-52
-145
-103
-134
-137
-274
-227
-61
70
227
298
147
91
60
38
-26
44
-43
-11
-13
27
103
131
60
102
67
-25
53
53
71
93
61
8
21
51
40
114
103
75
76
-11
37
19
19
39
50
42
24
23
40
27
18
34
-29
-43
-22
12
67
34
53
96
8
-17
2
-36
-4
48
56
21
32
131
93
72
7
51
98
-58
-174
-198
-154
54
81
155
-4
-71
-33
-2
9
24
32
60
106
89
113
120
154
121
69
7
19
3
17
59
-13
84
137
165
105
49
43
-37
8
-6
-92
-40
28
66
140
52
60
33
-24
-23
52
72
-1
8
25
54
-40
-34
-8
-11
146
234
317
298
6
-82
-201
-229
-158
35
181
137
105
38
28
1
-118
-102
-76
-51
36
81
41
36
93
121
56
76
55
88
8
0
-13
-11
18
64
89
52
97
42
44
17
-17
-2
141
43
18
44
-21
65
23
-53
2
-22
-76
-20
-9
1
67
89
74
131
54
10
37
17
48
29
25
26
-71
-21
0
18
-21
36
48
45
49
82
132
140
22
32
-5
-5
-33
76
-101
-4
0
8
-50
-38
167
267
39
-17
-71
-42
-75
-152
-19
-37
36
11
-76
93
-2
96
-25
-17
24
-23
75
89
122
17
56
-18
-5
34
26
51
104
90
87
74
-11
-29
-5
-2
3
-10
28
49
9
73
28
32
13
80
28
97
43
64
76
51
68
118
21
-36
72
80
48
50
60
34
91
61
35
17
51
33
-2
51
22
43
-20
1
26
43
43
11
51
12
58
13
65
2
54
20
-21
60
65
49
55
67
22
-22
36
44
52
20
45
12
50
53
85
59
28
-7
29
8
9
10
11
17
16
25
45
16
11
32
36
80
50
3
11
4
25
32
73
19
65
-14
70
37
50
19
-23
37
23
19
49
17
-2
-3
26
21
-10
38
83
41
38
51
7
75
59
26
27
35
26
70
51
0
-35
3
-4
38
11
43
42
-25
60
29
43
19
35
20
21
90
148
112
156
164
115
69
-72
-135
-148
-125
-57
-36
-9
8
55
16
44
74
37
7
18
34
22
52
4
0
48
52
37
19
33
39
39
58
40
58
74
19
43
53
60
20
39
11
8
32
12
1
45
24
43
53
26
22
2
35
37
33
43
48
48
28
52
7
20
-19
55
0
67
88
20
-28
26
26
36
27
24
55
55
59
42
-14
42
40
2
44
19
22
-8
36
50
48
23
24
-4
49
44
25
2
24
56
51
9
9
36
7
52
73
64
27
18
60
43
34
19
37
40
4
4
20
27
60
58
33
67
36
64
21
49
41
50
48
18
34
34
40
55
37
17
-2
48
24
34
43
-9
-1
54
91
37
48
34
16
20
25
12
17
20
40
48
35
56
8
-3
4
19
53
54
69
18
-9
41
0
-4
36
81
43
33
40
24
37
0
37
35
-14
44
-1
37
10
38
2
64
22
-13
51
68
-8
-9
0
7
11
27
13
26
17
42
8
23
-27
38
43
26
-1
-34
8
51
90
27
17
37
24
59
-3
51
10
32
35
36
51
8
87
39
56
75
33
54
41
55
92
4
20
23
25
70
8
68
73
6
28
58
39
-17
37
25
52
52
23
-5
-40
7
9
-23
59
40
53
113
49
81
10
19
-7
-49
8
41
65
60
82
24
69
68
23
25
16
24
26
32
21
24
36
8
6
34
60
23
75
119
71
70
23
-11
17
-6
42
19
8
37
4
66
-29
39
37
25
25
83
75
70
41
75
85
53
70
43
32
71
-13
10
39
13
59
20
48
42
27
33
35
50
58
59
92
19
23
52
42
1
38
54
61
24
51
41
56
28
11
24
56
-2
8
-19
-13
18
52
13
17
3
1
40
35
-8
58
45
39
25
-3
42
56
2
35
64
37
65
53
22
69
22
44
54
48
38
69
13
23
-20
54
44
24
20
23