0
54
77
49
48
42
100
19
-11
44
1
29
18
73
-26
97
52
19
18
41
-27
5
-13
43
49
41
67
-27
16
48
37
54
16
5
52
32
65
53
23
6
-2
22
4
25
19
35
54
39
41
-33
-1
23
32
11
38
71
-6
4
49
37
42
40
96
66
39
-14
20
51
3
39
-2
37
22
71
6
36
35
55
19
119
29
8
34
12
51
2
12
54
59
49
59
29
80
22
64
35
-53
113
20
38
29
19
16
1
57
25
43
43
16
7
57
68
24
38
64
36
26
33
17
-2
88
59
18
8
89
11
49
12
100
21
32
36
91
55
23
65
87
57
131
121
16
64
25
45
9
9
-21
0
-9
-50
-39
5
-37
28
-35
24
100
64
70
39
51
0
85
-8
54
53
84
26
59
-69
42
3
54
20
75
74
28
116
4
41
96
124
89
7
9
-25
-11
37
54
37
76
28
58
59
82
17
9
83
85
34
65
35
32
67
90
32
-11
-38
87
22
100
38
65
27
26
55
38
49
38
41
-7
3
-24
69
55
129
150
54
149
-4
20
-11
-29
-91
-101
-166
-90
-74
-85
-104
-180
-78
-7
-88
-50
-44
-132
-39
-17
-76
-134
-171
-85
-126
-58
-18
20
32
39
58
61
125
66
24
5
91
43
26
103
56
96
152
196
221
118
66
2
65
56
102
84
73
120
33
82
160
72
87
-6
-38
-19
-9
-34
-40
-70
-71
-88
-36
-85
48
26
-7
40
42
21
39
55
44
121
48
76
113
155
134
84
134
120
104
178
167
176
96
75
70
179
113
72
72
103
156
112
58
64
50
76
122
74
38
38
60
32
0
-5
34
7
34
28
81
3
39
40
23
65
22
49
-6
16
7
54
-18
32
44
38
73
39
96
39
34
-55
50
69
76
130
86
91
128
40
68
71
7
-5
-3
33
-21
-43
-40
-11
-4
5
49
3
-21
29
-26
-83
-92
-8
-40
41
87
61
42
-9
0
-72
-27
10
39
60
5
97
50
41
-7
52
84
25
66
23
5
75
123
91
60
36
43
36
16
73
64
51
93
116
67
28
-56
32
-9
-22
5
51
24
-5
-19
64
65
67
5
-30
-7
16
35
1
-14
17
41
66
-17
-33
-57
-20
-5
-34
10
32
50
20
57
70
98
41
8
36
24
-33
-55
-83
-4
28
4
5
35
0
24
-4
21
9
41
11
24
8
43
34
67
39
66
77
42
0
89
87
21
36
71
-5
21
8
-7
32
17
33
52
32
52
72
88
40
84
-10
-2
41
17
33
49
10
-37
28
38
54
18
58
-21
73
25
-87
-25
17
-26
1
-10
115
-25
43
36
89
-4
105
2
129
-7
36
5
72
115
48
35
10
42
12
17
48
-9
-2
115
36
26
54
-22
52
41
41
90
-11
-21
48
41
27
54
34
18
11
37
85
-2
12
-4
3
-14
66
8
10
43
76
32
93
18
81
-61
73
161
52
152
69
86
-35
7
56
86
-13
41
10
23
-4
43
43
83
-7
-36
9
-60
43
6
-35
48
-10
19
65
6
36
43
26
-24
-11
21
48
134
66
39
10
-22
-7
-45
4
52
57
24
21
58
37
35
124
220
163
177
208
160
76
106
41
-13
-8
59
55
81
34
41
-18
1
60
82
150
52
69
-85
-119
-119
-115
-42
-58
43
93
-52
-102
-87
-26
-78
-122
-101
-106
-81
-58
-12
-34
-55
-20
-52
-33
9
21
27
97
-12
93
39
-3
103
72
74
80
72
104
81
70
37
9
-12
21
4
25
11
2
82
25
91
37
-3
69
57
-10
89
12
-3
0
22
-4
-35
-66
38
25
54
1
36
54
-6
113
87
86
74
40
51
66
10
38
2
73
19
48
49
91
65
4
43
59
44
-12
-3
11
6
42
-24
35
42
39
32
25
105
0
24
71
37
-21
19
26
26
-4
-13
51
25
50
70
50
73
58
41
53
65
48
-45
105
-26
6
69
26
49
42
50
69
57
27
36
41
10
37
-8
72
60
50
61
64
60
35
76
21
0
39
12
53
21
105
38
105
66
-9
-40
54
3
27
44
38
12
68
3
19
-21
10
0
71
34
57
42
41
58
59
21
37
64
57
28
35
44
53
27
48
81
64
-19
54
21
4
-24
9
66
50
22
17
-24
7
102
50
51
39
66
40
0
6
18
-1
17
11
6
10
-13
2
38
18
42
76
72
43
116
29
34
91
39
70
39
42
10
12
-7
-1
1
44
50
84
76
26
22
3
12
43
6
7
16
37
21
41
-7
-13
9
-21
26
28
-25
-28
12
0
60
33
11
-3
67
28
58
81
69
81
38
3
3
28
18
51
53
53
72
67
102
67
48
20
67
97
18
16
9
29
55
104
17
10
33
115
195
153
88
-71
-45
-164
-163
-40
-25
-51
64
16
56
43
25
9
41
86
32
36
53
53
98
45
-37
-28
5