0
1232
1057
761
501
387
259
168
35
-28
-195
-151
-137
-165
-209
-327
-449
-521
-372
-184
-169
-43
-2
-76
34
156
168
73
84
187
114
-55
-180
-110
-151
-104
-40
75
56
28
210
163
129
65
10
-39
-67
-5
-40
-56
-5
3
-37
19
35
-10
12
-2
67
1
22
-21
18
37
8
56
70
-3
-18
107
1
5
42
93
4
33
51
8
22
42
42
-9
-5
5
36
10
-20
34
6
-5
36
57
35
12
-9
7
26
-11
-67
57
112
215
342
156
25
-106
-81
-54
-98
-82
-93
-76
-30
-58
-30
-69
-44
-13
55
25
-28
-9
13
16
27
8
73
26
-3
39
-13
-26
19
24
0
29
68
29
-13
4
-14
37
-12
-9
-37
37
37
8
25
-81
70
-29
-11
3
34
-2
18
18
-28
-26
-17
6
-33
8
-11
20
21
20
166
-77
-91
-103
-70
41
-73
18
-59
50
65
54
2
23
172
137
84
-19
56
-124
82
-12
-20
39
-87
-108
44
-46
87
172
42
76
74
-66
24
33
36
22
17
64
48
57
82
58
45
35
171
167
38
-33
18
4
-8
85
68
38
64
59
32
12
54
37
11
26
50
26
-5
12
54
17
7
41
9
24
20
11
24
24
1
12
55
16
35
32
28
-35
51
57
17
122
243
285
165
75
-129
-220
-157
-187
-125
7
7
41
145
76
57
27
36
16
-9
-10
-41
-6
-18
-17
16
8
48
24
-4
-7
28
-6
37
4
-17
2
38
64
13
18
-29
18
11
68
54
72
-5
29
18
-35
26
-9
59
51
115
230
251
176
151
-60
-83
-17
-38
-5
8
-6
28
39
-24
-51
60
43
48
103
68
42
84
-11
-11
33
44
61
39
40
27
55
51
68
26
54
11
43
53
73
5
32
35
27
65
10
12
69
74
64
155
203
152
134
58
-50
-84
-162
-87
-21
38
122
82
130
107
66
-3
-8
-38
-56
-42
-25
-2
23
17
-6
43
21
35
50
39
35
19
33
29
-1
-10
35
22
20
51
74
34
66
53
54
76
5
8
11
26
3
7
11
27
20
21
21
34
81
18
123
192
135
-26
-67
-89
-66
-25
-10
5
17
27
27
26
9
11
-14
7
-18
12
-4
7
6
38
61
17
42
29
50
0
51
38
55
53
28
18
45
32
43
50
19
25
0
28
80
41
28
-2
34
44
38
80
48
24
45
86
59
17
50
33
26
0
44
59
-1
26
28
10
32
65
22
3
48
36
40
-20
18
41
44
36
40
124
42
7
-11
16
-10
35
49
28
23
11
5
9
26
2
49
76
150
22
-7
23
-4
9
-1
40
26
39
36
38
35
35
33
9
25
6
44
34
35
50
32
35
38
27
44
67
49
34
11
12
67
27
58
8
18
37
42
26
12
33
-9
68
-3
23
16
11
28
28
22
39
25
24
22
9
16
34
34
73
37
90
66
7
52
25
8
3
16
5
9
12
90
65
60
9
16
45
3
56
72
3
32
22
35
3
36
73
38
34
9
56
38
34
59
-1
-11
41
7
-2
7
-28
26
27
33
59
42
25
160
198
233
219
73
-21
-109
-140
-138
-74
-41
-33
-49
-17
-19
43
45
67
107
57
57
17
56
54
59
13
38
54
65
66
60
109
32
2
-52
39
53
42
12
40
4
-11
101
48
51
54
66
42
43
41
1
43
23
-11
9
27
50
70
70
6
36
22
73
89
129
88
128
44
-40
-44
-73
-57
23
-5
-23
-1
25
53
24
39
29
49
81
108
98
197
215
136
-21
-123
-164
-87
-82
-38
-17
28
25
39
19
10
38
8
35
54
50
64
48
34
37
33
29
51
51
49
45
53
34
36
27
10
12
13
56
26
17
19
64
39
37
37
-2
8
39
21
53
48
18
11
48
38
24
36
29
48
16
28
56
41
37
50
51
34
37
6
45
51
51
37
81
17
64
26
26
13
38
35
51
16
66
32
38
21
-38
36
33
26
27
21
38
16
7
-3
2
-10
27
7
28
32
23
-18
57
64
73
34
9
115
88
48
24
17
5
28
42
41
26
42
-1
23
3
56
57
40
17
19
-43
104
59
-1
21
-19
7
4
66
44
81
23
9
39
50
53
21
29
52
12
60
9
55
16
18
24
45
18
20
9
41
26
33
48
58
67
83
26
26
12
9
-8
27
23
9
34
16
10
26
55
-12
-12
37
51
19
44
71
91
70
25
59
54
64
34
42
-8
37
26
25
33
28
36
56
19
1
43
-17
20
34
24
52
121
112
-17
-53
-42
-23
0
36
27
44
9
6
1
92
39
18
43
27
1
-19
26
56
41
44
-1
87
69
69
35
25
-3
20
2
52
25
33
-2
21
34
16
81
85
83
35
29
-18
86
-13
33
-24
-5
-19
-9
44
48
67
0
61
17
39
48
23
21
25
29
-12
76
64
85
43
27
-26
65
113
11
-6