0
40
102
28
66
84
-4
9
41
17
26
16
0
53
26
57
17
25
61
44
24
54
33
29
40
35
20
60
24
58
8
22
32
50
37
17
48
34
17
27
49
71
-3
7
118
21
1
20
-5
73
48
12
69
86
11
40
73
87
21
25
25
-18
60
23
61
55
58
97
27
4
90
96
42
-170
-114
-114
-86
-41
19
69
1
132
88
26
37
83
35
101
112
73
33
-21
17
-1
65
9
55
36
-30
28
96
-8
44
26
21
87
73
8
-4
32
51
89
77
51
55
-19
84
51
16
-22
55
-17
17
2
25
60
56
98
42
-2
-12
-7
-6
4
57
80
23
57
58
89
11
50
10
32
52
-8
66
101
45
16
71
59
96
216
189
-22
-44
-72
-17
-22
-65
-1
-4
56
76
96
60
75
17
71
16
12
75
20
20
0
-18
60
9
4
2
42
3
57
59
6
9
2
40
38
21
25
-11
33
146
-60
-8
76
8
33
68
38
67
59
7
11
88
-40
69
20
11
61
38
64
8
-2
25
36
-11
-3
-7
-46
56
74
39
119
34
61
71
49
-19
-4
-35
43
24
17
27
53
189
226
123
-6
-82
-59
-72
-37
19
6
52
18
-27
57
38
54
35
9
-9
-6
70
38
48
-22
50
33
33
-6
18
-4
11
64
34
38
32
11
68
-1
-2
54
84
60
73
22
11
-1
36
87
124
20
66
85
42
19
-5
3
-10
16
1
17
60
4
-3
28
-8
53
19
6
23
-14
28
-35
69
26
24
43
28
34
52
11
26
39
82
19
9
40
21
40
66
152
97
136
102
-11
-69
-122
-115
-65
-43
10
33
67
69
53
43
36
20
34
12
0
5
37
69
16
11
10
25
32
61
44
52
44
17
75
73
68
56
-7
9
48
26
24
51
43
34
22
42
32
42
39
44
53
84
45
91
-14
113
4
-7
74
11
19
-2
2
57
41
55
-4
103
24
26
-19
-27
67
60
1
58
64
82
-14
71
85
28
-18
16
8
57
100
-51
-81
-76
65
67
69
-5
24
28
61
35
53
89
82
88
23
58
33
44
49
43
49
170
245
149
137
56
-113
-82
51
71
146
84
171
163
-94
-50
-182
-243
-230
-140
-120
-27
-10
24
-25
108
76
90
101
36
135
66
96
41
290
210
-44
1
-73
-45
-65
-26
-17
43
13
28
27
22
-2
-3
80
102
-50
107
75
37
52
-1
10
40
71
36
54
45
52
41
0
72
21
71
65
38
-18
-17
41
2
166
112
106
64
154
-49
-11
22
17
52
-7
28
129
44
144
240
423
282
48
-131
-129
-278
-291
-163
-195
-121
-36
-9
64
59
84
118
89
122
57
55
84
93
-5
39
37
-24
8
75
-22
103
0
182
5
6
39
19
-27
-74
86
13
-54
-12
-43
7
60
33
28
59
49
39
99
59
2
12
48
-17
91
-24
-9
18
113
49
67
64
97
103
41
107
72
7
29
80
19
-17
105
114
44
193
125
167
261
201
116
76
-60
65
101
66
60
56
82
33
97
-56
102
-37
-36
-29
-70
17
64
-2
49
54
-3
81
7
-27
44
-26
2
-3
50
6
71
-33
-45
70
112
2
137
9
58
61
43
151
68
5
-10
-29
2
-52
36
52
72
17
-56
-8
-58
-10
66
89
-53
138
53
55
3
10
-74
85
48
-19
8
130
1
-18
-38
-4
86
89
22
53
12
88
-14
-43
18
71
19
11
5
93
-11
6
76
171
69
194
120
187
85
-51
-166
-73
-121
-123
-113
-99
-28
-105
-188
-140
-104
-83
-168
0
-30
-164
19
48
3
53
58
16
-3
65
116
48
-25
-34
37
37
114
22
107
165
247
192
107
-9
-134
-249
-171
-93
-291
-164
83
-110
-19
259
372
357
27
-85
-34
-67
24
40
29
8
1
-43
-3
-45
37
85
98
104
119
67
112
98
152
55
68
17
19
-17
24
-12
24
11
37
52
54
25
19
43
41
51
33
17
4
32
7
-8
40
7
53
34
48
27
18
74
9
6
27
-35
38
35
24
32
60
28
66
28
-4
55
59
88
60
86
34
17
9
21
7
18
25
17
38
4
23
42
67
54
91
56
39
19
19
-7
40
-6
7
27
44
11
37
25
18
-13
56
80
52
53
41
41
13
4
-4
55
8
119
81
25
29
-51
-1
131
172
64
33
-11
-57
-53
-17
12
42
34
32
40
9
32
19
36
75
36
-2
33
52
38
39
70
33
33
41
18
26
5
67
38
43
37
28
39
20
61
20
35
37
55
17
8
19
22
-53
5
43
1
10
65
43
6
5
28
22
11
57
104
34
33
65
33
33
28
89
80
34
69
84
93
199
179
204
88
34
-73
-115
-198
-137
-119
-8
55
80
43
27
-19
92
113
24
71
7
38
55
32
18
48
26
36
48
42
55
16
28
3
21
27
20
35
51
36
106
45
44
34
36
64
70
50
37