0
-390
-380
-267
-154
-82
3
77
88
116
120
84
145
86
84
66
105
128
105
72
59
93
61
70
92
35
21
82
1
27
66
61
24
28
64
7
8
34
2
16
11
13
70
49
60
27
35
85
57
21
0
33
2
64
186
252
252
139
65
-89
-151
-98
-82
-98
7
8
16
64
88
134
195
6
-60
-117
-102
-76
-54
21
13
66
51
66
37
52
49
117
11
23
11
34
88
49
87
140
187
-5
-28
-72
-18
-25
-2
-2
35
74
26
52
40
56
20
9
7
64
52
19
40
25
49
38
66
19
27
36
60
71
152
153
57
-20
-65
-73
-94
-26
-53
-7
34
58
118
178
235
124
22
-29
-65
-35
35
12
155
177
203
89
-22
-94
-122
-65
-75
-46
-58
35
51
51
40
38
60
12
69
44
81
70
26
-7
54
41
11
18
9
36
37
28
23
28
21
4
18
24
18
35
2
0
-2
-35
-42
2
51
27
42
54
12
-4
51
66
29
-24
42
86
76
100
-4
-42
-13
3
17
8
88
83
55
26
73
17
8
48
48
50
53
19
51
24
118
215
154
18
-66
-76
-21
-28
-1
27
-2
74
72
23
24
42
51
20
17
10
-2
25
34
2
50
20
44
77
36
60
2
58
49
38
9
50
87
114
91
-24
43
-1
-2
58
91
145
102
70
66
-12
-10
12
64
26
-17
20
70
24
55
45
27
32
42
37
12
98
162
209
162
21
-59
-89
-90
-125
-22
-36
-60
35
27
80
35
107
64
70
97
77
53
49
37
12
59
59
34
35
26
41
39
12
73
44
85
69
75
48
-42
-17
-1
21
37
86
55
41
35
42
8
54
70
87
20
6
-4
-19
40
10
-11
-22
-10
-2
10
16
-2
7
19
27
101
93
56
34
2
81
37
18
11
-3
56
8
74
53
2
28
11
17
-25
81
16
7
26
53
37
25
32
52
25
38
37
-3
45
17
29
25
22
80
42
25
51
55
-21
-6
-19
64
64
57
25
36
65
-13
49
40
113
52
-3
3
-5
-5
48
75
57
36
1
-22
10
-39
4
34
50
44
71
53
19
5
66
58
51
3
37
7
49
52
89
27
-58
0
-4
-3
21
11
0
84
16
68
97
74
115
123
53
49
60
10
20
27
-6
4
49
-28
75
25
-22
36
-3
40
67
32
22
38
60
56
87
64
18
60
25
72
27
73
13
41
19
16
10
26
51
-5
11
37
34
-20
-17
45
18
66
37
33
82
28
107
105
80
29
3
-6
26
35
98
184
18
7
9
0
-18
18
52
28
26
3
76
23
87
86
96
26
33
26
25
52
26
22
58
50
27
33
5
28
13
6
19
52
23
32
-12
48
5
-14
-11
32
18
22
9
23
54
26
64
44
32
64
55
65
56
73
16
12
21
-19
36
3
37
45
45
28
24
7
66
37
-2
8
-11
37
25
7
20
9
41
69
66
68
108
35
27
49
42
39
57
42
96
52
35
43
60
32
37
24
19
35
6
-20
-9
6
27
16
43
53
8
11
-9
42
48
90
70
75
40
22
12
6
18
91
71
45
5
55
60
55
17
33
84
55
37
-5
21
58
25
23
57
43
27
54
54
24
29
59
74
56
100
115
54
44
97
60
24
66
-6
2
5
-1
-19
49
35
-19
-28
-22
-9
8
28
0
-13
6
-2
-9
-25
7
19
52
-5
38
88
33
54
-9
38
71
2
73
73
-2
12
37
65
60
49
48
10
6
26
89
19
34
18
-9
60
6
26
42
36
27
-20
33
-33
6
-34
29
16
36
35
27
7
-27
8
66
43
39
132
41
22
-11
21
25
123
-1
35
51
33
-4
22
16
58
44
60
9
19
17
51
18
28
34
64
8
36
35
18
67
43
16
21
84
20
-17
38
8
8
81
-20
-9
-2
43
21
-9
12
9
59
34
27
71
50
-2
23
73
91
90
92
97
149
103
107
0
-54
-90
-101
-43
-87
-23
-38
-2
24
57
54
53
65
71
52
-27
10
27
50
0
35
40
33
-27
16
55
37
16
74
20
40
-2
32
11
9
9
21
32
32
54
21
17
33
13
33
8
25
59
51
34
67
42
24
8
6
50
-3
3
8
41
55
32
57
-40
64
18
10
54
19
18
8
49
69
36
29
27
52
-9
28
40
-4
84
19
24
-20
51
58
53
12
35
45
12
55
26
69
-2
65
107
-1
35
26
70
36
23
49
44
-6
20
65
50
26
41
25
40
1
2
51
21
97
75
16
20
12
12
-6
66
19
56
72
22
25
33
66
28
36
7
23
-13
44
27
28
56
50
21
39
13
71
58
4
41
42
5
56
8
69
-26
16
50
33
16
57
35
-5
51
66
43
17
48
-25
38
-3
16
59
48
41
-11
50
23
59
51
2
23
75
60
18
42
43
24
71
22
55
1