0
65
5
70
41
18
52
3
35
38
65
36
17
41
-10
12
52
74
-18
21
44
59
23
28
32
9
27
50
36
76
20
-8
36
55
-21
34
40
7
37
73
50
2
34
6
41
16
-10
49
45
25
22
59
29
12
26
41
70
26
23
-2
41
50
74
26
32
99
39
21
13
45
20
32
45
42
17
19
28
12
40
-8
50
26
41
23
67
19
39
20
10
2
17
24
18
11
44
10
21
-8
58
43
53
-4
17
53
20
34
57
55
25
37
18
70
-7
48
75
41
39
23
19
28
67
5
-3
6
-10
-13
50
18
13
38
10
40
-9
51
58
53
45
11
57
57
51
45
16
2
5
76
9
1
60
20
40
44
27
61
84
9
16
-4
34
8
21
21
32
28
32
53
34
60
37
53
33
21
23
43
-9
32
12
42
6
7
-5
33
2
5
35
48
38
-22
58
82
-8
41
56
38
56
5
16
58
18
38
48
40
22
-17
39
33
12
32
43
20
50
-4
32
75
26
53
1
23
33
49
35
12
0
36
44
37
1
25
66
26
32
22
44
22
39
7
26
42
32
10
55
37
23
60
42
67
3
32
6
76
22
9
21
25
67
59
42
38
-8
1
90
52
34
28
92
54
51
45
20
34
37
52
58
54
10
67
64
53
104
57
-11
-39
12
16
-6
9
17
23
27
37
27
40
44
65
27
107
52
81
128
139
108
76
92
17
-9
-23
-12
-26
17
16
41
-6
21
40
5
-34
-36
-50
64
81
42
-5
-22
-42
-70
3
-8
7
25
44
74
5
-17
70
24
3
-4
9
57
21
58
101
161
54
106
11
37
-2
28
-43
28
-9
-8
4
1
7
0
51
52
101
44
28
39
39
66
34
72
104
40
51
54
36
10
17
1
-4
-11
-23
3
29
1
41
6
33
43
21
26
23
101
43
21
20
-7
38
21
-8
-7
19
-19
88
41
67
35
20
55
38
21
69
26
39
83
28
3
48
26
51
1
8
19
12
16
10
22
21
-6
27
20
42
26
76
48
39
83
33
7
-73
82
9
13
-5
18
50
16
40
54
68
38
37
56
61
36
13
12
-19
4
8
35
148
208
227
210
177
32
-134
-202
-105
-122
-70
-40
-40
17
33
9
80
38
28
53
39
13
21
59
48
82
10
0
-28
19
-5
40
73
52
67
23
-39
72
80
23
-19
1
-28
-24
-65
-34
38
28
41
33
26
65
105
97
29
-12
42
80
86
40
59
77
6
-38
18
50
28
48
52
49
83
24
-4
28
22
33
6
9
26
43
28
48
74
49
36
26
-11
18
9
21
16
43
76
36
12
23
51
49
-11
51
28
44
16
13
6
19
22
-1
20
8
-22
33
12
32
-2
0
67
23
45
26
16
41
28
33
54
50
32
8
21
-1
33
39
11
44
-7
36
21
80
24
48
44
38
38
1
33
37
-5
56
40
69
24
54
37
9
34
57
71
85
10
32
5
-4
51
53
57
84
49
34
7
10
35
23
23
32
36
42
87
41
55
41
50
51
21
-10
1
9
1
-7
33
17
20
16
8
24
55
17
28
36
57
-1
58
99
12
33
-9
37
33
69
-7
24
11
-1
1
26
7
64
34
3
38
60
41
71
54
22
34
4
-13
26
38
33
25
5
21
-6
53
33
96
-9
11
64
22
58
25
117
33
1
-9
4
23
22
8
-6
6
44
23
17
35
10
18
6
0
42
7
18
16
36
50
21
43
98
28
6
17
48
25
1
54
17
53
40
6
34
61
82
53
40
19
35
27
20
22
23
-1
34
25
36
-4
48
37
38
51
11
36
21
19
-6
-8
27
43
26
9
1
11
18
51
7
7
18
32
32
6
57
6
11
34
40
27
20
38
22
48
54
10
20
8
45
57
52
37
40
42
48
21
19
6
34
5
8
36
60
58
8
70
59
55
39
-1
37
43
7
39
5
-22
59
19
-3
83
33
70
50
21
12
39
48
16
-1
34
19
33
38
17
32
29
54
37
65
6
8
34
60
81
55
-3
24
-25
25
50
44
17
56
32
52
41
57
16
7
28
44
9
-2
96
-9
10
38
73
27
90
41
67
43
27
37
40
53
4
19
36
32
27
22
42
48
60
56
11
56
52
10
-19
54
2
19
20
39
35
26
57
37
36
69
44
11
68
17
26
25
18
24
41
0
-5
27
60
-10
-24
37
12
6
56
74
7
89
2
3
92
117
115
213
264
113
-56
-26
-65
-43
-1
54
11
-1
-71
-17
13
19
10
17
27
4
8
27
19
72
50
-7
-4
74
18
64
41
64
54
8
43
3
40
48
45
8
-3
49
61
77
69
4
19
-30
26
48
22
73
39
39
25
44
48
6
75
73
76
9
5
64
26
71
45