0
0
0
0
0
0
0
34
120
83
64
112
-7
-90
-259
-339
-309
-251
-161
-146
-82
37
68
72
84
97
99
105
61
54
66
86
64
81
65
56
11
45
70
68
18
22
32
33
67
23
7
56
5
92
164
179
168
122
69
-53
-107
-129
-120
-72
-7
21
51
48
67
34
34
37
74
-22
2
27
-34
28
40
27
5
41
43
56
53
84
54
20
53
66
68
65
-3
2
32
53
18
28
4
8
-20
74
39
72
71
51
-4
39
54
85
129
66
-51
-38
-40
39
21
28
-11
39
38
22
12
20
83
70
39
57
32
25
52
22
76
35
52
60
32
-10
50
2
-12
-7
53
71
59
41
28
40
12
28
7
9
84
41
108
130
198
128
43
-6
-71
-35
-19
-39
3
8
2
-81
51
53
70
55
70
-38
1
-23
22
20
19
36
1
-12
35
5
-20
64
85
-2
16
-3
12
72
54
-6
36
22
53
27
4
0
41
35
22
16
69
39
41
27
21
28
83
11
73
33
32
53
32
9
10
69
64
52
60
6
-30
35
60
21
51
42
-6
50
-1
56
56
12
48
-13
-12
-7
53
10
52
42
28
50
42
-18
60
18
52
12
-2
-7
84
-10
53
9
43
50
-6
-6
51
48
4
35
36
35
56
57
86
58
10
24
86
35
56
56
34
5
1
8
5
58
89
54
125
163
163
108
21
-50
-52
-4
-35
16
11
33
64
43
51
7
26
58
-12
-27
-5
-5
57
24
52
3
86
6
72
37
19
19
37
25
41
-8
41
40
5
24
36
56
16
64
96
34
39
-10
43
72
23
35
37
-3
41
19
37
67
83
21
26
36
-34
64
77
5
-18
-40
17
-7
-7
-36
21
58
24
-9
19
51
26
57
12
44
44
39
42
26
-25
53
77
13
76
54
57
-18
33
36
42
25
64
28
23
9
6
16
20
74
68
74
48
64
10
18
7
40
20
48
48
24
4
34
40
59
12
12
13
-3
34
17
58
51
39
0
39
-43
96
134
88
56
12
-4
-35
8
20
4
50
56
-5
60
42
17
49
59
66
53
53
40
27
-5
-36
50
7
40
-5
50
39
25
17
37
55
17
-11
11
-30
37
4
44
40
26
71
41
-1
45
57
73
0
85
156
59
-25
-11
20
1
-28
48
35
27
0
65
86
44
72
42
33
40
8
71
20
64
32
55
51
11
-18
-28
56
82
40
20
55
75
64
19
-8
70
54
43
55
24
55
49
65
18
98
58
10
7
-11
6
-25
22
9
39
-11
25
56
45
41
41
1
44
37
10
52
132
121
59
5
-44
-4
43
73
33
-1
8
22
83
-36
-21
48
19
58
59
65
32
51
-3
22
86
59
60
70
52
25
20
32
18
-34
8
42
41
19
-5
-1
36
27
52
-9
48
0
72
41
43
10
20
35
83
66
74
40
8
10
27
8
38
0
72
18
1
20
10
6
75
36
33
32
22
43
36
39
-6
23
60
52
129
51
28
43
28
22
40
10
66
54
86
-17
-8
64
-1
11
99
140
10
10
1
-8
48
55
26
37
59
43
35
43
50
12
32
0
40
56
-37
74
10
-1
-9
34
38
56
50
73
51
104
-1
49
37
11
13
25
1
59
12
22
26
27
32
-25
67
32
60
34
-18
-9
4
37
66
32
-22
23
25
16
-9
29
7
59
55
25
48
13
17
86
-2
33
25
26
48
3
28
-3
49
65
61
38
75
66
34
5
80
86
3
66
17
33
42
25
55
86
89
27
75
85
2
-1
49
39
23
36
28
32
58
76
24
67
-8
-65
-181
-52
1
49
-6
72
83
66
-8
-1
11
41
5
38
-38
27
25
43
-23
138
-34
85
-19
-81
26
20
50
-22
76
72
21
17
88
50
57
21
53
18
64
17
68
83
40
7
53
22
23
-2
88
12
43
58
43
9
36
82
3
21
12
48
40
53
58
123
150
144
120
125
-40
-92
-101
-129
-56
-42
-60
-7
23
32
3
25
103
55
9
67
9
33
83
32
16
29
40
11
38
26
65
48
43
24
17
28
52
29
44
16
23
48
67
67
21
12
25
-1
7
25
50
53
9
50
28
97
43
28
66
40
64
55
69
17
-19
67
-18
2
26
81
69
-20
49
51
49
53
28
13
43
24
76
27
26
44
67
51
56
21
29
71
65
70
130
99
92
136
64
-39
-65
-65
-22
-21
-2
12
-19
-21
-1
106
135
149
131
60
1
-7
-39
-77
-43
-1
12
11
34
54
67
50
37
76
54
85
69
26
103
3
16
20
57
25
38
59
38
81
37
-3
13
16
4
68
40
22
26
57
11
18
20
57
2
39
36
37
16
41
38
23
-22
42
39
76
42
49
48
36
41
16
55
13
4
84
8
71
28
1
87
58
16
33
12
42
7
34
53
58
77