0
68
16
-18
21
-23
-12
52
68
52
55
48
48
59
18
23
-3
-21
26
50
6
1
58
45
25
13
39
4
26
18
-11
19
50
33
-3
56
55
-1
10
-2
39
64
41
18
18
2
5
33
50
-1
60
22
44
23
34
37
25
57
80
21
72
77
44
60
34
27
49
11
24
44
24
17
39
-1
18
33
18
60
50
22
59
44
58
12
19
48
32
49
25
39
21
16
10
17
12
83
33
24
49
6
12
25
68
40
25
39
17
64
56
58
21
28
64
-4
40
2
29
66
83
85
38
8
9
-25
-6
21
64
66
29
-9
56
23
0
49
76
28
5
16
-1
44
96
32
36
41
13
25
9
9
21
77
83
25
8
39
50
34
39
5
32
37
53
24
19
23
48
12
55
55
32
40
26
-21
0
8
-26
137
177
260
247
155
24
-103
-184
-129
-115
-42
-38
-9
57
41
57
52
55
83
19
-2
16
40
2
7
32
36
34
-3
28
20
5
7
25
0
24
-25
51
72
48
90
56
74
53
88
71
33
57
19
34
28
23
68
32
25
56
8
8
40
27
2
38
20
20
17
-22
10
52
67
88
64
99
1
-24
19
23
44
27
35
5
32
28
25
19
-1
-5
17
38
5
51
52
65
60
67
54
87
57
-2
-21
-38
11
67
49
28
57
37
51
37
11
19
9
9
27
41
82
-22
34
6
8
34
-3
17
8
41
36
50
33
23
41
45
100
167
225
249
166
153
-7
-163
-147
-104
-84
12
-43
10
67
83
52
71
48
21
25
82
42
12
1
-7
17
34
43
34
54
20
45
92
33
76
32
-17
-38
6
39
100
66
-6
41
13
7
29
-10
11
55
57
103
13
-4
24
52
34
0
1
10
65
68
4
-45
-93
-37
-10
22
43
71
67
89
64
44
27
77
27
34
60
87
21
6
39
6
21
67
19
22
22
51
72
68
16
41
52
41
43
28
42
26
8
-11
2
44
21
55
35
35
39
23
37
17
34
35
39
36
57
49
51
28
55
17
11
4
-11
10
3
27
18
20
34
51
33
34
44
17
177
401
243
52
-4
-77
-50
-70
-77
-70
-75
-3
-2
-1
-35
-12
27
16
36
39
48
33
39
69
55
10
57
25
48
55
36
52
34
22
35
52
41
37
44
18
34
-21
27
41
86
29
10
50
52
59
39
-81
-41
92
106
53
39
25
29
85
16
38
28
8
13
-14
18
36
-8
21
38
48
28
-11
-2
-22
19
6
35
41
53
40
8
1
16
17
5
54
23
36
34
58
89
32
-1
27
49
25
49
41
49
55
28
8
18
73
60
69
57
65
41
40
-6
45
38
28
64
-6
-37
29
22
-2
23
-9
52
50
57
121
81
34
24
19
-3
-1
49
49
32
44
51
52
52
28
52
67
65
101
152
237
100
42
-18
-10
7
-8
7
6
44
3
-6
59
44
19
28
-33
-9
-18
8
5
-13
-3
36
34
27
33
66
66
84
10
-34
-2
-28
50
-1
1
34
41
68
49
42
4
29
85
80
55
54
36
51
28
20
1
38
12
6
17
25
8
32
65
40
70
29
41
73
28
58
-28
20
38
20
33
42
1
22
13
16
22
59
65
65
32
10
39
3
-45
21
36
53
35
65
41
58
66
11
66
33
17
-11
29
20
88
59
34
11
8
52
20
57
42
39
27
1
29
57
83
16
-4
3
25
1
81
32
113
81
27
-7
7
-30
53
49
68
-42
22
18
4
-9
34
45
33
52
66
-2
60
72
-2
22
90
-7
56
-17
106
56
68
39
5
-5
-20
68
27
61
38
42
9
35
-3
32
52
20
54
77
59
48
4
7
-17
28
-37
-23
16
-12
5
33
55
40
49
93
58
34
7
11
40
36
52
10
71
18
36
58
-5
38
8
-17
96
56
50
12
32
11
-2
25
51
19
26
51
10
67
19
27
21
7
34
17
20
-33
12
38
29
39
60
2
65
18
36
23
37
65
38
38
40
25
6
16
50
24
33
60
23
58
44
5
-10
-7
29
55
-35
69
48
26
36
68
36
58
53
58
6
21
0
17
39
2
12
-26
68
75
40
16
37
18
17
7
-5
38
72
38
44
26
73
87
107
51
75
49
8
66
59
42
34
6
44
25
34
-3
-1
55
34
19
25
22
53
65
36
45
6
49
57
57
-4
-13
17
-2
12
5
53
6
28
54
66
96
81
25
-8
8
1
-1
22
59
42
76
57
57
68
56
50
29
25
11
16
9
36
20
29
53
32
41
36
27
40
50
4
17
44
39
43
-4
44
59
45
40
-1
8
48
22
56
6
43
-22
35
36
26
56
71
3
17
-42
-3
37
21
-24
18
36
43
67
35
6
22
34
26
55
51
-35
-18
-12
5
-28
-37
23
88
71
41