0
24
48
7
1
23
53
38
48
5
21
5
19
51
44
2
6
40
-9
84
101
75
-61
-18
58
1
48
59
10
9
2
-81
22
5
6
87
12
18
51
148
145
172
92
34
-42
51
27
228
251
102
-3
-94
-73
-82
18
-39
-41
-36
-3
-72
75
85
69
89
133
72
115
91
59
68
89
38
3
-23
-11
0
36
-9
17
9
23
3
65
81
1
-65
-35
-43
37
19
-6
43
34
75
60
7
-1
23
7
11
-77
1
50
68
50
83
101
29
54
57
96
72
40
72
18
19
33
19
27
2
34
80
80
57
44
54
2
-1
19
-36
91
34
19
97
34
29
11
7
19
59
67
33
82
-9
-39
-108
-41
82
37
5
1
-82
-38
-225
-341
-226
-228
-217
-106
183
108
-4
140
87
197
169
337
145
233
155
266
210
194
234
260
236
107
226
21
60
50
-56
185
233
180
139
17
-50
-104
-11
-25
-90
-38
-45
39
23
81
-37
49
39
-50
18
-65
19
4
-3
-101
29
-125
52
53
-70
-136
162
120
20
50
1
13
3
103
21
-50
25
58
160
35
8
54
8
56
28
17
48
22
82
144
105
133
-21
11
56
4
4
-38
-1
72
-22
29
11
-56
-53
77
4
42
77
10
116
84
66
-53
-85
-114
-125
22
26
-33
27
33
74
52
107
107
16
35
0
119
89
-36
-2
33
32
-18
105
57
-2
92
108
25
-137
4
34
52
55
154
39
-3
10
58
-44
-2
85
100
197
32
24
41
22
-117
-77
-24
-13
-39
35
128
-1
-24
-49
54
108
-1
104
88
-45
9
89
75
81
67
178
133
92
22
21
41
-36
-5
1
-2
44
18
-24
84
16
58
69
54
22
67
51
-2
-44
45
16
89
71
75
52
40
69
18
19
-145
140
60
11
33
21
6
11
10
11
7
10
41
11
27
16
-7
-28
11
20
69
16
36
102
59
35
42
264
354
147
65
-3
-56
-121
-129
-72
-86
-41
2
-50
75
49
52
-7
89
13
66
17
69
72
68
53
44
55
21
23
37
39
88
96
34
42
36
50
74
33
-2
-4
90
40
-22
-14
39
5
49
0
-17
75
33
21
42
5
27
64
-14
64
8
19
16
50
3
33
33
86
32
-3
11
8
65
16
42
54
27
18
6
43
40
20
36
13
19
4
4
-27
29
7
39
10
34
-10
-2
12
36
-3
-26
37
32
66
33
71
66
48
27
49
19
-1
-11
6
3
56
17
18
8
16
11
19
48
50
55
11
28
49
4
-12
37
-5
32
22
29
26
22
56
42
37
11
48
43
10
21
12
17
4
27
39
6
42
28
-13
24
12
-19
-14
-4
-12
23
-25
45
59
73
40
39
40
39
21
74
21
56
58
60
113
55
74
-14
52
6
-7
21
17
7
34
6
25
37
49
22
45
20
-5
54
73
67
96
32
133
65
84
92
44
58
60
65
21
24
-10
88
56
72
40
38
-93
-103
-26
-51
-28
-124
-19
-132
-100
-118
-135
-77
-37
-51
10
89
118
155
73
163
113
-3
208
205
160
10
122
119
89
119
144
122
176
54
103
-34
6
-50
209
26
82
-150
-148
-138
-109
-26
64
-83
-72
-98
-123
8
-60
99
131
155
76
28
134
84
73
-110
-109
-98
214
108
72
-5
28
132
105
176
210
138
98
105
-50
-41
-72
-154
-211
-238
-17
5
20
-53
91
107
-1
64
310
138
42
-73
38
-25
-19
-7
19
-2
32
-3
-7
27
35
20
-46
27
45
24
-5
34
26
25
61
108
86
105
66
-5
100
123
60
20
-39
0
-4
-70
-54
-44
59
39
128
29
36
20
-20
-11
-9
38
22
51
57
42
45
59
10
54
23
69
35
53
114
73
76
43
-14
-25
-6
25
-12
-22
-30
56
65
108
97
10
-7
93
91
16
70
12
-3
28
48
29
66
-1
20
11
58
88
84
71
34
-6
-51
-50
27
-7
-17
41
51
20
65
-21
44
11
51
10
19
37
-26
4
41
42
67
53
24
98
89
27
51
84
73
60
42
70
19
17
-17
5
19
-6
23
16
4
59
-49
40
98
17
38
60
58
37
225
-101
-104
35
40
-8
4
3
-21
87
34
44
5
19
5
0
0
37
64
-30
156
-9
66
57
-67
-72
28
-5
113
108
88
25
4
65
18
55
70
35
88
54
-11
49
45
-7
11
68
40
32
41
67
34
85
68
60
35
3
106
57
16
66
9
75
28
-23
8
0
-19
64
4
64
13
4
24
60
17
-17
-10
70
56
53
59
67
82
2
53
2
55
44
10
38
7
34
40
43
-4
38
36
73
52
71
8
16
20
-11
32
4
54
64
18
66
77
34
3
4
39
42
0
33
55
20
7
25
28
25
48
39
80
26
36
70
68
37
27
11
51
49
6
-39
66
60
37
37
58
-18
23
24
2
56
52
24
11
65
55
-22
7
13
49
-19
21
32
58