0
64
58
58
59
36
36
55
59
49
9
9
34
37
53
34
18
60
69
49
37
-13
0
36
40
52
44
44
64
50
21
24
34
34
52
-1
60
39
29
44
21
24
34
38
27
28
28
67
41
45
24
35
59
59
17
45
45
23
20
36
16
13
50
50
41
41
50
23
-7
-1
8
56
56
45
59
48
43
36
36
58
21
42
17
13
13
0
90
72
75
75
20
66
81
53
8
12
24
28
16
0
35
52
40
37
17
49
43
54
54
25
41
54
50
56
-6
-29
-29
-40
41
36
36
18
16
-17
72
72
67
-18
21
67
75
28
28
-11
42
42
56
24
64
54
54
42
35
56
41
44
37
37
50
34
61
20
28
87
81
74
70
73
-12
83
75
162
162
60
-22
-7
38
44
44
36
35
37
41
50
53
26
34
11
25
-40
22
0
28
3
0
17
8
-6
75
20
33
20
45
39
43
48
69
28
68
53
53
57
43
23
48
28
26
-18
20
17
90
176
138
85
-37
-54
-10
-13
10
12
54
19
43
-1
57
-26
9
45
25
10
41
24
27
45
43
41
51
-1
64
33
26
38
0
50
5
13
13
17
-13
39
13
49
16
12
13
44
3
56
28
11
27
41
-6
27
24
-7
23
29
32
24
13
27
6
10
1
59
24
40
-4
43
87
10
50
7
12
27
1
21
38
43
10
43
58
-20
50
45
44
52
17
36
42
27
37
41
53
44
28
12
29
52
36
-26
11
18
4
59
35
42
24
44
54
9
6
18
50
76
145
139
24
-44
-28
-21
-7
26
10
59
44
54
72
33
4
83
36
25
55
22
22
-17
9
33
22
32
87
25
41
29
18
10
49
54
25
55
2
64
22
20
35
54
8
35
44
72
33
19
65
19
9
28
22
9
-13
40
23
20
0
20
1
35
58
44
45
28
52
60
38
50
26
33
6
58
25
-11
68
74
102
242
273
185
58
-93
-165
-105
-135
-101
-1
-17
36
64
59
44
39
5
9
37
37
34
37
50
27
84
74
74
13
6
17
10
56
13
34
45
59
66
13
37
18
34
7
22
41
41
17
17
17
2
2
0
6
6
18
18
29
44
44
-7
-7
-52
42
37
-21
-13
-13
1
68
68
23
23
23
59
59
40
-8
-13
57
68
49
56
56
37
32
32
16
40
40
40
40
16
48
48
32
2
2
12
12
35
35
38
38
35
28
28
40
40
-5
-5
0
36
72
72
80
80
27
27
27
0
41
41
5
19
19
13
13
13
13
24
24
21
2
2
39
43
43
38
38
5
5
5
-2
17
101
101
36
36
21
18
18
12
19
27
18
18
-2
-10
-10
13
13
12
25
39
98
58
58
65
65
65
-1
54
32
32
34
65
44
44
44
49
72
72
72
12
12
12
19
28
28
26
37
-9
52
52
90
90
90
90
90
90
22
22
23
28
28
28
27
11
11
-12
-12
10
36
74
64
64
64
34
66
67
27
22
22
28
11
11
21
-23
-23
7
-4
-4
66
64
64
25
-4
-4
-17
23
35
35
35
35
17
17
34
34
26
26
26
26
26
33
25
25
28
8
54
39
39
32
18
56
56
-2
35
48
56
44
44
38
10
10
36
36
36
36
36
27
27
-5
5
5
-26
38
38
64
64
-22
33
33
35
-5
59
59
55
55
12
4
-3
-3
-3
22
70
70
13
32
23
16
43
40
73
64
52
25
41
20
17
17
52
66
101
130
130
134
-11
-24
-50
-23
-4
3
13
13
17
22
26
-8
11
20
28
0
54
33
35
5
-25
-20
-4
29
34
26
10
-18
-19
-19
-2
25
25
41
41
53
24
28
38
38
22
6
42
36
19
23
35
42
69
72
41
59
4
43
43
0
45
65
19
0
45
45
33
27
27
21
-25
-34
33
32
70
56
35
38
69
66
53
89
-13
-5
-5
24
16
58
64
77
77
28
34
68
88
96
80
76
11
17
24
18
32
56
33
33
72
72
85
32
28
45
52
41
41
4
44
48
66
27
39
37
65
65
29
24
26
69
66
49
49
60
2
2
4
4
33
73
73
67
-19
49
51
67
50
50
81
27
21
28
24
27
27
24
44
33
33
39
26
20
42
53
53
9
39
39
33
74
71
83
70
53
57
-17
-20
-28
-39
-39
33
60
60
69
23
20
19
35
35
54
21
17
45
34
25
35
16
-1
1
19
42
70
82
82
97
0
73
76
76
76
7
34
50
50
18
-19
66
53
65
66
3
41
35
0
29
44
4
21
50
50
45
48
24
43
43
0
-22
-21
45
65
51
17
75
75
50
38
49
33
58
75
64
53
56
68
32
38
28
4
53
90
33
60
82
37
60
-2
-12
65
18
5
8
1
-12
2
10
26