0
48
64
64
24
37
59
75
75
64
53
35
58
50
77
77
58
-10
-10
-23
9
-27
68
57
50
50
57
56
56
88
97
55
42
58
56
56
39
28
20
27
27
40
-17
24
38
38
-13
43
43
26
24
37
35
33
56
56
-1
52
1
48
40
40
-2
22
37
27
27
18
51
27
27
40
-9
92
88
81
84
-2
40
40
43
65
89
-1
89
89
83
109
121
90
44
44
-110
-117
-44
-44
-49
-40
19
-1
5
5
5
41
35
59
35
35
53
60
72
72
88
59
50
42
37
42
42
34
22
35
58
52
48
12
25
33
59
36
34
38
40
40
22
-5
-5
9
19
2
53
35
73
73
53
68
80
64
21
19
37
27
52
20
26
23
8
41
41
40
53
23
55
53
37
17
9
9
10
32
32
24
56
55
80
80
17
24
58
44
53
43
50
56
61
9
37
67
37
32
21
33
42
42
38
38
29
6
50
59
22
5
69
-12
20
1
34
53
28
65
-10
29
48
11
17
26
23
11
39
49
8
59
23
16
56
22
4
67
85
36
18
16
19
-24
82
65
34
8
28
17
19
24
1
24
21
28
68
8
58
51
26
10
22
7
16
66
12
-7
43
43
61
51
-1
21
40
12
6
16
18
7
27
56
33
-7
1
22
32
18
35
69
28
48
19
57
36
43
39
57
38
16
41
56
38
23
51
33
24
26
12
10
9
43
12
19
24
81
17
9
-2
42
-42
7
37
36
24
-2
59
54
58
42
22
-2
55
50
26
29
39
28
7
21
48
72
55
43
42
33
52
8
72
18
5
29
38
7
40
65
82
18
26
-5
23
17
37
-1
39
4
-8
23
25
58
19
0
-8
39
41
51
32
16
9
24
38
40
32
55
26
72
27
18
39
57
50
67
23
1
29
43
67
54
12
37
49
18
21
5
39
10
25
34
52
12
50
25
41
11
56
43
-12
48
-1
75
-6
34
38
13
7
33
20
44
36
25
34
-11
22
39
32
37
20
23
4
55
52
36
39
67
55
28
19
9
25
5
58
48
41
27
21
48
100
51
28
-1
20
51
36
1
-5
44
44
37
12
12
-3
-27
-27
8
8
-14
-14
55
55
-25
-25
-25
-25
-25
-25
-43
-43
-12
-12
-21
34
34
233
251
230
233
114
114
114
114
-5
-5
-169
-169
-169
-169
-326
-326
-370
-337
-337
19
19
118
109
112
145
124
75
75
75
104
53
53
68
67
64
75
81
52
52
23
23
37
37
35
35
22
19
72
29
29
6
6
6
6
6
4
34
34
32
36
38
38
38
65
69
34
43
45
45
24
58
58
-5
-5
-5
5
5
11
20
44
44
38
38
38
38
38
20
20
16
16
48
22
22
64
24
24
28
42
42
64
68
68
5
-1
-36
-25
-25
51
51
21
21
48
48
151
151
162
162
144
-72
-82
-75
-28
-28
-7
4
4
4
4
4
26
35
128
-74
-74
-75
-59
-59
9
9
6
25
-23
13
13
24
32
32
32
21
21
25
25
49
52
52
52
45
45
36
36
259
-106
-139
-133
-188
-188
-147
-147
-147
-118
-118
-87
-87
7
-13
-13
36
43
43
40
59
82
81
32
32
38
38
87
87
87
51
51
20
9
9
9
9
25
25
42
-1
-1
24
54
54
35
11
25
25
22
22
70
70
70
84
36
36
8
40
40
80
74
74
74
37
37
16
16
16
16
9
33
35
37
53
40
28
42
9
52
91
121
12
39
39
40
28
6
19
37
59
59
73
108
93
51
51
18
6
6
-2
28
2
56
56
49
69
17
36
41
35
28
26
51
41
34
37
35
43
16
19
20
66
26
26
64
44
21
19
19
42
69
41
24
24
11
-7
34
41
51
51
9
43
43
48
76
23
27
13
13
50
-19
61
65
66
50
35
25
42
35
28
29
48
11
56
56
41
6
36
36
57
25
68
56
59
53
53
77
68
83
67
54
-50
-29
-29
-33
-52
25
48
48
60
67
28
37
13
13
74
87
168
140
140
-44
-42
-51
-40
-17
-42
-12
43
50
75
75
82
53
56
71
69
69
65
32
50
50
60
53
72
49
41
36
38
38
101
140
140
-28
-21
-18
-36
-26
26
10
42
-3
-3
21
24
57
20
20
38
20
22
59
36
85
72
72
11
10
20
49
37
41
55
44
37
41
41
41
36
55
12
17
25
25
6
-14
-8
12
12
9
9
57
40
28
7
7
48
73
73
29
32
57
72
68
50
-3
57
57
50
50
43
37
29
66
66
21
20
23
10
18
32
32
6
37
16
48
21
25
25
20
52
52
32
13
41
28
19
8
1
43
72
68
73
84
45
57
45
24
57
54
39
21
12
18
85
39
33
3
26
39
43
7
1
33
38
4
25
17