0
51
44
53
57
18
86
42
54
21
25
-10
11
34
11
59
76
70
28
26
24
16
57
20
-3
16
33
50
52
20
100
11
48
54
59
34
8
-21
24
44
74
86
186
121
21
-36
-44
10
-22
29
-25
37
25
60
49
55
28
27
11
55
40
60
28
26
21
41
52
44
43
53
44
-2
29
60
-13
32
10
42
22
26
22
32
58
53
27
5
20
-9
32
41
16
24
4
68
52
0
44
38
34
48
20
43
29
24
29
-24
32
43
40
45
19
37
76
6
76
-2
3
55
52
27
61
4
72
11
-9
35
5
55
33
66
32
6
44
12
16
60
20
35
21
50
37
55
49
9
68
8
4
53
9
-19
54
44
8
6
0
-17
57
82
58
24
28
37
28
35
20
41
27
33
80
50
24
7
37
56
18
23
42
45
22
66
44
27
39
28
26
29
91
44
28
25
8
11
40
-1
40
45
69
54
-12
16
45
2
5
68
17
67
84
-2
16
23
41
53
8
23
27
20
28
27
32
39
28
53
57
-1
26
73
137
113
65
17
-28
13
-28
1
21
-1
-49
42
16
50
41
20
11
13
68
83
61
72
72
56
-45
-45
1
5
5
-26
38
29
29
20
20
20
17
17
17
36
36
49
49
18
18
8
57
57
19
19
-26
35
35
35
35
35
23
38
38
13
37
37
37
37
56
56
56
27
25
25
25
23
-6
-2
53
36
36
72
82
82
82
20
20
24
24
26
13
13
16
50
50
45
24
37
6
6
34
34
1
1
1
41
18
25
38
39
39
39
43
43
75
18
18
-2
24
35
69
12
12
12
12
1
0
53
33
33
33
33
57
57
60
43
43
-14
27
11
11
49
43
43
21
21
71
49
29
34
44
44
44
32
32
43
43
40
33
29
29
42
42
9
1
1
22
22
26
56
34
34
50
50
50
50
44
44
3
3
33
33
52
26
26
83
83
20
20
26
26
29
32
18
28
28
25
40
40
32
51
34
34
34
51
39
2
2
28
28
44
42
42
39
39
52
24
24
24
11
11
11
11
34
26
1
-14
32
36
27
27
33
45
45
45
45
33
26
45
45
58
58
39
39
22
22
43
43
43
38
36
36
36
40
25
183
183
-39
-39
-39
-89
-89
-89
-82
-83
-23
-23
-23
32
32
10
10
29
29
28
51
51
28
59
59
59
53
53
8
8
11
6
52
52
67
88
51
16
38
55
64
37
53
18
11
11
51
25
71
27
27
48
2
64
91
91
82
84
-33
-35
-66
-66
-62
12
5
26
26
96
80
92
83
59
50
35
50
25
37
37
41
32
45
45
36
51
27
29
29
40
54
73
82
73
56
34
35
28
51
24
42
34
34
34
11
0
60
86
60
68
33
198
198
170
54
26
4
-11
-7
0
9
-8
-18
-18
2
17
5
19
44
41
59
59
52
19
19
39
44
50
38
50
67
53
45
52
49
41
39
66
23
20
6
3
3
-13
-7
-7
40
66
32
59
66
80
80
33
38
38
52
58
6
24
39
59
163
-27
-27
-43
-21
-58
-6
-4
-4
-13
11
26
24
60
19
52
73
73
44
22
24
24
23
39
24
22
40
39
37
51
-26
-13
12
43
43
49
49
54
38
24
40
40
58
56
67
114
74
35
32
2
2
6
41
9
53
74
53
53
20
12
21
37
27
150
195
227
226
226
-60
-60
-104
-40
26
9
9
25
21
60
91
91
83
59
53
8
43
57
-22
12
54
54
55
41
44
44
17
20
20
56
16
32
60
90
66
4
19
32
40
40
55
39
36
52
56
51
40
49
49
87
12
89
74
81
43
28
3
32
49
52
91
51
57
71
45
43
-3
40
25
35
28
23
56
32
36
42
26
36
25
27
9
12
26
16
38
43
35
84
183
154
24
-12
0
4
-17
2
-2
24
37
16
29
16
11
36
61
48
9
45
29
38
19
42
21
39
57
73
54
36
17
25
22
25
10
19
17
42
-3
-17
52
38
50
35
20
1
58
36
58
43
73
55
41
4
25
22
20
26
9
49
27
39
60
72
12
23
11
49
16
49
49
32
6
27
19
49
21
35
35
25
43
42
25
34
55
36
8
81
28
19
32
42
54
22
19
-4
-74
163
192
122
33
-33
-27
-22
-19
-22
8
8
28
23
52
26
34
48
35
54
64
22
10
42
32
54
34
20
11
29
20
8
6
20
-19
23
34
26
4
43
38
51
42
52
25
36
49
22
35
28
48
36
52
56
34
9
-20
114
115
52
7
3
4
10
50
-3
40
24
53
13
10
-43
56
20
11
12
18
-8
66
116
28
53
49
28
6
-21
-20
19
33
17
26
17
24
34
49
88
58
-8
43
24
42