0
11
38
38
-3
-3
9
9
26
11
11
41
41
41
51
49
49
44
27
12
-4
57
57
21
21
53
16
16
16
28
28
32
23
23
36
36
24
24
24
11
11
-53
39
38
-1
18
18
40
50
50
16
34
34
34
81
96
96
10
-9
-9
26
26
8
27
38
38
73
33
33
34
27
27
6
6
42
23
23
23
33
-2
-2
13
-19
-19
8
140
140
140
140
156
89
89
122
122
122
122
-163
-163
-46
35
35
44
33
33
44
60
80
69
59
59
51
37
44
50
74
68
34
53
53
77
279
133
56
69
76
76
-172
-101
-101
-43
-34
26
64
70
71
39
50
76
76
67
69
118
37
57
-9
35
70
86
72
72
33
27
59
42
11
-6
35
35
38
44
17
24
64
58
58
48
26
49
37
37
32
-2
68
57
58
21
2
11
-3
-3
20
26
37
23
16
34
26
28
5
51
7
91
60
60
38
26
44
53
72
44
-45
38
27
27
38
22
17
22
19
18
18
-18
52
39
55
2
64
64
84
44
41
10
100
102
128
43
84
84
100
100
84
29
29
25
25
-27
32
59
28
28
72
40
36
65
107
25
25
43
36
52
70
17
49
-2
-2
-2
10
10
34
40
80
87
83
23
1
-14
-28
24
20
20
67
71
9
24
35
24
-19
49
53
70
59
50
13
10
24
83
68
13
69
-25
-25
4
35
34
52
43
25
56
56
32
18
13
26
38
29
-3
-3
24
43
22
40
49
27
38
38
21
6
18
49
24
20
-7
60
59
51
40
105
54
56
56
84
173
114
124
73
26
-71
-7
-27
-27
-17
36
37
28
42
58
24
38
49
54
96
-23
-38
-12
-5
-5
18
23
44
36
21
92
64
90
74
74
43
42
52
91
83
99
108
39
72
84
44
3
22
11
17
61
6
16
40
37
16
-1
23
49
33
49
43
130
211
184
139
32
-117
-125
-137
-61
8
24
26
33
8
-1
26
9
-23
104
97
45
-37
-2
-14
11
7
16
19
42
34
29
25
27
27
68
38
41
40
54
44
40
52
27
44
40
56
-6
53
21
66
16
9
36
27
23
9
58
19
24
-25
20
70
70
50
13
33
25
-9
17
39
-6
36
16
22
26
10
26
32
9
39
-8
41
26
34
39
4
24
23
19
36
67
55
18
41
37
37
35
2
18
22
65
39
32
13
21
45
25
48
84
70
98
18
7
42
66
17
48
77
54
29
35
73
37
2
19
18
-9
27
23
87
-4
59
72
37
54
28
10
24
-12
20
-26
17
80
80
23
-14
71
26
35
10
26
26
11
16
29
7
66
22
-2
23
50
41
35
-7
81
161
84
11
-23
-43
-19
-1
9
44
-2
-34
60
23
49
22
65
75
23
39
60
98
3
56
32
61
50
86
52
29
52
24
-3
-3
39
29
57
17
21
-18
-35
35
58
42
48
35
69
23
69
3
41
33
23
70
0
12
27
52
19
-4
11
57
13
36
2
-1
17
86
81
23
99
36
-7
29
82
38
12
32
39
11
32
23
-20
51
7
9
12
23
23
23
23
48
7
7
7
7
33
33
33
113
113
113
113
113
149
152
-158
-3
-3
13
26
26
-19
-19
-19
-8
-8
-12
-12
26
26
81
81
81
68
68
48
48
48
48
48
25
39
39
45
45
13
82
82
82
43
43
42
56
56
56
56
60
34
34
34
33
33
35
35
11
11
11
38
40
34
39
28
28
43
16
16
42
42
43
38
25
25
52
53
4
4
24
19
19
18
18
21
10
10
10
-2
-2
28
28
-5
41
10
10
10
-13
-13
-13
-13
23
27
27
22
22
25
85
85
13
71
71
71
82
82
26
32
32
33
33
-13
11
54
89
66
42
37
45
-1
45
57
65
25
61
44
75
22
24
24
39
39
39
-3
-3
23
11
-8
-1
34
34
34
28
19
19
72
72
58
48
22
36
36
-9
-9
-9
28
28
37
32
32
70
66
66
48
86
86
18
21
23
-1
-1
-1
-1
-1
5
36
36
36
36
20
64
64
13
3
3
3
36
23
22
22
20
82
43
24
24
24
35
35
5
5
40
26
37
60
60
42
42
42
43
72
45
0
9
9
9
21
28
28
69
16
16
72
72
101
101
215
215
215
199
199
-153
-58
-58
-33
-33
-33
4
4
10
22
22
11
8
27
91
91
36
56
68
74
56
20
66
53
55
65
8
90
93
103
103
35
61
61
34
32
53
21
21
33
53
39
33
37
26
26
7
7
41
10
33
22
-4
39
82
70
55
74
17
9
9
71
40
40
-13
27
27
8
-13
-13
-1
16
35
67
84
71
186
217
217
226
18
-97
-49
-49
-13
3
-1
8
23
51
-61
-37
-39
-51
-9
-29
9
9
2
33
24
42
42
37
35
84