0
5
65
67
66
73
-19
57
36
36
50
260
260
214
201
-34
-60
-42
-21
-21
29
-10
43
54
25
3
3
24
29
33
36
36
32
20
20
20
58
7
16
98
85
76
76
107
138
75
12
12
43
-54
-103
-69
-52
-14
-40
51
67
19
28
18
56
72
81
70
11
-25
-71
-71
-94
0
0
37
5
9
81
81
73
86
33
-10
34
35
34
45
22
68
91
51
3
10
59
68
68
41
44
22
70
70
85
85
72
43
43
43
7
88
88
56
54
48
26
51
73
69
56
22
20
20
3
22
-23
24
17
39
39
233
165
165
162
12
-58
-97
-9
-46
-43
-43
44
44
8
-21
17
32
43
45
69
51
38
56
74
74
49
28
55
50
27
27
84
32
32
34
45
52
53
53
54
40
32
28
36
34
34
188
260
133
-9
-55
-108
-87
-75
-11
8
34
45
66
56
1
27
-1
9
11
5
9
41
48
52
33
61
33
58
71
11
54
18
39
41
25
37
10
41
67
36
42
40
25
13
0
80
58
39
43
5
25
40
51
35
6
38
27
-1
54
65
8
38
-5
35
27
32
21
67
26
53
81
16
7
6
23
25
19
42
65
105
157
198
181
97
-14
-94
-154
-106
-77
-70
4
-10
58
37
51
26
54
-18
56
56
26
16
35
19
7
-19
25
8
37
28
51
21
71
23
55
37
12
51
26
44
25
10
24
33
41
7
24
5
12
72
49
25
40
22
42
27
34
29
70
36
60
66
-18
16
23
26
40
19
10
-11
12
32
48
23
72
27
0
29
28
50
25
-1
32
27
38
25
22
37
50
-24
7
-8
10
33
38
38
75
77
32
39
48
-7
11
16
26
28
32
-9
51
60
23
26
-9
72
50
53
65
9
28
18
33
54
55
29
43
4
66
32
36
4
-6
3
0
51
36
21
9
33
36
23
38
21
-10
48
10
70
42
55
43
59
69
5
38
27
37
-20
10
-12
72
33
71
34
25
64
17
68
23
16
26
27
50
9
7
71
49
-6
37
52
40
42
54
25
75
66
20
-10
-7
69
26
54
59
28
38
54
-17
-33
43
24
49
49
49
84
-7
-7
-17
-17
-26
8
8
17
16
16
18
22
42
54
43
43
8
8
8
8
27
7
7
-4
21
54
39
39
18
18
69
34
34
57
57
57
35
56
56
56
29
33
33
33
33
33
33
52
52
52
58
12
10
10
43
59
59
32
32
33
45
16
16
-8
44
44
65
36
36
36
35
11
7
43
28
28
39
32
29
39
23
82
22
22
22
44
44
44
21
36
65
65
43
45
5
24
24
75
42
17
17
10
0
0
-26
39
39
38
54
26
24
76
70
-9
-9
0
12
12
27
25
-11
28
28
28
51
51
27
40
40
45
87
87
32
12
12
22
22
41
41
41
55
55
16
36
11
36
66
66
17
53
45
27
27
27
27
27
27
33
33
33
23
7
75
35
-2
11
11
27
38
3
71
40
40
39
39
40
39
42
7
7
7
7
7
56
81
81
18
18
11
38
37
-11
43
43
33
33
38
-25
-25
40
21
21
51
39
22
22
22
22
24
10
10
42
42
42
42
56
53
53
43
25
25
2
12
-30
36
36
36
36
50
50
20
20
42
29
29
17
17
17
50
55
27
27
11
36
36
24
24
24
24
11
11
5
13
13
39
5
5
33
34
34
66
33
49
76
96
23
11
49
49
-3
59
10
39
39
44
74
-3
40
20
53
55
-25
89
89
75
11
11
37
37
28
23
3
34
34
20
13
8
-1
36
18
34
53
53
54
26
33
38
77
51
51
59
55
27
33
56
51
67
67
52
37
37
34
73
-1
52
66
54
45
-11
5
3
34
34
35
54
54
42
65
27
20
20
-4
2
44
85
85
69
66
68
49
55
39
16
32
25
27
27
37
24
28
65
65
18
76
7
2
25
44
35
48
51
51
32
-2
37
42
42
51
23
57
38
38
44
51
33
43
92
56
41
-7
36
26
26
54
-9
-10
9
19
24
19
22
22
42
53
0
36
35
61
53
54
60
37
37
38
50
28
51
51
36
35
8
16
38
58
53
40
39
51
51
58
44
24
69
74
74
8
21
42
36
67
20
42
37
20
33
19
-7
-19
68
68
90
-46
-73
-40
-24
-24
-4
-10
-10
0
-1
64
89
102
72
72
10
49
49
70
75
29
82
89
91
75
60
-24
-9
11
41
41
33
19
22
44
44
22
52
32
32
43
58
51
74
74
86
19
5
35
23
52
52
10
103
97
69
48
52
107
75
50
50
-2
25
22
50
71
76
54
29
71
-7
65
36
23
39
-29
5
24
56
28
44
113
147
135
8
-2
-28
-54
-65
-37
7
33
48
59
83