0
26
57
42
83
40
2
19
36
29
-19
34
33
106
65
17
22
-35
56
57
18
2
33
44
18
37
68
1
0
82
-11
18
35
7
17
23
6
24
40
80
29
-18
-8
7
21
9
10
73
0
168
123
73
-20
-22
-39
-22
-4
11
23
64
33
51
39
72
69
59
27
34
-18
40
29
76
76
24
20
75
58
42
118
170
180
89
90
-44
-145
-90
-44
-58
-50
36
25
50
18
-25
80
66
7
59
3
-9
24
24
21
72
51
74
99
81
54
68
36
56
76
71
57
66
-5
41
22
18
19
-36
-37
19
9
21
43
57
42
16
13
2
-9
36
21
32
-14
107
60
32
86
103
279
528
489
309
146
92
-114
-165
-247
-309
-363
-341
-343
-221
-187
-81
-11
41
161
107
128
122
145
133
115
198
102
25
51
92
52
102
10
25
10
113
9
76
54
48
70
12
50
50
102
96
32
25
73
7
-36
-40
13
35
39
41
41
43
36
21
21
66
49
23
21
17
6
38
49
83
23
-7
13
2
24
24
49
11
28
57
9
12
18
36
-1
33
22
26
45
0
-1
39
43
29
50
32
52
25
49
50
16
49
-25
75
160
162
170
124
49
-106
-66
-134
-115
-57
-22
-22
-9
26
26
26
26
11
23
23
23
1
1
35
41
41
-42
-5
43
43
57
39
39
43
19
19
39
27
23
32
32
52
52
40
27
27
20
20
-2
28
28
20
36
36
36
45
45
52
36
36
32
26
26
27
27
21
21
21
32
32
35
35
48
48
3
3
3
0
0
-3
40
40
26
26
56
56
41
36
36
-18
-18
-17
-17
-17
-17
27
6
36
36
42
2
61
61
53
53
53
53
12
12
34
48
48
10
10
179
179
183
-76
-76
-81
-13
-13
34
44
44
-5
10
48
48
3
18
18
52
83
83
19
-17
-37
-37
112
112
74
36
28
19
19
10
21
21
33
6
6
-4
0
0
0
0
54
52
52
52
61
61
49
49
40
32
28
28
28
28
0
0
0
0
0
0
22
-11
-11
-11
-9
-9
72
18
18
18
18
18
25
27
27
27
-9
52
16
16
17
2
2
-12
-12
26
26
26
-6
0
0
39
35
18
18
18
18
44
44
53
53
32
32
-6
27
27
54
58
58
36
-3
-3
22
22
22
21
24
16
-2
18
18
57
28
33
33
33
32
32
-21
29
19
35
83
83
83
60
34
34
34
53
53
53
59
6
6
6
3
3
29
23
23
33
74
81
81
69
64
64
-3
6
123
123
131
115
36
86
75
75
13
83
83
87
26
20
102
97
96
105
-22
32
-3
25
-38
50
50
80
105
55
72
53
27
27
37
-5
-5
12
24
36
72
72
109
106
20
71
48
72
72
3
3
6
32
-11
-17
-9
13
13
18
38
58
42
42
80
48
48
27
8
-2
36
-1
13
44
75
11
27
59
51
51
39
34
34
52
33
25
25
69
84
21
40
29
29
37
39
28
28
43
69
28
33
21
22
22
26
72
67
35
35
154
-10
-10
-30
1
44
35
33
25
25
-18
66
66
76
56
39
71
71
69
32
49
48
38
66
66
76
58
58
44
53
29
25
9
28
26
26
85
37
49
42
42
67
17
18
8
8
27
56
56
72
75
21
28
28
9
28
8
-7
-7
25
65
36
32
33
25
7
7
2
-24
13
13
-4
36
36
12
25
38
52
41
25
23
35
54
67
26
42
20
52
74
74
88
81
43
61
49
72
69
72
66
51
76
70
70
44
-11
16
23
33
22
20
58
58
60
34
3
42
48
49
49
42
39
70
29
32
23
21
21
48
41
56
55
33
27
-2
8
91
3
40
-53
-11
-11
22
25
17
41
81
58
35
52
50
64
51
24
58
57
38
43
5
40
38
38
51
43
28
106
74
3
25
34
19
27
34
10
54
44
4
12
-4
-10
10
-1
19
51
40
17
58
41
0
19
22
100
60
56
92
-19
-6
-71
-29
1
-20
-2
45
19
9
52
100
70
285
167
65
-42
-42
-14
27
27
6
-3
5
71
33
54
11
-1
72
36
65
90
48
54
83
11
37
48
26
66
33
27
33
-8
27
11
1
29
55
25
2
9
4
-10
50
11
-2
17
97
166
141
11
-52
22
-24
-54
17
27
10
28
37
16
2
-8
-2
61
48
17
39
35
13
52
20
32
18
64
16
11
16
12
25
18
-2
2
12
29
70
68
65
42
-12
33
27
41
40
49
54
43
50
-24
41
81
32
-20
19
116
100
35
24
-24
-58
-24
50
12
13
49
37
17
69
66
12
49
70
-2
11
52
28
75
10
23
88
101
43
5
9
-13
37
68
12
3
58
64
18
53
56
24
-9
-5
7
38
34
37
3
-10
8
18
32
41
16
16
72
20
58
39
65
35