0
83
75
75
100
20
5
22
29
18
4
58
49
43
7
21
10
53
53
61
36
64
40
40
69
64
-9
-23
40
-5
-3
32
27
38
48
39
48
56
101
17
6
9
9
4
25
23
34
71
71
42
55
55
27
87
58
65
92
9
38
-24
-2
-2
23
36
59
53
34
11
85
138
138
82
84
4
57
57
50
50
25
34
68
160
-49
44
58
55
83
22
-17
36
36
28
80
48
48
85
-19
8
69
92
96
96
197
250
-52
-35
-36
-140
-135
-138
-35
-35
7
-9
48
92
56
39
54
45
38
25
1
50
100
113
108
-5
29
8
55
48
48
53
52
102
91
-10
101
56
56
23
85
162
106
138
151
135
-8
65
73
75
43
6
6
28
16
28
43
27
27
9
-24
13
37
84
70
40
17
11
-1
-35
8
92
37
44
75
144
53
13
10
-28
45
40
-20
29
37
7
96
-6
2
24
119
82
17
66
-1
26
97
65
24
-9
22
34
45
-7
29
64
118
133
2
26
-29
0
-41
-20
24
73
12
-34
19
-18
69
41
54
64
-10
-2
43
24
4
74
4
24
22
-8
-34
55
67
71
-1
60
24
44
-3
33
76
55
25
-22
49
56
8
16
125
-19
87
10
19
34
100
16
17
53
51
12
156
198
105
38
-39
-92
-50
-45
-1
-4
20
-9
52
43
87
34
26
56
16
68
65
32
48
75
9
41
59
60
19
22
102
35
-33
1
11
-30
105
32
-33
146
-6
42
36
20
20
38
2
12
59
113
68
60
10
48
32
-30
70
12
7
6
21
48
26
-75
39
23
33
57
-20
83
7
25
17
11
16
64
11
61
8
40
51
25
58
36
24
34
34
18
24
34
51
51
17
16
55
24
42
24
-8
43
21
39
61
71
18
21
8
33
43
32
61
10
51
42
60
64
4
17
16
13
4
38
6
6
13
18
60
38
22
54
42
59
34
26
39
49
39
37
10
54
2
4
35
38
43
42
22
66
92
0
25
38
5
42
16
36
40
52
41
13
34
57
16
24
59
54
3
26
41
-1
29
108
153
211
151
171
135
128
104
60
64
66
-27
-54
-98
-61
-60
-39
-62
-27
-27
-25
-29
-29
-29
-28
-6
-6
218
135
135
112
-76
-76
-183
-178
-40
-40
-1
22
22
17
26
-33
-33
16
-7
-7
-7
68
42
42
24
48
59
59
74
60
60
60
77
75
80
80
71
71
122
122
122
-1
-1
28
28
27
27
45
45
36
44
44
44
33
33
33
33
21
21
49
4
4
-9
37
37
11
48
48
-13
-13
67
67
42
42
10
86
86
25
-4
-4
3
24
24
41
41
41
22
22
27
56
21
21
39
39
42
42
20
20
52
82
82
80
1
1
51
12
12
12
12
12
12
23
23
21
21
86
86
16
16
3
21
21
68
68
68
68
68
34
34
34
36
35
42
22
9
9
10
10
50
-22
9
80
80
66
10
10
38
48
48
56
29
29
3
3
24
24
10
10
82
121
121
-82
-82
-82
-82
-116
-130
-117
-105
-43
-43
-43
55
57
57
57
57
57
85
81
81
7
32
32
26
81
81
26
26
26
26
26
-30
-30
-30
-30
69
21
21
36
10
10
28
48
48
48
48
20
20
68
50
33
42
42
165
120
120
114
114
114
186
186
100
100
-65
-65
-24
13
13
16
25
25
25
265
265
198
198
213
-10
-10
-131
-131
-131
-131
-131
-131
-131
-85
-85
-85
-85
-58
-58
-330
-330
-29
177
177
108
140
154
216
90
66
97
134
134
119
39
41
80
70
96
96
36
17
17
50
21
33
68
71
12
43
43
67
67
44
41
50
44
34
34
-36
-3
-8
60
60
65
90
26
80
179
217
220
220
194
-121
-99
-76
-76
-72
-11
-17
-21
-29
37
17
0
-13
35
35
37
1
-22
1
1
23
38
80
54
54
90
0
-12
7
18
57
34
60
57
81
77
67
68
66
61
34
50
59
59
188
237
217
277
277
-152
-125
-125
-122
-122
-23
16
16
55
55
8
-24
3
3
10
33
45
39
52
72
51
51
21
0
18
40
45
43
43
64
67
71
77
33
2
61
64
58
49
28
51
90
88
91
103
60
33
49
72
54
21
33
52
65
49
11
7
18
18
32
57
27
22
24
24
24
25
41
58
58
-18
-23
41
41
50
7
4
11
27
27
65
57
67
69
85
41
57
28
28
0
-19
-5
21
-7
35
35
132
115
87
55
71
-34
-1
-22
0
21
48
41
52
43
17
40
114
105
76
61
23
42
57
76
50
24
57
38
38
50
34
109
138
151
150
150
69
-122
-122
-136
-142
-131
-19
2
25
9
9
54
68
68
89
44
54
54
36
35
1
1
23
18
17
4
44
80
51
88
96
51
64
51
21
25
32
34
28
52
42
40
32
34
22
39
48
29