0
0
51
51
54
54
28
40
40
23
40
42
42
27
27
53
54
40
13
22
24
24
35
35
33
9
9
76
69
69
74
44
6
6
45
36
33
66
66
27
27
5
-36
-17
-17
-12
24
28
-20
60
60
35
44
44
44
53
53
34
65
65
12
12
12
12
12
12
12
-8
-8
29
29
36
36
36
-3
36
29
25
96
96
71
48
48
38
38
18
42
42
58
12
12
34
50
50
-8
23
23
34
18
18
37
-6
-6
34
83
83
80
55
52
52
23
23
5
5
60
7
7
24
24
24
25
25
6
73
73
57
44
25
49
34
60
88
88
74
109
109
125
135
11
18
65
-37
19
42
13
53
59
51
17
32
65
65
77
23
35
64
36
12
97
80
52
77
60
83
17
17
12
-7
4
-11
12
-12
-12
2
35
-11
23
23
23
52
9
22
10
64
41
41
11
91
91
66
43
-20
39
1
-34
-34
59
48
-1
81
99
69
69
-2
20
20
23
16
9
52
37
85
68
42
52
16
20
61
33
-30
32
91
91
24
83
81
102
90
49
-28
-58
43
49
20
-53
51
58
55
55
42
27
96
44
-37
42
8
-38
-4
128
89
89
107
76
20
6
53
4
11
11
-50
-12
23
23
36
25
61
103
70
36
70
75
75
58
-53
-34
-39
-21
-54
52
52
65
38
39
52
52
59
66
61
53
53
72
27
37
-55
80
80
116
-38
4
41
19
19
22
51
51
51
37
37
16
57
34
38
36
23
12
37
36
11
11
56
9
9
40
42
49
4
48
54
66
71
58
40
41
50
4
44
49
41
41
66
56
58
68
102
73
11
34
24
24
56
32
17
8
8
-1
-1
42
26
26
18
10
-5
32
23
33
33
37
11
26
59
64
23
20
23
23
48
34
29
68
57
24
87
34
37
38
59
20
40
55
66
65
22
55
42
71
86
22
-1
5
54
71
3
5
22
32
48
-13
20
66
27
33
55
23
90
84
18
29
34
9
6
6
41
21
24
34
41
36
73
39
20
18
55
19
6
21
50
74
34
-4
28
27
21
28
40
16
73
52
16
41
8
35
29
9
9
44
8
48
25
42
59
34
39
39
13
17
41
10
0
-42
82
35
38
36
54
11
3
10
1
69
28
44
8
39
34
38
34
20
-13
37
7
69
16
57
37
23
45
44
55
43
56
40
61
4
41
5
60
36
66
-18
41
43
0
29
-12
10
22
28
4
42
48
49
40
27
65
26
70
33
28
43
8
28
5
6
-18
17
-4
70
65
22
25
23
38
18
21
8
70
59
29
40
-5
71
-6
43
51
17
65
41
-18
7
28
35
44
22
23
48
29
8
6
35
65
88
41
37
23
34
42
3
41
42
42
12
12
53
60
85
51
45
0
0
32
39
-27
-27
12
69
40
89
26
32
40
57
-2
-40
58
-9
58
103
81
36
17
32
3
-37
33
54
41
25
70
32
-10
41
37
93
39
56
25
21
26
-8
33
6
81
67
50
60
60
25
-6
23
22
32
43
44
41
5
26
-11
24
40
43
22
32
-7
56
5
4
-10
-10
-2
-7
-24
-24
26
-11
-11
-26
-26
-21
-2
-5
-5
-10
32
32
32
49
49
49
27
27
27
32
32
24
24
81
81
81
81
81
43
43
5
5
5
23
54
8
20
20
49
74
74
75
13
13
21
37
64
64
23
23
41
41
52
52
38
38
38
4
4
8
8
5
27
27
32
32
32
36
36
36
36
64
21
-6
-6
23
54
35
35
42
61
-11
60
59
59
48
57
57
21
21
21
21
21
21
38
38
37
54
42
40
40
37
33
33
33
27
25
86
86
150
108
108
85
-67
-87
-104
-51
-51
-33
-22
-22
37
0
0
137
228
241
241
298
228
228
228
18
-98
-98
-98
-136
-91
-91
-37
-113
-219
-219
-268
-268
-369
-369
-310
-313
141
147
147
144
144
168
109
139
105
105
68
72
86
84
84
22
45
65
38
38
2
2
71
59
59
-13
-13
49
58
61
59
59
16
55
55
29
29
8
72
72
168
168
-85
-85
-121
-123
-123
-123
-62
-4
-4
-2
5
5
32
82
82
58
-91
-91
2
-11
-11
-19
37
37
54
24
24
24
24
56
8
8
53
53
53
89
109
90
34
27
29
45
38
25
25
40
40
26
-5
-5
-5
-4
-4
9
9
166
156
156
-109
-104
-73
-73
-1
3
61
61
70
12
52
66
27
24
24
33
26
26
54
57
84
84
37
37
37
34
87
100
102
67
40
75
74
26
77
99
32
28
55
48
52
51
129
101
101
11
17
53
18
18
-3
-4
11
25
-5
3
3
76
61
89
109
20
0
0
-10
18
50
65
65
84
55
33
23
49
17
17
19
19
-8
2
55
36
66
29
49
44
52
59
57