0
48
56
68
54
4
20
41
51
41
22
65
25
50
21
-7
28
16
48
20
19
23
82
44
26
52
41
89
85
10
-17
-53
-37
-38
0
49
50
7
11
49
53
60
22
6
23
6
42
57
57
39
39
57
-10
-2
-2
6
7
7
25
22
22
11
9
-20
-18
-18
20
20
10
73
76
20
24
24
12
23
23
133
133
133
39
19
19
19
-29
-10
0
6
93
115
115
261
378
378
-228
-390
-390
-386
-286
-286
-124
-93
84
88
88
108
106
106
103
109
109
35
35
35
35
26
16
16
11
28
28
33
33
33
33
35
37
32
26
28
21
21
32
41
42
64
263
416
416
435
275
275
60
-279
-279
-279
-412
-411
-411
-411
-245
-82
83
81
145
145
145
145
132
53
93
93
103
74
74
48
48
22
68
68
68
56
82
82
72
24
24
24
24
27
74
74
38
38
20
20
20
49
49
67
67
34
-22
-22
-27
-27
5
5
4
-3
-3
-3
21
20
12
75
75
55
55
50
50
112
169
169
153
60
60
-41
-25
-60
-10
-12
71
71
71
198
198
-72
-120
-120
-108
-91
-21
-21
48
11
11
-7
-7
1
1
1
100
97
34
34
24
12
12
24
44
0
42
76
76
76
7
7
38
7
56
27
32
32
-19
66
66
5
5
-26
-17
-17
54
54
6
59
59
68
68
41
34
21
21
18
19
19
38
38
106
106
181
181
-98
-121
-121
-107
-94
-41
-41
86
32
81
81
88
88
88
88
88
48
48
34
24
24
28
86
45
45
72
53
86
22
22
123
37
52
87
5
74
74
11
10
10
5
13
7
67
67
44
1
-13
49
49
22
42
76
-17
25
45
40
40
5
13
39
34
34
26
3
17
51
51
57
138
138
7
9
24
112
284
293
293
260
-7
11
36
36
57
-38
-38
-59
-219
-388
-329
-286
-286
-293
-183
140
160
162
162
177
86
124
140
140
160
97
56
67
74
73
73
18
74
50
27
39
25
37
22
22
22
26
56
44
41
53
53
17
2
72
48
48
2
43
69
75
37
24
20
20
50
65
5
12
91
71
56
56
67
8
43
37
48
48
17
98
98
98
100
-56
116
121
121
231
265
185
117
122
171
-422
-423
-396
-347
-347
376
374
380
402
-333
-227
-214
-214
-153
264
441
133
133
-150
-113
-81
-53
-23
32
114
114
100
115
106
57
91
152
152
89
17
28
33
50
50
70
87
75
69
20
34
38
38
45
61
60
56
56
59
12
43
72
72
42
69
27
32
86
82
82
4
37
69
65
44
51
51
55
42
41
18
70
57
57
104
59
75
153
153
-66
-89
-89
-68
-54
16
50
49
29
29
67
60
60
48
201
416
38
-98
-130
-130
-166
-54
-25
4
4
50
23
4
51
36
82
76
55
55
29
19
45
67
52
52
60
81
43
33
68
52
52
8
6
55
60
28
16
64
92
60
43
28
13
7
-2
52
22
18
24
4
-29
-19
81
19
37
40
97
37
24
24
26
34
38
41
32
28
21
28
12
19
60
68
64
12
6
22
53
40
28
43
81
283
499
369
41
-205
-333
-387
-250
-141
-21
308
483
264
13
-282
-370
-292
-115
275
498
380
138
-179
-381
-390
-283
-98
98
519
633
372
-50
-316
-381
-279
-33
195
537
425
210
-265
-387
-344
-189
-67
57
102
584
695
363
9
-253
-348
-343
-273
-140
-10
45
69
98
97
56
122
130
100
55
70
57
76
20
51
7
65
41
64
72
39
40
36
25
209
580
532
329
114
-136
-387
-555
-517
-402
-233
75
481
563
197
-116
-291
-348
-232
-109
183
551
520
361
-171
-284
-184
-42
136
443
339
39
-274
-378
-233
-154
44
250
730
375
-5
-297
-326
-269
-183
42
385
615
345
3
-301
-348
-259
-186
-68
-3
103
98
145
52
107
74
93
81
92
82
131
283
474
520
379
131
80
-109
-75
-73
-204
-75
-157
-115
-183
-269
-420
-403
-291
-163
-5
56
118
355
605
666
261
-72
-295
-284
-236
-183
-19
69
245
648
396
42
-231
-260
-246
-89
-51
98
209
419
489
140
-152
-306
-277
-121
-86
-8
50
90
73
72
129
88
39
71
52
52
52
64
64
64
41
41
41
67
67
0
11
11
33
72
72
101
176
218
359
147
147
116
-3
-3
-147
-482
-482
-286
-203
-203
18
18
371
391
-211
-121
-125
-125
53
53
433
132
132
132
132
-232
-358
-358
-177
-177
288
-213
-228
-196
-243
-2
-2
-2
-2
197
197
467
467
-83
-83
-140
-164
-164
-36
-88
-88
-103
-117
-117
-166
-236
-236
-107
-107
-107
188
233
233
69
-245
-39
-6
-6
-6
21
363
363
363
144
-381
-381
-266
-184
-184
-183
38
38
309
122
-4
-4
-102
-102
-292
-292
-86
265
265
307
307
230
-76
-76
-132
-132
236
236
290
289
344
289
-130
91
75
-36
-36
-45
-116
-116
116
-88
-88
-59
-61
-68
-40
156
156
280
241
23
-36
-161
-107
-184