0
56
176
176
176
514
481
481
188
188
-266
428
339
339
67
-89
-185
-202
1
-39
-21
-21
-21
-21
-107
-10
-10
633
633
633
-245
-264
-149
-149
-149
-17
-17
113
88
132
132
43
43
115
115
115
42
42
64
64
27
27
138
48
52
17
55
81
81
76
24
24
35
35
64
50
50
38
38
32
33
33
33
33
33
33
-8
-8
-4
-4
19
56
49
49
18
84
84
51
51
19
12
12
11
11
-12
20
20
27
32
32
-1
32
32
40
40
21
3
49
83
117
117
60
87
101
69
64
64
64
58
22
22
10
16
60
49
98
6
6
49
-13
-13
-23
27
12
56
56
59
59
50
52
42
123
228
209
21
-104
-212
-212
-275
-246
-52
-17
25
41
41
26
53
42
44
54
10
83
83
81
76
40
49
27
36
36
75
40
40
50
50
41
-2
22
54
54
58
16
45
58
48
67
67
1
27
27
35
49
33
33
64
64
35
32
32
43
32
32
13
20
24
54
27
57
43
43
32
35
54
20
20
36
54
106
165
166
117
117
-58
-20
-20
-18
-21
10
41
38
36
34
44
-38
44
64
98
90
56
37
-6
-7
-3
9
43
-29
-26
-1
33
33
4
33
33
27
36
59
59
56
21
37
48
48
27
55
55
55
52
64
8
37
29
29
54
36
50
37
11
34
7
56
56
32
33
16
67
61
34
43
55
51
51
56
35
34
42
42
27
4
10
40
24
33
34
21
28
18
21
17
32
44
35
43
43
21
65
65
54
42
54
85
85
56
60
42
10
74
106
93
42
77
89
82
88
60
-7
20
6
-7
-7
40
18
45
45
43
59
59
59
33
-4
44
36
36
26
34
39
44
57
24
20
20
45
65
65
72
60
87
80
10
57
10
52
53
55
70
53
36
42
20
28
42
42
18
66
20
6
-8
26
51
37
-3
11
26
6
13
54
22
10
39
29
38
55
40
58
34
37
54
40
26
33
29
42
24
32
17
51
20
37
74
28
11
33
-7
60
42
11
39
22
20
28
2
-3
33
3
2
84
82
27
24
-7
-3
58
35
10
34
19
38
51
80
13
45
57
12
37
32
82
11
-19
-36
5
7
17
5
33
39
32
5
71
35
36
54
33
53
40
43
12
38
24
32
43
37
28
22
60
80
108
68
28
-19
-26
16
23
-13
-5
21
57
39
29
27
13
52
58
64
25
67
57
32
34
24
43
84
41
19
4
38
37
40
-9
18
35
44
-6
27
57
-1
19
20
67
44
53
4
45
17
0
25
24
53
65
88
27
23
32
27
41
40
-1
20
25
34
24
20
0
26
50
42
24
11
27
37
50
53
28
57
42
35
32
28
6
150
106
10
-20
-19
16
-4
11
7
21
9
22
-2
36
11
22
33
36
41
43
23
25
54
57
41
1
58
-2
-24
-30
33
11
44
33
20
36
39
65
60
34
80
53
134
130
44
-29
12
25
-17
-2
23
-27
129
160
66
-35
-10
-42
-52
17
32
103
25
54
2
7
37
28
35
42
2
23
28
38
74
-52
4
37
39
23
5
5
5
35
35
27
54
54
28
28
28
28
36
36
36
4
-22
41
57
37
53
68
68
26
36
18
18
57
17
17
17
17
7
35
35
22
22
12
45
45
58
55
55
71
71
55
38
108
210
210
210
179
179
36
36
36
36
-19
-19
-19
-22
37
32
32
18
18
18
7
7
7
56
51
37
37
24
39
21
21
21
53
21
21
35
24
45
32
18
18
20
20
71
71
0
32
32
43
43
-2
-2
8
21
21
49
49
23
-4
-6
19
19
19
19
41
44
44
44
41
39
39
43
3
3
2
2
2
67
67
57
57
57
57
57
57
57
57
57
35
35
32
32
-22
-17
8
8
8
8
-19
-28
9
39
60
61
70
24
24
10
10
11
19
21
21
1
41
41
41
41
34
39
39
39
37
37
43
51
51
25
45
50
50
-17
-17
70
52
52
53
53
53
53
12
13
35
35
37
33
42
42
54
35
35
35
-68
-68
-68
-68
-46
-46
-5
-5
-5
-2
81
77
8
70
70
66
341
394
378
-70
-196
-196
-203
-203
-158
-158
-101
40
11
101
69
36
36
51
28
22
35
35
71
53
53
53
55
65
65
41
39
33
33
17
17
21
36
16
16
7
-2
0
41
41
8
8
8
-43
-8
-8
9
16
48
48
53
29
39
85
85
85
104
35
83
100
107
112
406
340
306
42
42
-284
-426
-426
-369
-344
-295
-3
-8
-1
11
11
135
117
124
136
66
87
61
75
32
32
7
24
91
93
93
66
35
53
102
102
104
192
259
202
225
225
181
-117
-99
-81
-98
-102
7
7
50
37
-74
-113
-113
-105
-355
-340
-86
-18
-14
25
68
145
187
185
188
85
113
113
80
93