0
6
16
-8
49
39
58
29
10
49
69
41
34
36
49
32
27
41
11
38
36
21
-20
25
36
5
39
45
27
8
-2
25
36
21
68
7
66
64
69
3
11
39
35
26
71
8
26
4
38
-1
26
26
26
26
-21
-21
4
-26
-26
40
4
4
41
36
36
35
28
28
5
36
36
44
44
44
21
21
43
43
43
43
43
43
43
43
43
43
-13
-13
64
37
37
39
33
34
59
59
73
21
21
87
87
70
44
-3
-3
-3
-3
22
11
8
26
70
39
39
39
50
50
42
42
42
51
60
55
27
27
70
76
76
56
56
10
10
66
13
13
13
13
73
10
10
5
5
86
50
50
54
44
48
33
19
19
25
51
51
26
69
7
12
41
41
41
61
61
11
20
39
37
69
69
52
52
52
52
52
38
51
51
-13
-13
21
21
21
35
53
53
20
20
20
20
20
24
17
17
17
44
21
23
23
23
12
12
5
64
64
44
50
50
52
52
52
4
4
45
45
42
42
42
42
9
9
35
34
1
39
39
39
39
41
41
21
-7
-7
25
-11
-11
42
58
58
38
38
38
38
38
43
43
43
43
38
24
24
12
4
4
4
48
39
39
-28
-28
0
0
0
68
38
50
-26
-26
-26
-26
-26
16
-6
-6
2
48
48
35
35
-6
54
54
25
20
19
11
26
10
38
33
33
17
17
23
23
33
4
4
71
57
57
36
-17
-17
11
32
32
53
38
38
38
38
16
16
-6
-6
-6
82
82
70
57
83
73
73
27
70
53
3
3
2
25
32
24
24
84
25
19
33
33
33
12
12
16
51
39
40
3
24
38
25
9
74
-42
-36
18
18
81
23
59
90
8
36
36
81
66
66
16
5
3
24
3
3
20
20
34
34
39
36
12
58
36
66
66
71
-5
-2
39
36
45
53
53
70
44
8
18
18
1
3
34
38
71
57
54
19
16
27
60
60
33
42
77
40
22
-8
-19
69
52
52
-7
26
12
33
33
-11
20
11
25
25
27
56
43
40
21
18
18
13
26
26
34
17
17
42
34
82
82
76
66
50
49
49
41
35
20
55
55
73
87
49
44
70
59
-5
52
52
80
100
9
24
60
52
7
17
-7
-1
44
10
10
43
43
43
9
24
23
48
35
67
67
66
34
34
25
5
27
10
17
17
26
-1
40
61
89
89
53
21
36
73
86
82
75
27
24
24
32
4
32
25
11
33
33
23
64
64
76
77
21
32
32
60
88
33
34
35
-23
-23
48
71
29
29
44
74
39
39
40
53
20
35
26
26
9
60
76
64
40
65
32
32
22
29
32
20
54
54
56
67
10
65
48
82
82
8
37
36
-26
-26
99
-1
-6
20
-4
16
16
18
48
40
48
40
22
43
35
37
34
48
68
41
23
28
34
12
48
55
44
41
58
35
43
44
18
60
41
21
12
17
-42
17
19
59
32
48
11
20
35
4
20
36
35
85
23
41
28
19
-11
64
25
45
43
2
48
64
44
36
17
-26
9
6
22
64
53
4
23
44
39
20
50
68
28
27
28
29
29
16
-4
27
50
41
51
3
57
17
40
28
33
23
55
28
50
20
12
27
19
6
13
82
51
4
24
12
23
56
50
50
3
7
18
22
39
38
33
-8
12
16
58
36
18
35
57
44
48
33
16
70
37
22
21
-6
16
33
34
11
27
19
24
44
8
80
54
-14
26
38
50
65
4
11
25
69
36
7
58
35
50
35
20
10
18
37
40
27
26
36
99
82
6
16
49
6
25
41
60
71
56
37
21
-18
24
17
13
37
26
12
52
28
-11
33
-10
16
48
70
-21
-2
-7
45
43
11
39
55
29
67
34
18
41
20
26
44
40
7
25
7
43
68
66
56
59
37
18
16
27
34
12
18
17
32
38
33
61
66
23
8
51
18
39
9
-2
12
5
22
59
52
24
-2
140
90
72
5
8
-9
60
-35
59
19
24
0
52
50
44
20
0
33
35
39
34
42
53
24
24
24
27
27
-4
-4
-8
-8
10
-33
-33
0
36
36
33
24
24
10
10
41
10
29
29
7
-12
-12
29
64
64
48
48
18
50
50
50
8
8
16
-3
-14
-14
-14
27
27
26
34
36
50
50
50
44
44
21
22
27
41
41
0
28
41
41
8
8
21
27
28
28
18
18
18
18
39
44
88
88
45
67
67
-29
-29
-8
22
22
20
6
6
27
27
-6
-6
10
65
54
48
38
38
52
52
52
-9
-9
-9
27
51
51
29
26
26
21
21
74
59
39
39
69
24
24
24
2
-12
49
49
50
50
50
23
23
-17
-17
37
37
26
26
26
-26
-26
25
25
43
23
24
24
28
28
19
19
19
19
22