0
21
45
16
16
20
34
19
19
7
7
7
7
7
7
7
-4
-35
-35
-3
48
-7
-7
26
26
56
21
21
22
24
17
2
88
41
41
52
52
52
54
54
54
54
54
21
57
64
56
56
56
43
40
40
64
26
68
68
68
21
43
24
24
24
26
36
36
36
8
8
8
-2
-2
26
28
28
28
22
22
22
22
16
16
35
-8
-8
6
51
51
18
32
42
57
64
55
21
1
16
65
42
42
17
17
17
17
50
68
68
34
4
4
28
28
60
60
81
81
81
81
50
-58
-58
-46
2
45
44
44
65
1
50
52
67
40
35
43
34
34
51
17
17
5
50
37
25
37
37
10
6
6
32
20
16
20
20
9
32
-19
27
72
36
36
6
26
36
32
85
82
67
35
44
33
34
34
51
60
60
91
103
59
26
29
33
40
-7
8
70
2
72
72
84
85
19
3
18
17
17
34
24
24
40
71
23
-4
66
108
108
81
34
22
44
9
26
26
25
33
33
50
24
23
32
51
84
84
32
76
76
64
3
35
-22
-22
-38
-27
-56
37
38
42
42
44
9
66
54
54
53
4
16
37
37
29
8
34
41
55
71
60
4
40
40
57
43
0
6
19
28
75
75
33
57
56
49
40
33
65
87
71
71
-2
23
-9
-8
11
37
37
50
49
69
65
55
65
65
43
43
42
87
86
74
3
23
20
39
43
43
65
60
60
43
43
18
98
98
99
99
-10
25
34
53
48
77
77
-3
-6
-6
8
-6
58
58
40
7
32
32
26
36
12
54
22
25
25
9
23
43
53
53
92
25
32
32
32
24
3
45
42
45
37
16
58
58
49
43
25
-10
2
16
24
128
164
180
155
155
-36
-83
-83
-49
-68
-35
52
52
58
54
16
23
43
54
98
60
23
64
59
76
41
39
37
34
9
48
22
119
117
51
19
11
33
22
43
-6
61
-13
18
56
38
43
39
20
17
2
24
23
51
36
86
25
32
40
34
25
17
41
48
28
60
18
42
-7
49
32
8
28
72
66
0
22
6
-2
38
51
17
23
36
65
18
67
73
-7
6
-2
35
10
-6
56
27
51
49
8
28
20
2
-1
75
65
74
64
37
19
26
18
57
27
82
6
-6
16
-4
33
33
51
51
40
25
48
38
42
3
73
53
48
29
18
109
59
29
-13
24
22
8
17
39
41
69
10
45
32
9
-9
60
51
42
81
11
-19
24
48
53
38
81
22
27
52
28
-2
39
66
144
81
-8
-46
-72
-60
-9
19
24
23
67
36
6
49
35
1
72
26
54
49
41
40
12
-25
96
20
60
-9
4
39
42
22
41
1
1
17
1
9
41
60
-17
6
37
59
11
35
26
51
60
67
25
32
-2
91
48
17
61
0
29
8
32
13
-1
5
51
-4
21
20
83
35
18
52
49
73
18
18
9
26
24
27
40
48
68
12
20
56
37
51
51
72
43
34
6
26
50
-23
4
44
27
42
101
4
-2
6
54
34
51
16
4
52
5
40
38
34
17
2
52
26
129
67
56
12
12
-22
-10
25
25
8
-8
-8
-54
-4
-4
-49
180
154
40
40
74
-56
-56
-135
-100
-100
20
22
22
23
-12
-12
40
18
18
59
8
8
52
52
52
52
52
52
13
16
22
57
73
54
68
49
49
49
36
-4
64
64
64
28
28
28
28
-7
-7
69
69
35
40
40
66
54
54
58
60
32
51
2
2
23
26
38
6
6
43
43
43
43
43
43
71
32
40
40
1
18
18
18
18
34
34
34
34
37
48
-7
27
10
10
23
23
59
59
38
38
38
38
54
54
137
120
120
1
-8
-45
-45
-22
-22
-22
-22
-22
18
18
16
11
11
16
16
16
16
16
16
16
16
28
28
37
37
37
37
37
37
37
37
45
43
43
32
61
61
-4
-4
-34
-34
54
11
11
67
38
38
38
38
10
40
40
40
35
19
32
36
36
66
66
22
41
41
81
-19
-1
17
17
21
13
13
35
16
16
28
26
26
9
9
13
40
35
35
12
12
12
12
12
12
2
2
21
21
21
21
48
48
9
9
0
0
25
25
13
23
23
23
23
36
16
16
16
16
16
42
20
20
32
29
17
17
13
36
36
23
25
25
38
53
37
43
43
24
24
24
35
50
50
50
8
8
1
6
6
34
16
45
36
76
39
45
16
67
105
34
20
41
50
50
20
40
44
27
27
20
8
40
21
22
21
25
35
25
41
59
100
-1
-1
12
26
-10
41
41
56
48
48
-36
-5
25
25
9
43
42
58
104
104
52
-20
-21
9
-7
57
58
35
-49
44
109
160
160
56
8
21
17
22
22
-34
49
28
28
75
29
51
80
102
71
9
-17
-35
-10
11
7