0
18
18
18
36
36
36
36
64
61
61
45
11
11
36
36
36
36
58
60
60
27
65
42
-21
-21
-21
33
33
33
33
33
33
59
59
99
241
241
294
294
311
50
-84
-84
-135
-135
-168
-117
-90
-53
-36
-36
-4
-4
-13
-13
-13
-13
12
12
1
1
83
34
34
132
132
132
68
-66
-66
53
24
1
4
4
-24
-42
-42
-49
-46
-46
-46
41
41
41
41
41
59
59
347
347
-281
-281
-281
-295
-295
-50
548
548
135
-231
-231
-177
-162
22
49
49
49
99
97
97
99
57
65
43
98
88
88
73
26
58
75
75
66
21
21
4
25
6
40
40
48
13
19
58
56
39
59
27
40
51
73
38
41
42
42
40
39
34
188
135
105
105
86
-149
-105
-102
-89
-19
43
43
64
37
56
28
27
28
28
8
54
57
43
-7
65
65
44
54
32
50
50
25
66
201
184
226
234
234
-99
-81
-108
-93
-29
-1
-20
-12
12
32
45
51
51
54
32
49
32
55
55
69
44
44
16
73
73
59
81
58
44
55
60
93
43
43
22
22
39
35
40
-4
42
67
67
55
34
69
56
56
64
50
-7
1
1
26
39
53
28
33
16
1
67
44
44
32
41
19
20
28
6
23
45
45
51
70
27
53
71
25
25
22
60
60
48
22
43
32
43
37
42
41
48
48
42
61
25
129
129
148
65
20
37
3
1
1
-45
24
24
0
18
18
32
17
17
22
23
76
36
36
25
25
5
8
8
34
24
32
41
55
43
16
52
52
53
49
9
-5
32
65
51
35
32
43
26
18
26
22
12
12
38
37
37
54
25
18
-1
-1
-25
-1
25
32
32
74
38
38
28
22
77
69
69
50
-28
16
49
52
21
23
50
70
55
7
7
-14
69
59
90
84
68
58
85
82
42
84
208
244
187
150
-28
-140
-142
-166
-58
-82
-53
-19
-12
21
58
25
48
51
48
37
33
17
60
70
53
35
54
51
56
70
25
50
87
57
11
87
39
-12
100
67
152
130
19
-18
-54
-66
-12
-21
4
17
23
40
38
9
18
76
65
10
68
80
140
211
278
212
92
-53
-170
-241
-210
-165
-91
-69
-39
48
56
7
11
42
89
65
71
72
84
105
43
54
72
48
39
39
65
34
22
21
32
61
76
36
106
83
59
-41
-59
-21
-20
61
22
57
52
73
56
38
13
34
27
36
6
11
13
64
40
50
41
21
-10
0
25
22
74
32
2
2
21
12
19
49
50
18
50
26
36
53
28
41
19
32
37
70
-5
33
59
55
5
21
34
-9
11
68
50
11
49
48
68
7
42
20
-8
52
71
41
54
66
82
68
153
220
243
87
-94
-154
-190
-180
-98
-42
-72
-35
16
48
76
76
57
80
20
83
35
91
102
49
44
39
-2
27
17
55
42
32
50
51
43
27
58
21
20
38
38
8
34
86
52
64
60
24
3
38
66
27
58
33
43
-2
37
27
55
105
112
107
56
-56
-49
-33
-18
-4
24
125
166
163
76
-4
-99
-71
-86
-23
7
-17
80
21
19
36
58
18
34
42
55
53
38
44
60
55
29
67
41
91
53
48
38
16
16
-40
-40
-40
-42
-42
-42
-55
-55
-2
-2
-2
-2
-2
-2
13
12
11
11
11
11
33
22
56
56
42
42
42
42
42
27
49
49
36
36
12
41
24
24
24
157
166
-103
-103
-82
-114
-114
-24
-24
65
-3
-3
-3
-3
28
24
24
24
10
12
39
44
21
21
3
3
19
19
19
19
49
49
27
32
32
32
68
68
38
137
169
179
179
179
179
82
82
82
36
36
-149
-149
-35
26
26
17
17
48
48
27
67
67
13
13
12
48
48
-60
-60
-60
-60
-60
-77
9
54
54
54
43
72
72
72
34
34
34
34
51
54
54
52
52
26
26
82
44
44
33
43
43
-17
-17
7
7
35
-6
200
200
220
164
5
-148
-148
-148
-129
-106
-92
-92
-4
-39
-39
103
103
120
66
-1
-1
28
50
50
50
50
50
65
65
23
23
19
122
122
-28
-28
-27
-6
-6
49
28
28
28
-18
-18
16
20
20
20
20
20
20
20
20
77
77
115
-4
-4
-4
-4
-4
-4
74
169
169
169
169
179
179
-65
-29
-29
20
84
84
118
66
66
100
66
66
66
80
43
12
42
42
98
98
100
16
16
16
24
21
59
21
28
70
70
5
54
54
64
64
53
53
53
18
38
38
11
19
55
96
96
96
162
189
189
208
27
45
73
51
59
8
4
4
12
-8
-19
3
3
19
23
42
65
57
49
49
-1
64
64
40
87
85
24
42
36
36
35
54
24
34
34
57
41
56
52
-4
-24
29
6
6
6
7
25
53
5
20
28
28
64
65
37
37
24
-11
-1
32
3
3
10
24
55
32
43
72
72
4
51
33
8
16
-11
4
12
43