0
32
35
35
17
10
66
66
36
20
20
20
20
20
20
20
25
25
37
51
-10
72
65
50
50
51
51
4
37
37
37
37
37
22
42
42
34
23
23
11
5
33
38
54
54
59
59
40
11
11
-9
-8
-8
5
36
36
36
36
36
36
35
35
44
34
34
1
1
1
1
18
18
-14
-14
32
41
41
41
43
43
68
68
53
74
74
18
54
54
32
32
-13
-19
-19
-19
1
1
1
45
43
43
74
45
33
2
1
1
5
3
3
26
26
89
77
80
91
34
42
13
17
17
39
-38
19
19
19
21
16
34
24
11
24
51
64
50
50
43
69
66
89
101
101
27
1
20
-5
16
91
49
49
5
4
26
10
32
17
17
11
60
71
38
38
34
25
25
65
16
28
39
39
22
17
33
28
28
70
65
9
23
21
57
57
69
39
34
32
11
-12
49
40
41
41
56
17
27
1
28
48
34
-7
-4
28
28
68
12
17
12
22
77
48
68
55
77
77
43
20
20
48
41
50
0
29
45
45
8
8
24
10
37
19
19
60
73
28
96
39
80
60
50
66
66
65
59
29
12
52
34
34
57
116
156
147
122
138
55
-7
10
2
9
23
27
4
11
5
85
107
56
42
77
37
0
58
66
49
28
28
40
16
-21
-6
9
49
49
38
11
8
8
17
20
73
69
82
105
54
3
3
18
22
23
86
18
45
10
10
42
41
67
58
42
64
59
69
10
10
18
37
42
37
23
7
56
58
58
27
-8
58
119
76
60
60
-39
18
40
40
38
2
36
66
66
67
3
-8
-4
-4
4
-18
52
59
59
25
66
40
29
39
61
61
36
11
64
76
76
24
40
40
37
37
23
7
-2
43
74
35
21
58
42
9
27
65
40
60
53
9
40
26
89
8
9
74
68
53
50
50
-12
-5
-1
25
37
58
45
2
-9
21
4
50
50
99
74
41
68
88
33
23
41
99
8
17
-27
-5
-9
12
-1
55
52
16
91
29
4
26
17
-6
125
69
45
2
91
36
59
2
-10
-45
-9
37
24
29
1
112
18
0
-10
181
171
51
138
-42
97
-113
-10
-21
27
0
23
123
54
39
-5
27
1
22
17
49
119
9
60
9
16
60
24
36
56
2
7
27
39
19
52
-22
12
37
32
7
59
45
66
53
3
64
39
65
6
11
44
34
39
28
48
-2
25
2
48
58
17
28
49
-23
35
41
96
88
36
-13
4
11
0
9
50
41
10
81
33
3
6
11
55
8
22
45
9
58
54
55
18
74
27
49
5
20
17
74
82
65
40
12
22
48
17
39
23
38
20
22
-11
22
36
50
65
10
33
53
41
90
3
20
18
21
70
53
38
21
23
18
36
16
34
44
25
42
33
28
25
-10
12
-6
38
28
16
37
27
33
-14
43
81
27
56
41
5
44
9
17
28
38
28
48
36
35
32
26
73
49
5
4
53
8
38
53
69
1
61
60
21
36
65
36
24
19
20
25
24
12
65
23
16
56
16
20
48
52
64
41
50
55
28
27
27
24
24
18
18
18
17
-29
-29
-29
-29
-28
-28
-18
-18
9
9
9
9
-2
-2
55
27
18
34
34
34
25
25
42
52
52
101
101
85
85
2
23
23
24
25
25
25
24
24
8
8
10
25
25
20
65
65
40
90
90
56
56
3
-34
-34
-34
5
5
64
64
50
87
87
27
41
58
17
26
26
25
60
52
6
6
32
29
32
32
41
41
69
98
98
42
49
49
49
6
17
33
18
18
-22
5
5
5
5
84
84
84
6
-5
-5
33
48
6
6
6
6
37
-4
74
57
57
26
26
0
0
8
-24
-24
59
-5
-5
34
34
34
34
20
20
21
21
21
21
-4
-4
-4
-4
71
71
71
34
50
12
12
12
12
12
12
12
12
12
12
20
23
23
23
41
27
10
10
10
10
10
-2
-2
37
32
32
33
68
68
52
42
44
22
22
22
22
7
17
26
-2
-2
59
59
59
34
22
22
36
6
6
135
55
55
50
-3
-3
-42
-37
53
29
59
59
19
19
68
68
38
38
38
56
40
38
2
10
10
33
-23
-23
-23
-3
-3
-3
12
23
52
26
-1
-1
-29
17
17
-12
43
43
40
39
38
38
5
32
32
32
32
65
65
59
-21
13
13
32
52
52
8
28
28
23
23
22
83
36
96
99
68
42
71
71
45
6
25
38
26
61
26
12
12
25
52
-2
24
13
13
29
28
55
53
53
29
34
9
32
32
42
18
55
58
42
22
25
37
52
52
86
50
59
12
86
84
360
404
370
187
189
82
-23
-56
-77
-77
-292
-365
-324
-222
-222
61
97
68
83
161
151
171
171
180
129
74
43
65
48
48
86
146
90
56