0
-58
-36
-49
10
-33
-17
-68
-22
-62
-7
18
45
4
-53
26
51
133
20
-74
6
49
74
57
-54
-33
-1
35
98
27
-36
-11
6
66
23
65
4
-68
60
74
59
59
52
19
45
48
21
-6
23
-12
25
17
82
76
90
90
71
104
104
-34
-61
-61
-41
-41
-41
-7
-7
20
37
37
52
-26
24
24
38
38
26
26
26
-5
75
74
44
44
44
51
74
74
85
-35
67
67
23
41
37
27
27
27
37
106
106
32
53
53
-40
-40
11
26
34
20
36
36
82
82
82
48
75
75
73
104
104
-9
-28
-28
1
9
9
18
8
8
45
34
33
33
38
25
-11
-28
-28
-19
-39
-39
6
23
23
60
28
28
25
24
33
33
33
5
5
18
18
18
60
60
43
33
67
67
42
38
38
26
41
-12
43
67
67
55
48
75
75
11
72
64
65
65
65
75
75
74
74
40
72
72
9
9
35
-13
-11
-11
82
82
56
50
-13
-13
25
112
72
36
-13
34
34
34
34
34
34
34
40
40
40
40
40
40
98
35
-2
-2
-2
-5
25
25
10
-99
-99
-60
-65
-44
-44
-115
-115
-115
-115
-115
-33
74
74
112
52
52
52
52
185
-11
7
7
7
108
108
75
80
33
26
24
24
24
24
24
22
22
60
60
32
32
48
48
18
34
34
71
10
7
27
27
27
27
65
65
37
37
37
43
-27
-27
-27
-27
11
28
28
28
48
51
51
84
84
109
105
92
92
57
87
87
87
105
105
16
16
16
2
91
91
60
45
19
28
37
38
119
213
213
243
163
4
-138
-113
-110
-130
-99
-52
-52
-49
-61
104
320
269
280
280
5
-170
-84
-137
-137
-72
7
51
71
71
34
12
1
33
67
36
36
-27
-130
19
-40
-40
59
4
4
20
43
24
119
49
-10
-10
8
113
113
162
99
-6
-21
20
44
42
36
21
45
22
22
100
20
20
1
35
5
51
69
59
55
74
26
-1
43
73
73
27
2
-2
-2
21
-21
58
58
49
64
87
72
68
40
40
76
36
69
28
3
9
12
35
67
74
51
42
45
36
58
58
70
34
28
28
27
42
19
-43
64
66
66
140
41
3
-13
-13
13
-3
-13
6
-7
83
58
58
49
60
91
18
-5
1
28
-5
16
16
28
25
41
21
68
66
66
87
1
20
43
65
41
41
35
48
72
87
52
48
89
114
128
216
138
97
76
49
-220
-158
-179
-179
-90
-82
26
36
57
20
20
34
73
43
70
70
19
54
39
48
32
-2
40
40
56
35
139
113
113
83
-13
13
29
29
23
29
-33
6
17
0
-6
73
73
52
32
7
11
22
58
58
3
32
32
27
60
37
64
42
54
54
19
33
33
49
9
44
39
39
-4
43
-22
61
53
41
61
41
76
71
106
48
87
37
20
38
42
41
33
-1
23
37
52
34
51
42
40
-3
108
164
179
70
28
-154
-130
-117
-98
-57
-29
-29
25
70
98
101
154
339
385
163
-24
-107
-139
-98
-107
-27
-36
-14
9
39
36
26
23
35
51
40
77
35
28
23
41
9
9
70
66
38
65
24
51
51
57
70
57
48
23
42
48
48
53
51
66
27
-34
-23
-6
22
3
7
12
9
49
56
19
48
-10
58
9
28
21
17
-22
9
18
64
22
68
45
55
8
6
-36
16
27
36
50
39
58
51
-13
24
0
60
27
8
34
21
38
42
19
23
56
34
3
24
29
58
55
208
139
140
-25
-51
-150
-116
-59
-60
-12
0
-18
72
45
39
74
35
36
53
20
16
65
51
48
80
24
42
42
22
33
64
38
44
8
64
27
17
40
1
42
41
52
37
57
6
16
26
53
70
34
5
35
35
139
19
9
-53
-36
-30
-3
58
133
48
33
38
11
16
37
19
65
-5
28
25
57
33
12
16
40
52
77
41
34
13
44
39
84
59
22
85
10
-39
42
-25
-3
19
26
48
8
74
-18
74
50
74
-2
-2
69
55
71
16
28
24
5
33
45
59
8
22
8
36
38
28
51
7
42
7
54
20
40
4
35
10
19
11
43
21
19
67
22
53
28
25
68
41
27
27
16
16
16
6
6
1
-27
-27
-3
40
40
1
9
9
17
39
98
98
36
36
11
34
37
18
28
9
9
9
9
-9
16
16
16
28
40
40
12
34
34
60
60
60
35
35
35
35
28
60
60
60
72
72
73
73
73
-36
24
24
58
64
35
35
2
-24
-24
-24
53
53
51
51
103
103
64
64
12
20
20
22
22
22
4
4
29
29
43
42
12
12
28
28
-3
33
33
-46
-46
9
9
35
35
17
17
68
26
1
38
0
0
27
20
20
54
54
71
71
71
71
50
29
80
80
-2
18
18
16
60
60
25
39
39
36
36
36
19
19
38
104
104
54
54
54
34
26
26