0
52
49
27
66
17
7
42
24
51
101
88
176
309
388
365
240
82
-38
-88
-73
-117
-130
-61
-132
-94
-85
-69
-51
13
-10
-11
26
-7
7
17
75
-1
-13
16
45
-34
39
28
12
49
68
44
8
34
-5
48
55
4
-39
-26
65
42
32
48
1
67
103
88
-28
-6
84
57
40
22
-5
44
53
49
35
59
56
32
18
23
76
57
4
-19
42
13
60
10
-11
12
51
114
49
-23
37
70
65
3
34
5
11
-29
-11
26
17
66
43
2
32
57
0
20
-23
19
17
52
37
-2
36
107
28
71
60
-4
54
59
43
52
59
-3
-38
-5
54
60
26
-23
18
61
22
42
77
34
9
33
43
100
60
33
36
-10
-6
48
49
72
32
16
35
70
34
38
53
-52
39
58
54
73
41
11
20
27
44
38
68
52
-6
38
73
32
-14
44
60
89
33
56
1
1
55
59
32
-6
12
38
84
82
21
9
26
26
39
40
3
-4
35
27
69
49
36
-4
48
86
86
16
8
-11
43
-4
5
41
7
50
43
5
65
50
19
4
44
24
39
1
83
51
-23
-12
-49
51
41
36
21
23
20
118
64
85
35
-65
-27
12
38
20
23
43
91
57
27
16
16
37
37
37
102
-12
-12
-12
-12
-35
-35
36
-8
-33
-12
-12
10
-12
10
10
17
80
80
91
91
60
8
90
-26
-38
-42
-33
-13
9
9
24
24
40
40
32
16
70
70
2
2
-10
-36
-36
45
-2
-2
27
72
72
72
72
17
17
20
42
29
39
39
25
-34
-34
-34
44
44
11
55
73
72
72
-11
-2
20
34
28
28
12
12
61
61
61
64
27
48
34
34
34
41
65
65
8
28
55
55
55
80
98
98
55
-9
23
23
23
23
23
17
17
20
39
69
-4
64
64
-8
-8
35
35
35
49
9
-11
-11
64
40
40
-34
33
33
8
50
37
37
49
28
16
16
17
17
-4
1
1
69
37
29
54
19
19
6
6
6
16
16
51
41
75
75
36
36
13
13
107
-21
-21
-21
-21
58
6
4
68
68
43
43
-4
66
16
16
10
27
27
90
90
86
86
-13
-24
10
18
18
54
54
-3
11
28
17
-14
-14
42
42
84
54
85
5
-12
12
43
43
-24
41
41
76
76
100
65
65
7
7
12
12
-1
42
42
36
36
24
49
18
24
24
24
82
82
82
82
34
34
39
39
29
85
85
77
23
68
68
18
-33
-9
-9
97
21
21
61
65
65
39
39
88
88
16
16
23
16
83
86
98
103
-24
1
-25
91
91
18
42
40
33
33
55
45
84
85
85
-41
49
43
43
88
-25
2
8
23
23
38
9
5
21
7
29
73
-30
-30
1
80
103
76
76
21
52
52
13
25
17
28
35
37
18
23
23
27
57
57
26
0
-4
-50
55
86
81
68
68
64
45
45
69
80
58
17
36
25
2
64
72
72
55
23
-1
23
35
17
17
12
6
18
18
57
61
70
0
8
36
71
8
59
75
75
85
85
11
34
34
48
21
20
51
51
82
85
59
59
9
9
43
36
36
53
51
76
88
-34
32
21
21
51
19
39
17
-17
50
16
-5
17
17
10
28
-5
-17
-17
20
53
24
-9
21
32
37
60
60
38
59
57
50
36
26
26
44
13
56
32
32
43
58
16
-10
26
-1
-1
82
75
43
43
6
28
12
0
0
35
10
-3
-2
6
6
13
-24
69
69
73
112
36
57
57
57
36
-2
37
44
28
3
72
80
72
50
21
49
53
50
35
59
67
54
49
75
-4
36
40
60
76
57
80
80
40
33
24
21
6
18
18
-1
6
38
23
40
40
35
28
28
66
38
38
-14
-14
9
-7
-7
-17
13
13
51
29
58
50
85
48
39
59
36
38
44
81
8
65
45
33
41
35
19
55
53
71
-55
-40
-5
-5
59
35
33
37
69
37
49
48
4
10
19
24
18
16
81
37
59
-37
71
35
17
65
43
-7
-6
-9
99
93
67
21
-33
-20
0
70
23
41
100
43
24
90
-11
26
16
9
9
43
1
73
9
41
39
70
42
10
53
20
66
-17
11
64
53
83
-24
12
-10
100
70
48
-24
21
40
27
68
26
21
23
8
33
8
60
60
2
24
55
40
53
51
23
12
11
51
72
52
-3
-24
60
-17
26
41
51
42
8
10
72
19
22
-9
1
51
77
80
65
42
-8
6
-12
-14
5
-26
-94
-30
25
112
65
71
52
92
80
123
117
170
97
53
-42
-34
-155
-113
-97
-46
19
8
80
73
152
119
149
83
114
-2
-117
-123
-58
-70
-23
-12
4
33
64
75
59
-6
40
44
90
48
43
37
64
81
-2
67
32
51
56
48
91
42
21
54
35
39
70
59
87
49
40
26
42
9
50
26
42
168
251
241
202
178
56
-26
-42