0
38
7
42
45
6
33
42
57
33
37
-5
21
2
10
64
18
2
42
28
28
41
50
21
19
89
89
183
173
92
-2
-77
-141
-88
-55
-22
-3
-35
-10
12
21
36
55
61
52
124
51
-7
-21
21
85
52
187
297
221
186
-78
-194
-171
-145
-102
-38
-17
18
40
36
22
25
25
43
40
32
50
34
29
58
61
88
22
-1
18
36
77
41
72
42
50
43
22
52
71
51
42
2
3
9
57
6
49
39
48
73
4
35
33
8
70
73
53
36
7
32
39
12
43
-1
7
35
28
50
0
-17
5
28
21
9
70
66
74
24
25
37
23
42
7
17
52
45
35
45
16
38
35
45
67
41
24
2
16
19
36
49
25
40
19
42
29
20
37
50
18
56
24
19
6
-5
6
35
26
22
21
43
11
25
51
18
26
57
29
51
51
43
77
7
13
9
18
50
16
8
32
60
-2
51
83
56
56
21
18
42
5
21
33
38
57
54
18
56
4
9
32
38
-6
32
70
66
58
124
138
179
151
157
115
-8
-90
-123
-145
-113
-58
-53
-5
45
10
51
-1
7
41
68
-17
36
70
49
5
0
66
48
48
57
57
21
18
38
19
19
19
-20
-20
-34
23
23
27
81
45
54
38
38
37
37
-10
11
25
-1
1
4
-8
-8
-8
12
1
5
16
37
37
42
42
49
21
21
2
21
21
43
32
32
38
38
37
9
9
4
17
17
32
57
11
11
24
24
59
59
76
72
36
21
-6
11
8
6
42
42
26
26
32
71
27
27
74
42
42
40
40
43
43
42
39
39
34
18
18
18
18
-22
-13
4
3
3
3
64
64
36
36
50
49
49
9
-20
44
23
23
23
11
11
37
34
34
56
56
56
5
33
33
41
41
33
112
112
112
145
-91
-91
-122
-134
-130
-60
48
48
48
17
17
41
41
51
51
51
59
42
-1
16
16
41
24
24
10
10
10
51
51
87
83
83
27
6
6
22
34
38
38
20
20
50
50
13
43
43
108
39
44
44
40
50
50
22
22
4
4
59
34
34
56
56
56
41
51
51
22
32
52
23
18
18
41
4
42
42
54
41
41
45
45
45
33
43
-3
32
32
-1
52
52
52
52
19
19
8
8
5
28
28
16
70
53
19
49
24
24
24
72
72
72
43
35
35
35
66
56
56
56
77
20
-19
3
3
32
32
36
26
3
3
16
16
21
8
8
8
35
53
51
86
58
50
50
28
58
1
39
38
37
37
53
57
89
68
68
-3
29
29
16
22
52
59
80
68
68
38
37
37
9
20
-7
53
33
26
49
35
26
39
38
38
38
20
20
17
20
54
89
82
56
56
56
20
-3
9
9
25
35
58
-1
-1
54
60
69
43
43
65
82
67
50
1
0
-20
-20
-6
-17
40
29
17
33
34
8
8
40
32
50
68
84
68
68
37
32
23
27
27
4
35
20
36
17
35
16
16
53
20
40
61
11
8
26
70
64
56
71
-2
-3
-19
18
-3
45
58
58
45
61
53
37
41
10
35
40
43
64
64
52
54
42
49
49
60
39
39
1
9
1
20
37
39
17
39
203
164
221
242
242
89
138
138
168
128
81
-203
-203
-244
-262
-376
-214
-133
-70
-62
18
131
131
113
132
180
180
101
76
107
74
34
61
27
27
54
64
74
90
-58
68
8
8
64
8
22
34
42
35
35
68
60
54
54
90
54
32
71
71
106
52
36
37
23
23
-3
8
29
29
76
39
53
50
32
45
29
86
36
36
27
28
4
42
67
42
83
32
36
36
38
84
-17
-4
3
3
34
-17
-17
98
65
-7
-2
-2
50
11
-24
70
74
28
11
-10
-37
56
13
27
-20
13
3
86
7
70
39
131
164
200
154
114
-109
-138
-161
-91
-85
-22
-38
60
-3
38
0
37
12
12
23
10
9
42
84
33
42
32
71
1
24
9
114
12
42
50
56
34
-6
28
77
12
48
27
50
17
42
35
61
24
28
-1
80
-12
34
11
12
52
28
32
17
22
40
10
69
35
119
183
246
210
86
22
-107
-200
-157
-57
-50
-56
-58
-25
48
-3
1
20
82
21
18
72
67
42
25
84
45
81
39
75
34
39
28
26
7
67
28
32
32
48
35
34
44
24
33
22
89
64
35
43
3
9
18
12
28
61
72
40
2
39
33
49
58
7
40
21
25
40
49
6
2
0
28
36
51
58
22
34
16
53
28
53
35
8
58
34
10
26
-21
36
20
69
-2
51
59
12
44
52
27
54
9
17
41
38
21
24
77
44
11
4
21
41
26
60
57
35
49
48
12
20
81
37
19
-5
3
55
12
51
25
40
32
39
-6
58
29
18
44
4
48
6
66
64
45
17
1
24
21
20