0
33
81
66
64
48
56
86
29
21
21
54
50
29
10
10
41
-20
-20
50
101
37
45
64
58
56
36
3
16
32
50
27
7
28
80
25
38
19
23
38
23
23
23
0
-9
5
-2
-2
105
39
52
4
4
24
32
20
54
27
92
51
19
20
27
27
59
76
23
68
68
49
-6
-22
20
8
5
8
8
26
82
82
43
23
209
73
-19
-30
-30
-110
-65
-65
-4
-1
34
3
6
-22
10
10
7
6
41
59
59
17
23
27
48
49
32
37
42
42
12
73
60
49
69
73
24
37
37
28
16
41
17
34
28
28
19
20
21
20
73
26
4
4
17
22
44
25
35
81
81
57
51
-36
7
7
17
68
58
28
100
52
45
36
23
23
-4
40
35
21
37
37
54
44
32
32
42
21
17
9
27
89
-2
-1
38
84
39
-11
128
22
32
58
124
123
91
131
149
150
24
52
-153
-133
-108
-145
-8
-46
57
65
32
91
65
36
28
13
60
13
-14
-24
1
16
2
67
105
18
20
58
58
26
-13
65
23
96
66
36
74
81
18
16
4
26
179
201
192
185
-38
-137
-104
-106
-34
-23
4
37
48
66
23
-9
57
33
84
32
57
27
35
-11
74
5
48
-10
38
33
89
-9
105
19
53
36
26
114
44
24
27
7
97
11
-40
70
18
22
10
80
48
250
53
-132
-49
34
11
-6
-42
20
12
108
41
116
36
141
149
28
68
12
52
-18
4
56
-37
68
4
19
19
-12
20
50
80
83
-6
21
120
145
72
128
39
27
50
29
8
1
42
22
83
7
16
130
117
132
136
146
96
85
53
84
109
96
-5
-61
-11
-105
-60
-84
-66
-102
-56
26
23
-21
-4
19
-4
-11
-1
-4
73
32
20
-25
33
-35
-3
27
48
50
41
20
19
171
73
3
18
51
6
22
0
59
24
52
-27
39
19
53
48
12
60
-12
2
-6
76
33
90
17
22
3
27
41
3
71
-18
37
48
24
51
56
35
-34
3
-25
-6
32
42
17
17
56
45
-1
42
104
-40
-41
84
-71
82
40
56
-3
129
12
-40
150
40
57
-22
173
29
54
-42
71
67
64
88
82
53
68
-6
-76
38
-8
-8
-8
61
17
17
10
0
-8
-5
20
5
161
161
49
-13
18
27
38
38
-28
45
45
166
-18
-18
-18
-18
-43
-43
20
20
10
7
76
107
107
107
107
73
73
73
73
73
73
75
75
75
75
42
24
24
71
71
38
56
34
34
37
53
53
50
70
70
89
73
73
36
36
19
49
49
-6
-6
36
36
25
8
4
-17
-17
0
69
69
-23
35
60
67
67
28
28
28
48
6
6
134
237
237
237
237
161
161
-18
-44
-44
-44
34
34
34
38
71
71
20
20
26
26
13
13
20
38
39
39
39
39
53
53
-10
-10
6
6
45
45
45
19
19
10
10
-10
-10
41
51
51
52
32
32
35
24
24
24
24
16
41
41
16
16
9
55
61
61
39
24
32
32
32
93
-52
-52
-7
-25
-25
44
108
108
169
169
39
1
1
-12
48
-12
-12
52
52
55
59
3
-28
-61
7
7
7
7
7
-26
-52
-52
-52
-52
20
20
5
5
60
263
263
1306
1306
278
-1092
-1092
-1112
-1112
-1057
-641
-641
-641
-641
-229
74
74
49
48
120
183
134
134
169
153
153
153
135
166
166
116
134
134
134
77
155
117
155
155
154
154
115
136
114
-6
18
50
50
4
25
54
48
48
48
26
4
4
25
-13
20
20
27
36
58
96
96
85
53
54
50
21
152
196
215
217
217
92
-65
-36
-53
-75
-85
-39
25
57
22
22
85
235
235
203
169
352
433
410
448
165
-67
-67
-119
-279
-294
-276
-230
-265
-265
-205
-198
-107
-65
1
25
-11
-115
-177
-171
-236
-236
-163
-89
-17
-24
-24
164
147
108
124
124
155
131
168
162
85
101
88
88
136
68
86
89
89
91
12
11
32
22
-27
58
48
0
0
3
10
10
50
2
40
20
20
66
11
16
-2
45
42
74
74
72
105
88
53
77
67
69
36
66
61
67
67
208
201
217
216
216
-41
-43
-43
-82
-41
-81
19
19
16
10
104
75
58
65
65
80
27
44
56
56
-27
107
100
67
81
58
22
22
54
84
73
67
33
34
39
40
18
50
74
74
23
19
19
49
58
20
51
16
21
24
48
68
88
43
53
53
5
5
52
74
2
36
23
23
36
7
13
53
6
26
26
18
34
21
51
93
19
8
11
5
5
59
64
64
67
69
13
51
19
101
6
6
6
-7
101
101
56
72
13
4
4
84
102
102
88
34
34
-9
-9
0
24
98
59
119
76
89
119
13
22
22
-114
-91
-66
-56
-56
-53
4
4
-6
-17
36
27
51
73
119
153
98
4
10
-38
-33
55
57
54
12
90
43
43
41
40
-2
42
49
58
57
38
36