0
2
-70
130
89
51
6
21
60
59
69
-10
-41
0
112
21
130
-35
-12
80
-55
52
-25
55
48
38
65
18
36
-5
59
82
76
35
-9
5
28
65
51
9
-1
44
-18
29
44
41
38
48
0
56
39
39
39
38
38
-18
-25
-25
72
72
24
38
38
89
89
41
41
27
13
13
-12
59
59
59
34
34
34
43
43
43
67
67
48
48
48
12
65
65
6
6
6
4
4
-10
-12
17
41
41
58
40
40
64
20
34
35
16
16
16
29
60
60
60
69
69
51
51
54
54
54
33
51
24
24
50
18
38
44
44
44
50
50
50
50
50
34
17
17
-10
-10
50
70
70
40
4
4
51
10
10
53
53
27
69
23
23
24
57
57
37
-2
-2
20
20
7
1
1
54
59
59
11
53
53
35
35
28
10
73
39
18
18
12
40
40
-9
-9
9
52
52
24
41
41
-39
27
54
54
67
67
54
17
22
38
18
18
12
12
40
40
39
39
40
51
51
44
44
16
42
38
38
17
36
85
85
91
91
-26
-26
-53
55
69
114
80
80
80
41
41
-21
-20
-19
37
37
70
70
72
-8
-8
-3
-2
27
27
33
33
72
54
54
81
81
42
-5
41
41
18
18
-11
-11
-11
8
56
24
24
38
34
24
65
65
39
6
28
28
28
28
28
28
27
27
27
27
25
25
28
22
26
26
52
52
18
22
32
41
41
28
28
44
4
4
21
51
51
-3
-1
41
-10
80
41
60
60
76
43
55
66
70
44
37
13
40
32
68
68
-27
67
67
65
66
67
56
76
66
66
8
59
55
48
55
0
27
57
69
69
4
21
21
37
57
-23
54
33
-13
-13
0
2
12
25
9
-20
56
57
57
1
55
55
69
27
69
39
24
28
27
54
54
28
24
45
5
52
41
53
50
22
33
50
17
10
51
59
59
56
51
-19
13
19
9
18
18
105
99
83
83
41
18
18
26
43
49
37
66
19
19
1
42
59
67
65
34
4
43
25
25
57
33
33
67
53
-6
48
83
103
37
64
64
56
21
-19
43
43
-12
40
26
61
61
38
64
101
57
65
70
70
33
22
67
67
52
54
37
40
49
52
49
9
40
40
26
5
-17
36
56
56
66
6
6
-19
34
34
70
51
53
27
27
20
37
42
53
61
36
33
34
69
69
48
80
51
54
69
25
10
10
26
25
26
39
39
72
50
50
17
60
36
27
27
75
113
66
66
71
-2
38
71
76
52
23
48
48
48
32
19
-12
-6
-4
65
58
84
84
81
34
-7
18
37
57
57
21
24
24
18
27
44
72
72
65
38
12
50
56
88
88
36
27
37
67
-65
22
50
90
83
68
44
19
57
54
53
16
7
27
24
6
23
-20
17
21
11
49
38
28
50
18
33
52
48
19
19
17
22
75
65
10
39
24
28
1
25
88
33
9
41
-11
49
28
54
19
66
54
28
36
19
34
22
22
84
37
25
39
22
11
-1
2
41
21
23
36
83
48
57
20
43
74
-1
21
11
54
32
-2
44
19
48
17
106
36
49
3
9
22
16
37
-6
52
37
24
44
56
-8
22
32
33
23
20
66
53
-9
16
9
25
65
39
43
58
73
10
27
-5
4
25
8
20
4
53
23
6
34
82
80
71
25
98
18
-12
54
52
58
82
38
65
24
41
58
21
17
26
6
11
24
32
35
12
35
4
-10
23
44
17
40
7
20
-9
59
16
37
52
35
37
71
-4
4
40
-5
50
-4
44
41
69
-10
44
34
45
27
52
57
0
-21
37
9
-3
18
40
40
103
136
22
-7
-38
-19
-12
23
12
12
34
42
26
27
53
64
19
12
27
19
42
48
42
16
24
45
50
37
11
48
68
57
24
86
68
28
20
42
25
-9
-6
21
9
8
20
16
55
53
42
66
50
41
32
21
24
36
19
59
20
18
21
-4
75
53
59
27
36
7
8
53
6
41
56
82
6
7
27
27
49
6
-10
21
45
24
35
9
44
120
28
4
3
3
-12
-6
-6
-6
-22
-22
12
10
10
3
6
6
56
21
21
36
36
23
23
76
59
59
86
86
86
68
-8
-8
-8
-8
-8
16
16
38
67
67
6
6
57
24
24
10
10
10
57
57
57
57
57
35
35
35
35
35
37
-34
28
28
-10
-10
11
27
27
27
27
27
27
33
33
76
76
21
25
21
21
26
2
2
2
2
2
12
12
26
25
25
53
58
58
26
24
24
38
28
-5
27
22
36
53
36
43
29
16
7
7
21
27
22
22
29
34
49
49
21
21
42
42
16
23
45
16
16
17
22
6
21
12
12
20
20
26
44
44
43
38
38
38
-13
11
11
11
34
56
56
55
55
69
48