0
37
13
75
60
74
34
27
25
25
3
48
50
100
150
114
16
-7
-14
5
-33
8
56
11
7
13
20
4
34
7
56
49
17
-4
42
3
1
49
-13
-18
16
20
-8
28
-18
51
49
34
43
81
36
28
27
0
35
26
48
37
59
9
33
34
12
19
49
43
39
19
34
28
34
52
12
40
65
40
50
52
-7
33
-20
20
10
25
-2
122
85
4
10
-10
28
34
3
20
22
19
34
28
10
49
-5
25
34
28
50
40
51
33
10
9
55
42
19
58
85
84
58
56
-26
85
12
6
19
16
-19
7
45
8
38
48
9
40
18
43
-7
-29
60
19
18
19
44
48
1
33
48
44
-1
27
26
-2
61
40
1
16
54
38
-3
3
36
54
9
51
38
43
56
54
29
34
57
12
43
67
32
36
8
38
9
44
24
33
11
2
34
-7
7
10
38
48
19
44
51
22
37
42
6
57
48
25
20
32
39
45
35
22
55
18
23
40
4
40
7
42
145
227
202
73
-20
-55
-67
-61
-45
-27
11
16
-36
58
12
22
22
32
59
34
68
88
59
50
41
-5
76
29
21
57
27
50
-3
34
38
4
23
67
26
26
21
10
10
25
-17
-17
4
16
16
40
28
28
28
32
32
13
-3
-3
19
-21
-21
65
65
24
38
10
10
10
-9
-8
-8
-8
35
18
18
39
39
41
40
40
33
-5
-5
-5
91
67
67
72
50
32
32
32
32
20
20
20
20
28
26
28
52
32
32
-7
57
57
21
17
55
53
1
52
50
50
72
13
13
13
43
72
72
39
64
103
103
12
12
34
27
27
-71
-24
-24
-4
-4
18
18
18
29
29
23
4
4
19
25
25
21
53
37
37
44
36
36
51
51
43
17
17
17
20
51
26
26
68
70
50
50
19
29
11
11
11
11
3
3
35
26
26
55
26
26
37
37
9
33
33
49
-3
-3
22
52
51
10
40
22
22
59
59
-25
-25
-25
-25
-25
-3
-3
23
38
38
20
23
23
50
41
41
10
18
18
18
18
18
19
19
38
37
68
48
48
41
41
41
21
5
5
20
20
67
55
55
28
28
49
28
71
71
39
39
39
35
29
29
67
67
9
12
6
42
42
42
18
10
29
29
23
39
39
39
39
39
49
49
12
39
39
45
20
20
37
44
44
44
44
44
54
26
43
6
6
49
48
48
18
50
50
21
16
16
16
16
16
20
75
75
35
83
44
54
72
-7
-7
27
1
-1
18
18
13
13
75
90
22
26
12
26
16
50
12
49
49
51
22
5
16
32
81
25
16
16
18
19
41
9
9
2
32
11
102
89
115
59
71
2
-6
53
53
43
22
27
52
59
48
37
34
34
35
34
52
72
72
68
24
59
8
8
42
13
64
11
22
67
71
-30
40
32
36
50
42
22
24
34
38
38
4
9
24
44
25
12
51
51
61
-2
68
45
45
55
45
19
4
23
43
43
8
42
44
39
45
54
56
50
50
51
21
52
52
105
40
37
-12
59
27
32
25
-5
-5
49
38
37
48
38
9
9
65
-4
0
87
87
123
16
16
-2
2
52
64
64
119
57
5
75
115
20
20
69
65
65
71
19
-39
-25
-17
32
32
-49
-52
-11
21
41
-13
76
60
77
77
71
6
-11
32
23
-33
48
72
72
54
-6
6
18
13
43
43
17
17
17
49
-24
40
44
52
68
68
27
88
71
28
28
9
9
1
16
33
26
6
23
70
26
53
27
16
16
4
6
6
-1
67
45
67
53
54
54
37
25
25
26
20
38
26
104
51
51
0
71
24
18
55
53
16
40
55
54
43
52
48
61
96
74
75
39
28
-2
53
48
22
19
37
9
24
-13
42
27
49
57
12
-17
22
26
48
40
73
17
38
27
49
7
39
76
5
27
26
61
29
49
51
34
27
11
43
26
43
-3
9
17
38
16
59
21
39
-13
87
-18
28
24
-3
24
59
28
21
-1
27
6
-8
44
25
22
21
9
32
40
24
36
23
17
50
16
37
49
68
49
28
8
12
-7
18
13
16
33
18
-5
24
40
3
17
49
38
21
20
18
27
27
38
10
49
33
23
10
1
-4
89
52
25
44
-7
12
20
36
-3
42
26
76
50
1
33
22
36
26
12
34
48
43
26
36
42
25
26
19
25
10
77
34
38
20
19
20
9
12
26
6
5
26
25
99
38
32
5
41
38
26
27
21
55
52
24
19
-4
69
12
43
54
9
66
-1
21
36
23
36
35
19
21
32
10
43
25
24
32
69
8
55
45
28
0
12
6
-37
16
48
66
29
40
9
26
27
13
-29
40
27
38
19
26
54
36
72
64
26
9
53
-20
17
75
35
35
28
43
32