0
48
32
51
-18
49
24
24
36
1
1
21
-53
58
51
12
12
101
13
-18
-18
-2
-41
36
26
69
71
55
16
64
84
39
39
73
70
73
91
25
18
60
39
57
69
23
23
137
250
1
76
88
-10
57
89
-29
43
28
28
65
25
40
96
-18
-6
72
65
44
44
-24
1
-11
60
60
85
-19
7
65
87
90
36
26
26
26
35
20
20
50
-26
-26
35
5
25
41
67
76
35
37
20
20
1
36
35
12
17
2
-2
49
49
35
16
19
0
0
23
49
64
59
97
93
93
36
12
12
27
65
13
54
59
51
-44
48
51
43
-9
-4
-4
43
10
10
10
57
52
48
57
33
39
8
-9
51
45
16
16
40
40
67
99
50
52
81
75
41
13
13
18
-12
17
-34
-34
41
61
104
-7
58
23
58
33
38
33
-11
-2
59
66
68
40
60
106
32
-5
22
-7
11
71
28
50
60
21
27
-13
43
43
-27
26
34
17
28
-26
99
128
53
2
-11
8
26
34
52
11
42
49
43
-2
-2
44
34
73
37
60
56
27
55
26
52
-4
-5
-5
42
38
43
32
-2
97
52
21
-2
4
39
72
12
59
41
17
11
21
36
38
23
39
-17
76
45
37
48
21
51
-8
35
13
23
73
55
69
27
19
70
32
55
44
52
44
-11
1
4
-8
20
27
54
74
39
97
87
36
105
0
-13
44
4
73
19
22
55
33
49
51
35
9
6
12
22
2
33
43
50
58
81
64
25
28
-1
16
4
28
36
28
13
38
43
57
71
71
75
26
69
83
74
35
49
39
48
59
27
37
-1
10
21
23
42
35
37
3
-13
11
28
40
55
9
32
5
85
81
13
38
65
22
-6
50
36
19
16
32
20
18
36
33
44
72
45
22
26
22
9
8
28
-8
42
35
3
0
1
37
48
22
38
11
10
57
16
4
58
48
29
58
51
8
55
5
7
56
56
19
20
2
49
16
36
32
70
81
144
28
-8
-8
-19
67
22
48
28
65
40
37
43
66
-13
-4
26
27
55
32
56
87
33
55
18
72
11
2
17
-10
64
27
8
8
36
26
16
38
38
25
25
38
21
21
13
13
-7
7
10
21
21
5
52
52
5
5
28
-41
-41
7
7
7
17
37
37
7
7
16
36
26
26
32
9
9
9
9
7
7
7
18
18
44
58
58
33
59
9
10
16
16
34
8
8
58
58
52
33
44
44
-10
8
8
8
8
8
19
19
-22
19
19
28
28
28
34
34
9
50
50
50
50
11
11
18
18
32
32
-25
20
20
28
50
71
41
39
35
32
52
37
33
33
50
50
10
10
10
10
10
17
17
17
35
-2
-2
-13
41
38
38
26
28
28
39
51
51
-7
2
2
35
35
5
43
50
50
-3
13
-3
54
4
29
29
59
29
29
-2
37
37
54
89
72
42
25
25
21
24
24
20
20
32
32
48
2
23
23
12
25
25
25
24
51
-4
-4
-10
-10
23
23
23
23
23
20
29
-10
13
13
58
58
58
53
42
26
25
17
17
17
17
50
50
45
45
45
45
45
43
12
34
32
26
26
44
44
9
58
89
89
54
54
6
6
28
28
20
98
103
-2
8
8
8
4
4
-11
-11
10
53
53
81
81
81
17
17
17
17
17
49
49
49
49
42
32
32
32
32
32
32
28
4
4
53
53
55
55
48
48
19
1
10
10
22
56
68
67
28
28
26
74
87
73
32
-7
21
23
37
44
57
66
56
54
72
61
-17
10
8
40
-13
43
64
71
53
12
39
37
53
54
54
13
33
16
43
60
72
67
39
13
-10
33
33
27
73
38
0
0
5
53
53
23
9
5
5
36
22
57
88
57
57
-11
50
50
53
34
45
33
67
42
42
23
39
39
36
21
51
65
67
69
77
42
34
36
58
38
38
6
39
39
57
81
117
106
136
149
-21
-61
-61
-61
-75
-20
32
32
11
32
64
40
40
50
35
40
40
40
50
61
36
36
1
1
17
25
53
66
70
17
17
66
41
74
76
10
19
21
45
58
-1
83
83
72
23
34
43
41
20
1
-17
34
40
54
54
29
58
55
56
113
40
20
20
49
57
34
42
44
53
53
52
22
44
-8
6
16
16
28
60
60
48
29
29
74
56
52
89
3
44
32
32
26
0
25
45
45
51
96
70
23
23
35
-66
-17
11
20
57
57
6
40
26
38
38
37
35
49
55
7
32
48
48
24
-6
49
88
88
35
38
27
27
-3
8
33
76
48
56
38
38
-6
49
58
58
71
68
23
19
19
4
21
23
36
2
50
88
33
19
74
60
27
20
41
50
59
72
24
-5
61
32
7
2
-8
21
23
10
17
0
42
36
53