0
187
209
186
23
-148
-138
-82
-100
-13
-27
19
-1
39
53
44
24
18
16
19
48
69
-6
28
23
12
51
5
20
54
-2
20
19
25
28
12
39
73
59
8
87
58
5
25
54
10
39
17
41
59
4
34
34
-5
19
27
-2
50
34
27
28
87
-12
39
-6
34
27
7
20
1
38
43
69
34
-3
68
24
60
55
26
7
21
19
34
10
-7
43
42
64
25
72
39
60
9
26
42
17
9
51
44
39
28
37
51
-12
21
65
1
16
43
22
3
20
21
68
37
57
3
-9
44
19
21
44
26
66
-2
8
34
43
60
53
7
20
20
11
10
20
51
5
8
75
59
35
66
72
28
51
44
18
-9
22
-14
25
55
3
-10
54
-6
33
22
54
39
70
48
51
55
7
65
29
82
27
24
36
39
28
33
68
32
57
13
26
56
34
-52
12
51
11
9
-1
-5
25
-5
23
39
60
33
38
44
54
55
16
48
2
19
22
9
43
35
44
43
38
8
52
34
1
21
22
0
36
37
23
12
32
9
34
8
17
28
20
11
75
35
49
59
64
50
32
17
51
52
34
9
6
33
34
89
119
108
-6
-11
-11
-20
-13
-23
-23
-54
-54
-10
-10
-10
-10
-10
5
133
-92
-83
-18
-18
42
42
37
37
37
23
13
13
38
44
44
55
59
40
7
27
27
48
43
55
55
7
37
55
55
55
55
80
73
73
73
73
73
73
73
39
39
20
39
39
18
44
44
41
41
36
-10
-10
-10
19
51
51
32
32
-4
65
65
44
20
20
72
45
45
35
35
53
53
29
12
9
68
59
-3
28
22
19
19
19
20
20
20
42
54
54
2
29
29
29
29
18
33
3
3
3
3
23
20
20
35
74
87
49
43
37
37
61
61
61
5
-2
22
22
22
22
67
67
27
27
66
64
19
58
92
92
35
20
20
40
54
56
81
56
56
27
10
10
-12
-12
-12
22
22
22
52
52
44
32
10
10
-24
11
11
16
69
69
27
27
27
27
2
-4
-2
-2
33
33
23
50
53
51
-27
-21
-26
-29
-14
35
73
73
73
73
17
57
27
-17
21
21
32
32
-1
66
22
22
7
1
1
49
3
19
19
19
19
19
-4
-4
5
5
36
36
36
36
36
36
36
10
10
90
21
21
26
35
18
52
52
52
38
38
71
48
48
48
23
72
72
49
28
28
28
28
28
-2
16
16
17
17
38
38
20
7
7
22
28
53
70
91
56
56
33
96
102
57
57
40
41
69
28
45
45
40
50
18
18
21
50
24
34
16
8
45
45
57
19
21
-21
-11
89
49
26
48
64
87
87
43
9
9
27
65
33
28
80
69
69
34
41
55
37
40
40
16
17
25
34
34
19
27
33
59
24
32
49
49
10
51
35
21
22
35
35
18
42
42
73
67
29
48
22
28
28
40
23
23
-7
7
28
60
82
66
43
43
43
19
25
23
18
25
32
51
20
43
42
37
32
32
25
24
24
41
85
54
56
27
27
11
20
57
57
23
45
4
66
66
82
82
119
-4
13
9
34
34
35
35
27
20
32
34
52
52
18
16
16
36
49
39
32
19
38
38
43
49
56
21
80
-3
35
40
40
89
25
25
38
5
-9
-5
57
57
82
51
59
72
56
37
28
32
25
25
29
28
-9
13
37
50
4
72
64
64
21
55
34
58
58
48
33
51
44
44
73
18
-26
33
33
21
56
56
50
33
34
77
77
67
92
-9
68
68
73
49
36
43
50
70
50
50
59
84
81
74
108
120
108
102
102
54
68
69
85
34
43
67
57
20
20
-7
4
4
65
-8
-8
-13
41
51
40
-1
82
97
41
57
56
75
48
54
29
33
36
18
48
33
24
2
23
27
40
32
26
37
19
-2
39
27
38
64
38
7
-6
1
19
36
50
40
24
26
2
22
5
-4
36
40
59
1
60
29
29
35
42
27
23
38
43
27
17
44
39
57
-4
17
43
21
10
4
0
-12
7
19
34
56
25
-3
26
22
41
96
49
27
11
27
48
44
42
28
32
11
56
69
-13
52
67
12
-19
37
33
29
-7
24
38
17
13
42
29
16
16
24
51
38
41
39
44
49
26
42
-9
52
10
73
36
45
-13
41
24
49
2
11
38
84
19
90
-22
44
-1
8
-2
19
32
44
11
36
118
90
-20
-10
-11
12
-1
37
59
39
51
-5
1
39
41
32
35
11
58
-4
-1
42
19
13
51
38
19
-26
-2
38
24
16
37
11
53
69
3
26
59
-19
49
43
43
36
37
80
60
24
34
44
4
12
67
58
24
40
-6
34
-7
32
-50
2
28
-59
112
108
3
57
-39
37
-44
76
27
10
27
149
6
-69
10
-3
-5
28