0
21
21
19
41
41
41
38
9
9
44
66
19
34
33
33
21
-27
-27
6
6
35
35
60
36
36
52
-7
-7
-7
-7
1
36
39
27
34
19
19
36
24
24
24
24
22
22
18
18
49
20
7
7
4
1
1
52
52
26
19
44
90
82
10
42
16
2
37
37
59
11
-11
-12
-12
32
32
45
45
32
32
53
53
48
48
55
55
-6
11
11
17
72
72
50
54
48
21
21
17
33
33
52
36
36
37
52
-5
-5
-5
41
37
37
16
17
17
18
18
48
35
49
75
37
32
-10
-10
19
-12
18
20
19
27
35
39
17
41
54
69
16
58
58
55
57
20
7
7
37
3
10
36
27
56
71
71
42
39
50
40
44
22
42
48
58
58
38
65
35
32
42
43
2
20
20
9
53
123
0
0
12
-97
-36
27
25
51
51
58
52
22
86
82
-1
-1
-3
35
35
56
-3
70
36
36
22
43
19
0
-2
17
17
72
42
42
69
84
70
36
36
42
38
-3
12
25
58
53
137
122
122
124
113
-6
-10
-29
-2
-2
-83
-43
-43
-10
-10
-10
36
36
52
55
26
5
123
88
88
68
84
93
188
188
218
87
87
32
21
-145
-68
-75
-53
-11
26
53
67
41
82
51
50
50
49
34
-9
43
43
40
23
9
52
52
54
59
67
25
52
48
48
70
21
48
19
13
-39
-27
74
33
33
20
-58
-51
-1
-1
17
34
19
19
39
12
-4
41
44
35
35
59
55
38
24
58
64
49
65
80
80
55
43
19
22
42
32
67
74
74
72
135
85
71
59
44
29
-163
-99
-138
-107
-50
33
33
70
2
48
9
39
29
58
58
17
17
24
41
17
49
67
68
68
84
45
45
80
67
90
73
73
96
108
168
66
-14
-148
-53
-90
-37
-11
12
21
48
44
24
69
98
52
119
185
325
341
196
12
-122
-162
-135
-100
-78
-60
-24
-36
-11
-59
151
5
8
19
53
-8
83
106
10
19
0
67
60
69
-2
2
25
49
56
2
27
34
56
-7
24
22
22
4
42
18
44
24
19
39
41
13
34
2
24
45
50
27
39
11
16
50
-20
56
21
39
9
35
9
28
6
-13
12
39
56
35
57
4
12
36
54
22
24
-22
12
38
50
26
41
57
37
-1
50
48
88
25
28
4
51
1
11
-11
12
48
59
69
23
10
43
36
7
26
28
34
35
12
51
9
16
41
38
38
58
38
70
72
7
66
134
177
210
130
91
-20
-129
-157
-168
-104
-72
-29
-11
18
50
16
-24
108
54
26
-13
-3
-38
6
26
39
19
53
49
40
49
75
42
53
76
65
21
54
18
38
41
4
27
2
38
12
36
44
34
4
25
37
43
6
44
27
2
-9
3
59
19
37
85
65
26
52
39
5
41
43
56
53
32
12
27
43
20
24
23
49
21
9
18
35
43
19
106
59
49
8
50
26
68
34
48
0
45
26
37
7
50
57
2
16
26
28
58
48
-24
16
2
48
38
32
26
51
27
35
-2
23
18
48
26
81
22
17
5
97
48
52
10
38
3
44
29
29
23
20
20
3
3
-13
-13
-24
-24
25
25
132
132
267
91
91
-51
5
8
-17
-23
-23
20
20
21
104
104
42
42
42
42
36
36
8
8
8
41
41
60
60
36
24
24
56
40
144
144
144
178
178
150
150
-10
-10
-90
-23
-23
-13
-13
-50
-50
-62
-17
-17
16
16
13
13
28
28
6
6
6
20
39
80
80
80
98
56
56
-8
24
24
35
35
7
42
42
42
32
32
37
37
17
-20
-20
-1
-1
-1
41
45
45
22
70
-17
-7
73
73
72
64
12
12
12
74
0
10
18
12
12
35
45
45
29
22
22
48
48
35
50
44
44
44
26
-7
-6
-6
32
22
-13
4
4
32
75
75
1
-8
-8
29
29
24
22
22
22
22
19
43
13
65
65
77
77
67
71
85
85
183
201
201
26
-12
-12
-22
59
59
27
27
27
27
27
27
0
-1
-1
22
22
22
22
1
1
53
32
37
6
44
44
45
51
51
48
48
29
48
48
58
39
39
0
22
27
-46
-46
51
51
64
2
83
83
109
109
109
109
12
-40
-40
-40
50
50
0
-34
-27
-27
-27
90
-10
-10
35
35
66
66
86
86
55
5
5
5
5
-36
-36
-21
-21
-5
25
25
56
12
12
16
16
21
67
67
45
44
61
36
36
40
40
55
58
58
60
49
42
42
70
48
48
24
36
9
24
24
43
54
51
18
18
18
10
-11
-11
54
24
24
19
49
58
84
108
104
17
108
97
108
36
8
16
38
38
48
-12
44
19
36
24
24
-6
21
27
41
10
102
58
58
82
9
13
41
41
44
37
85
138
138
72
16
-9
-2
-6
27
0
36
36
82
69
56
53
17
3