0
32
23
25
66
44
5
27
22
58
35
11
53
35
19
37
43
35
-18
0
0
35
52
44
36
11
45
33
16
37
52
24
3
-9
0
17
52
23
55
44
23
44
52
65
60
41
17
41
5
41
41
39
24
48
28
24
24
24
43
-67
-67
-38
9
9
38
34
34
16
16
16
10
10
12
12
-8
-8
54
54
54
32
32
34
44
44
28
26
26
24
24
37
37
37
37
37
20
20
8
26
26
102
69
69
38
38
68
22
22
22
32
53
43
43
67
61
61
61
80
37
87
32
32
32
32
49
49
18
18
26
26
50
27
13
40
40
59
17
17
38
65
65
1
-9
-9
-30
1
21
21
11
12
25
22
41
42
52
76
76
76
38
64
64
247
259
263
123
129
129
-5
-5
-81
-81
-364
-364
-364
-364
-364
-364
-340
-340
-316
-316
67
144
144
146
146
146
122
84
84
84
84
77
161
123
5
5
-3
39
39
74
74
5
69
69
10
7
7
36
36
34
34
17
17
106
106
106
106
106
106
19
19
-2
-14
-14
-14
22
41
86
86
132
13
13
13
13
13
13
-7
-21
-20
22
32
32
32
74
74
120
-41
-133
-171
-154
-135
-135
-58
-58
-58
-58
40
43
-23
-39
23
23
-5
86
86
86
76
43
43
57
53
53
82
10
10
40
32
32
56
48
70
38
26
4
4
4
4
26
18
0
-36
-88
-88
-49
-8
-8
-24
-7
-7
57
108
108
71
71
140
163
163
-119
-22
-22
-37
-29
-42
-42
1
1
36
36
18
18
-13
-13
112
119
119
56
-76
-129
-69
-8
22
22
22
32
8
36
36
56
-24
23
23
23
12
49
49
39
44
22
35
21
56
56
119
125
34
11
19
-7
-8
18
28
28
36
43
18
74
74
27
41
53
56
56
74
74
43
66
66
10
24
24
4
5
5
27
27
28
41
112
56
56
11
58
58
90
49
50
70
70
66
32
-28
59
135
133
133
186
178
-83
-66
-44
-52
-52
-33
44
44
48
44
9
40
-22
3
33
10
-46
39
36
3
18
61
26
19
39
53
276
229
146
146
148
-55
-26
48
40
123
252
185
145
155
164
-421
-439
-467
-407
-398
87
87
118
72
138
114
114
77
124
92
50
50
101
151
129
23
52
106
71
71
83
70
51
60
56
29
67
56
56
67
82
21
49
42
35
40
33
45
68
73
73
119
135
157
194
-72
-81
-81
-81
-98
-92
-135
-82
-59
-59
18
22
33
-2
42
65
77
70
70
65
41
60
85
85
98
61
61
82
135
153
105
87
22
22
5
-89
-40
-29
-29
-17
59
42
59
76
25
11
40
9
12
56
-3
55
81
2
100
38
55
55
72
66
410
418
439
472
-100
-235
-278
-278
-259
-137
-125
-89
-17
44
68
73
73
81
88
76
77
82
59
76
97
105
68
67
133
84
36
34
42
24
25
65
45
33
66
27
-5
29
23
5
6
32
37
48
42
9
5
5
64
34
65
6
7
36
12
41
20
41
64
38
66
25
-1
38
87
17
42
8
36
8
37
12
36
22
56
36
26
23
44
74
58
50
8
44
12
25
43
68
43
36
32
34
24
2
22
9
43
90
58
11
11
25
37
151
167
132
199
117
-23
-147
-161
-135
-76
-44
-8
57
0
26
28
84
35
55
44
17
-5
12
38
37
24
44
24
26
11
-10
66
21
48
60
69
72
37
72
19
25
58
35
41
27
67
48
25
12
9
49
45
13
7
116
40
21
42
8
4
36
25
44
36
24
17
34
6
37
33
38
21
54
34
81
1
-18
-11
5
-4
42
57
32
20
89
64
41
-1
81
90
27
55
2
-25
-5
53
-3
8
33
60
9
26
49
28
67
54
34
51
50
56
45
45
54
-18
36
34
26
35
70
-2
13
48
16
37
67
4
-20
96
26
27
35
7
54
85
51
3
16
-2
25
-2
8
44
54
25
53
57
32
11
17
6
69
27
18
66
12
21
5
21
37
19
4
27
27
18
56
54
45
36
4
44
25
7
51
44
23
50
17
-20
16
37
23
28
34
28
7
20
41
57
18
53
22
22
22
6
5
5
-13
-18
-18
29
29
29
29
29
2
-4
27
60
38
38
38
5
5
21
21
11
64
41
41
41
41
10
37
1
-1
-1
-1
42
42
42
42
41
41
27
16
16
68
68
68
68
1
1
43
43
56
72
72
39
52
52
66
44
44
34
34
34
34
41
41
39
37
37
22
2
2
51
51
52
38
38
48
24
24
24
24
24
49
26
11
11
36
16
16
19
19
12
12
4
25
25
8
9
-2
24
24
2
38
38
20
13
6
6
9
45
45
40
11
11
-19
-19
25
25
9
48
48
48
45
45
27
22
22
44
44
194
134
134
84
-52
-161
-161
-85
-35
-35
-13
-13