0
18
18
-11
39
53
16
13
51
150
201
120
154
-5
-102
-149
-121
-116
-69
-39
6
-5
16
32
6
2
27
-5
93
29
83
112
86
65
99
88
65
38
71
-13
57
8
24
41
-20
-22
48
10
37
33
37
-19
68
33
26
48
48
24
18
41
85
89
121
80
80
82
82
82
82
-13
-13
-13
-137
-137
-86
-22
-22
-12
-12
-12
134
134
326
326
326
-90
-28
-28
22
22
22
85
43
43
83
104
104
104
104
58
-6
-6
21
21
-4
5
86
86
86
44
45
45
6
6
6
6
39
21
70
35
35
22
22
13
13
13
13
35
22
22
22
-2
-14
-14
36
2
2
26
50
50
50
50
50
57
57
73
73
-10
-22
-21
-20
11
13
10
17
48
8
8
44
44
52
56
56
44
44
44
44
44
44
44
39
60
60
34
34
23
41
41
42
26
33
0
51
51
24
52
70
50
50
85
68
40
72
72
89
11
10
52
52
48
33
45
45
45
45
45
5
51
51
43
26
26
20
20
20
27
54
35
35
54
-20
-20
49
49
49
17
40
28
37
37
37
27
27
41
41
41
68
68
68
13
25
25
-22
149
19
19
-5
-5
-27
10
10
6
65
96
22
67
67
84
6
37
42
-1
-29
37
37
59
59
59
21
18
36
42
42
60
60
-13
35
35
34
37
37
18
18
12
43
43
39
55
55
51
21
44
39
-2
-2
25
44
32
32
-12
18
18
27
27
17
17
57
57
39
32
7
68
28
28
0
0
48
41
43
43
12
43
45
42
44
80
37
37
53
134
-6
50
10
-2
-2
-29
24
24
8
18
7
26
67
67
5
37
37
-21
56
18
-1
-1
17
28
2
22
18
58
32
19
19
36
41
67
28
28
24
68
42
11
29
54
-2
56
43
50
50
70
40
40
45
55
9
16
34
54
54
72
35
60
64
54
82
8
25
55
3
3
3
-19
-19
-28
-13
21
42
5
8
22
22
21
22
59
56
56
29
27
68
4
23
41
41
24
19
42
19
19
72
157
160
154
154
-9
-49
-78
-78
-45
4
9
-35
10
26
26
32
16
16
23
43
11
9
57
48
13
91
57
35
51
38
-35
66
53
32
52
11
70
24
24
1
-5
33
71
74
73
49
72
72
0
0
8
75
75
104
81
83
21
21
20
10
28
18
22
5
5
5
82
82
71
80
-29
24
51
59
59
23
36
33
17
44
36
36
36
33
4
41
52
40
44
41
64
56
37
33
44
36
9
25
25
43
36
148
169
213
208
208
-102
-69
-93
-51
-101
-22
-42
-42
33
43
9
59
59
66
-26
-3
41
41
57
3
43
55
59
49
49
37
10
48
35
35
49
57
57
83
74
61
61
178
153
141
120
-2
-113
-135
-105
-38
-54
-17
36
56
81
65
54
44
81
97
38
66
59
64
193
277
245
140
87
-56
-167
-172
-203
-91
-102
-72
-3
-9
18
87
97
107
21
49
74
55
71
84
61
17
11
57
16
28
48
26
17
33
24
-37
-1
5
93
59
6
59
28
36
76
-21
52
52
20
42
54
-2
-9
11
37
49
138
251
192
179
108
120
76
-38
-33
-85
-146
-211
-137
-91
-42
-17
5
-23
38
52
-14
25
3
80
102
82
116
106
133
128
122
121
58
8
75
52
114
27
77
69
98
100
29
-17
-40
-24
-24
-24
-43
-37
-99
-158
-235
-183
-120
-90
-26
-6
56
89
165
221
161
116
102
193
243
258
340
385
337
235
58
-57
-121
-123
-59
-88
42
52
91
-75
-69
-199
-196
-179
-135
-82
-75
-29
-35
-49
-17
-27
-26
-49
48
33
16
26
58
59
-10
81
50
65535
36
23
0
45
71
49
72
69
131
205
173
229
164
50
-56
-141
-67
-53
-6
-53
1
-9
26
88
53
56
50
55
71
80
96
160
179
204
185
58
-77
-102
-98
-93
-67
-22
-9
23
54
70
41
162
81
18
-8
-27
-3
-10
4
50
4
67
45
12
-1
41
19
12
33
-5
120
73
147
64
22
-4
-4
-9
5
65
59
70
44
18
45
22
40
-19
22
43
39
16
76
3
51
22
72
76
37
36
18
18
5
23
60
68
68
54
-9
-9
-13
-13
2
3
3
3
-17
-33
-33
12
-4
-4
25
25
25
57
57
24
24
21
16
16
-53
-36
70
70
70
49
49
98
-29
-29
6
21
19
17
1
1
9
11
7
7
7
35
35
35
44
55
-12
-12
18
3
3
33
33
33
21
11
11
-35
-28
-28
8
12
12
6
7
7
40
20
66
66
56
56
28
28
45
139
139
97
97
59
49
49
26
26
21
32
32
32
32
76
58
-73
-73
-52
-40
34
34
-10
-17
36
-10
3
3
3
16
43
43
27
27
41
41
51
34
34
41
39
39
13
-20
-20
-20
52
36
36
59
48
64
64
59
25
25
9
49
49
49
49
44