0
40
2
54
17
28
71
28
2
16
49
19
27
20
16
16
11
2
11
69
68
24
64
17
-4
-3
22
27
55
26
42
-2
34
-1
-10
36
29
60
69
64
28
37
22
34
11
66
57
-3
12
27
39
32
16
52
26
18
36
22
26
50
-10
18
49
6
40
-10
19
22
7
16
-2
40
68
28
117
102
209
297
195
67
-83
-167
-180
-133
-68
-41
-19
10
-12
-14
-17
27
24
12
-6
-17
16
34
26
57
73
36
68
42
57
64
67
107
101
6
53
36
39
-4
92
49
17
22
41
35
-17
21
33
39
83
146
164
164
125
92
81
25
-1
38
-46
-83
-57
-56
-39
-12
-24
-6
-14
66
52
37
22
17
32
40
25
35
41
26
19
21
28
33
50
66
53
36
54
32
49
28
6
64
43
40
25
18
20
49
12
40
20
7
57
33
21
18
51
35
36
24
43
24
37
33
43
19
6
35
34
24
35
12
5
7
39
58
52
32
24
43
50
58
73
33
64
24
17
38
54
25
18
16
27
26
44
22
41
42
24
19
18
35
17
40
16
21
66
16
61
60
20
13
56
25
49
59
4
42
28
49
38
13
22
23
49
33
65
29
33
16
32
38
38
36
21
21
21
21
-59
-59
7
7
7
40
40
-13
29
29
55
18
18
33
25
25
38
35
16
41
41
32
27
27
41
41
41
41
41
53
53
59
0
0
34
34
39
39
39
40
51
5
10
10
40
-2
-2
12
45
45
25
25
25
8
8
0
0
76
48
48
28
-8
7
7
27
27
27
69
69
44
48
58
29
17
17
37
56
56
24
24
42
42
11
22
22
16
11
17
17
20
40
66
21
36
36
36
27
27
-4
-4
1
-27
-22
6
69
69
32
37
37
37
37
-20
-20
27
0
0
12
12
13
13
13
13
51
22
22
66
24
24
55
52
52
10
28
28
20
17
17
17
17
17
28
50
50
0
49
49
42
42
49
49
41
41
55
55
36
41
5
23
23
35
35
35
35
35
39
71
70
-3
16
35
51
26
38
38
26
26
10
18
18
18
40
40
35
35
40
43
43
37
23
23
58
56
56
23
38
26
24
24
11
11
1
1
1
2
2
2
68
68
34
-17
-17
-17
17
17
18
50
50
50
50
42
42
60
60
44
19
19
20
20
67
48
48
48
48
40
19
19
12
12
20
16
16
33
33
24
35
35
6
12
12
42
10
1
19
24
18
20
18
18
72
84
89
81
71
52
27
66
53
53
23
33
33
24
17
37
-3
24
22
23
18
87
115
123
337
23
23
22
-39
-157
-108
-90
-76
-28
17
17
18
37
33
58
75
96
102
59
36
48
71
76
71
68
40
48
60
48
34
36
12
25
29
32
22
24
55
55
71
39
51
69
23
-4
43
59
59
67
32
57
44
44
17
-1
1
29
-14
-14
6
11
11
29
11
37
59
59
59
42
19
28
48
41
41
50
22
52
33
33
48
48
39
52
10
32
32
16
11
52
25
37
36
36
66
17
17
53
58
7
-2
5
19
19
21
42
36
27
37
53
33
49
49
10
6
-10
3
3
16
51
7
7
12
32
17
19
23
23
32
39
56
56
54
54
2
39
21
21
32
32
9
27
29
53
57
34
28
29
29
25
38
33
33
44
38
21
32
40
70
70
0
84
21
21
50
10
10
50
40
24
80
82
55
55
22
17
17
7
29
37
29
39
50
51
44
33
12
11
-6
33
29
29
29
54
55
27
43
43
37
10
71
71
34
18
45
40
17
17
17
23
35
35
33
33
18
37
52
1
1
55
43
17
32
32
25
19
5
80
48
48
60
22
80
70
38
49
3
51
44
77
56
11
58
45
35
82
43
51
13
56
39
41
37
27
16
11
11
6
16
34
26
33
43
58
33
8
8
23
51
43
42
-5
38
-3
55
76
45
18
9
28
3
-3
24
27
32
19
58
58
40
4
10
52
53
35
21
34
33
27
51
17
32
17
60
21
40
29
4
37
16
-21
12
27
20
33
20
42
34
48
55
2
60
27
28
3
-11
12
21
37
51
27
21
17
44
42
33
39
74
19
28
11
25
-6
9
22
38
27
32
56
-12
86
28
59
57
43
13
56
-3
12
43
7
6
-10
32
3
33
17
38
35
35
52
34
19
37
52
16
21
32
27
52
61
23
65
-1
34
35
24
19
27
28
53
33
34
45
28
61
28
21
52
5
44
58
71
23
48
67
32
7
-5
-38
22
12
27
34
60
36
60
24
28
10
18
22
54
58
10
23
9
43
45
38
8
52
38
60
9
-20
32
27
41
38
12
6
33
59
25
25
58
43
19
25
34
23
48
45
-4