0
17
40
22
50
-4
36
17
65
38
7
26
4
42
21
25
67
8
59
40
33
43
68
97
44
39
34
34
34
34
29
34
-11
26
24
19
-12
33
20
51
74
43
44
27
83
81
81
56
56
56
-3
-3
-9
-9
2
-3
-3
-3
-3
28
28
-8
-22
-22
1
1
43
43
43
53
53
74
22
22
52
52
58
48
27
27
27
41
41
40
-10
61
61
29
29
35
-4
-6
-6
-6
1
6
75
48
35
35
35
44
20
-34
-34
-34
37
35
32
27
55
55
40
40
0
23
23
72
72
40
44
60
-24
26
26
26
49
49
49
16
55
48
44
19
19
148
169
169
103
97
84
-2
-2
-2
4
-17
-17
27
27
-8
-8
-8
26
26
-7
-7
-7
58
52
52
38
38
76
35
35
22
22
36
24
24
17
35
21
21
27
27
27
185
204
204
204
-36
-36
-29
-29
12
17
17
24
24
45
40
21
41
33
33
59
59
49
-6
32
-20
-20
-26
23
17
17
17
55
16
16
69
73
73
45
40
40
88
88
26
26
22
-2
28
66
66
1
1
1
1
-7
77
77
10
10
42
33
58
-29
-29
-29
-34
-34
-19
1
1
52
52
52
65
65
50
67
67
56
11
11
11
11
11
18
54
54
20
59
59
59
59
41
43
43
43
19
-30
60
66
66
65
9
9
41
41
41
16
-5
-5
-5
-5
57
57
57
35
35
41
41
12
19
19
-2
-2
-2
134
-49
-49
7
7
-22
51
51
33
36
42
39
71
51
51
41
8
24
10
8
34
29
55
69
59
33
16
0
25
72
72
65
81
34
37
37
57
34
34
10
72
26
7
20
35
35
36
90
90
93
100
32
24
39
39
35
7
81
32
32
38
35
32
51
60
28
24
50
60
28
28
26
40
82
44
53
84
84
-14
17
17
65
43
33
33
36
41
27
12
40
40
44
53
54
16
16
24
39
20
101
101
37
89
38
72
99
82
41
41
41
54
18
38
-19
26
35
35
-88
-107
-140
-114
-114
-107
-66
-66
-37
61
32
-135
-39
169
169
305
76
99
-233
-233
721
1066
1066
950
788
514
485
485
312
260
217
217
89
85
85
60
41
41
40
39
-40
-339
-556
-529
-529
-547
-808
-793
-778
-778
-632
-534
-534
-552
-465
-374
-821
-344
-668
-668
-552
455
166
-5
132
132
2001
1891
1785
1585
-125
-18
83
83
179
137
39
2
2
-325
-557
-546
-531
-637
-541
-374
-380
-380
-264
26
33
92
112
112
80
-68
-68
-296
-439
-258
-531
67
572
572
417
56
56
17
20
-94
404
507
564
651
651
-3
-91
-161
-134
-199
-101
-114
-114
-97
-11
43
53
53
21
139
188
105
123
123
170
136
133
183
183
-42
-24
25
32
32
36
64
-220
-43
8
7
-29
17
16
307
117
24
-120
-30
-117
12
-12
87
197
474
760
673
529
230
-65
-358
-339
-337
-194
-137
-38
43
85
93
115
152
97
104
144
64
53
96
71
7
41
67
21
72
18
74
60
56
26
76
38
60
96
11
25
72
52
35
24
6
49
28
74
32
98
181
332
348
363
231
116
4
-4
-213
-343
-477
-397
-309
-221
-136
23
160
215
262
185
160
101
246
138
152
165
83
148
112
180
192
183
-33
-103
-118
-107
-78
-82
-81
-17
-37
-26
-34
2
-3
-4
38
73
36
21
65
28
17
85
68
45
40
42
35
61
51
21
69
59
33
-7
40
25
-18
73
114
26
44
-23
-17
-12
7
-21
-61
45
52
100
-9
32
-2
-24
82
19
44
83
33
-4
85
45
22
-18
27
64
43
60
38
59
-29
0
-14
65
-9
48
-8
25
16
70
67
24
3
-3
-8
-23
28
17
65
50
32
96
6
24
49
3
43
19
54
16
27
65
68
23
115
115
145
86
16
11
-24
-4
-35
32
10
50
24
23
19
5
-25
73
26
68
44
55
114
2
72
1
3
-10
-19
16
72
0
77
306
513
501
177
-199
-373
-457
-377
-246
-145
-40
13
32
107
131
85
74
98
77
88
76
59
52
16
42
36
-1
53
60
41
41
20
-2
1
21
54
37
17
42
-12
49
53
32
-11
-4
34
34
2
2
42
0
0
0
-7
-7
23
-17
8
8
33
24
24
42
41
41
44
65
21
42
42
54
41
41
41
48
9
9
11
11
11
25
25
124
120
120
248
248
-130
-110
-98
-37
-68
-68
32
49
49
49
9
4
-22
-22
-45
-45
-45
-18
10
10
154
35
35
24
24
-9
-30
-30
53
48
41
41
18
66
66
92
90
90
66
72
26
18
34
34
53
53
6
34
34
106
132
132
41
41
41
-8
-8
40
40
38
38
75
43
43
50
25
25
32
36
36
36
36
36
32
41
39
-3
-3
-49
54
54
54
24
24
24
48
48
61
57
56
10
28
28
58
58
54
54
54
-7
-7
51
51
51
51
35
38
40
35
-7
5
5
4
4