0
52
57
90
90
67
20
51
52
59
90
84
86
92
39
0
83
37
24
33
4
17
40
49
49
27
16
16
22
45
17
-13
-11
-39
-39
48
113
113
134
276
-108
-100
-93
-115
-86
-51
-51
-34
-39
-9
28
85
73
73
0
73
54
67
40
40
37
9
48
37
37
50
27
27
22
19
13
54
54
56
59
8
19
19
24
13
17
17
8
23
57
22
26
43
70
68
65
83
74
75
107
107
51
51
13
75
204
152
154
213
268
-182
-231
-244
-245
-173
-66
-61
-43
-26
7
57
57
120
72
48
72
72
67
52
98
53
-10
12
12
36
-25
20
1
8
88
-19
36
70
45
45
59
4
60
86
86
50
28
12
40
40
96
35
116
34
34
-37
13
23
37
50
58
42
76
84
93
93
80
32
33
72
54
58
60
90
33
102
8
18
49
39
67
67
-8
-18
3
-2
-19
35
8
-2
40
1
57
24
10
48
57
-18
32
28
32
82
18
23
24
-17
7
53
59
-26
5
29
53
73
48
9
28
38
16
16
53
38
53
50
0
33
-5
0
58
54
57
17
10
-6
19
51
27
-2
45
22
35
52
53
5
-12
112
100
51
60
1
-8
3
2
6
66
44
32
12
5
16
43
42
44
9
17
45
35
-10
21
58
27
26
41
45
20
48
20
7
25
0
27
24
18
36
20
40
19
12
37
44
37
43
38
139
201
196
229
96
-19
-188
-197
-86
-119
-65
-23
-24
-4
39
85
82
59
67
66
59
57
60
72
32
85
69
70
37
13
-2
9
7
22
28
35
9
11
10
11
34
26
20
66
34
13
23
54
55
51
73
39
25
20
45
37
16
39
55
10
77
9
10
50
2
57
56
10
40
33
28
38
84
66
69
22
-13
2
0
38
5
25
43
49
19
20
23
4
61
44
54
-3
-6
8
21
25
20
21
29
44
18
43
44
18
38
53
40
22
-17
-13
69
55
43
-4
48
43
83
48
42
80
69
10
44
21
39
36
24
36
33
32
40
20
5
43
11
35
71
139
272
293
249
225
146
21
-35
-33
-92
-145
-145
-213
-241
-348
-356
-356
-340
-243
-243
-263
-141
-141
-141
0
114
114
133
124
124
90
90
90
92
92
61
61
64
56
56
58
49
35
35
49
0
0
37
37
42
42
2
2
2
49
49
10
35
35
12
12
16
25
25
25
4
35
38
8
8
67
67
36
45
45
51
55
3
20
20
44
44
44
27
45
45
34
34
85
19
19
19
50
50
34
32
32
32
28
28
28
22
22
33
10
10
37
5
5
5
5
7
17
17
17
-2
4
9
9
9
-5
35
27
45
45
49
49
49
49
49
12
23
16
16
21
23
55
55
65
65
17
17
-1
11
25
25
25
36
36
39
39
40
25
21
-6
48
48
54
41
41
20
20
26
26
26
26
24
24
23
23
-6
33
33
33
39
39
93
93
56
27
27
73
73
-46
2
43
57
57
76
4
4
40
22
40
7
7
48
48
55
43
42
7
9
9
69
69
57
54
80
4
4
-4
58
52
61
34
34
23
23
18
39
36
28
28
3
7
7
-6
107
107
194
194
-7
-166
-166
-145
-145
-145
-151
-52
-52
-52
-11
-11
-1
33
34
50
50
34
34
-10
3
6
6
26
64
64
50
50
66
66
66
60
65
21
48
48
48
41
41
26
26
57
41
41
28
66
66
89
41
24
25
25
16
41
19
23
20
48
48
48
36
34
34
34
37
52
58
59
59
19
51
26
22
35
49
16
16
25
32
0
51
74
70
70
36
43
43
48
41
28
40
40
42
70
59
5
5
25
-8
-26
32
32
41
34
-25
50
50
48
64
64
-8
53
53
23
1
1
-21
11
12
60
48
45
60
60
37
83
82
33
73
73
82
97
68
0
0
11
9
-27
-8
48
17
17
5
28
28
48
52
27
86
93
76
38
-37
28
12
34
0
5
-3
32
-28
43
53
38
21
53
44
18
67
52
52
21
17
36
70
70
97
-3
39
39
12
23
59
82
82
24
3
20
56
38
8
52
38
38
60
75
51
17
44
24
24
10
4
21
0
12
8
32
32
13
32
85
71
71
98
-6
-33
-44
18
-3
16
29
50
25
50
18
67
87
87
45
29
25
29
37
54
54
18
44
44
38
60
19
42
36
21
21
23
51
51
42
28
43
41
50
52
48
16
33
10
26
26
53
-2
-2
17
17
29
29
54
64
64
59
10
9
-6
42
21
38
52
75
69
69
39
17
68
84
70
70
29
19
28
34
27
194
224
220
219
150
-124
-181
-125
-75
0
1
50
37
61
67
60
52
23
48
19
75
65
75
64
53
72
28
54
35
74
58
56
24
38
37
-8
48
81
5
9
27
25
27
58
44